0 3 0 1 1
1 2 0 4 1
2 2 0 1 2
3 4 0 1 3
4 3 0 4 4
5 1 1 1 5
6 1 0 4 5
7 5 0 4 6
8 2 0 1 7
9 1 1 4 7
10 3 0 1 8
11 2 0 4 8
12 2 0 4 9
13 4 0 4 10
14 4 0 1 11
15 1 0 4 12
16 2 0 4 13
17 1 1 1 13
18 3 3 0 0
19 3 4 0 0
20 3 3 0 11
21 3 4 0 11
22 2 3 1 14
23 2 4 1 14
24 4 0 4 15
25 2 1 1 16
26 2 3 1 16
27 2 4 1 16
28 2 2 1 17
29 1 2 1 18
30 4 0 4 19
31 4 0 4 20
32 2 2 4 2
33 2 5 0 0
34 4 5 1 1
35 4 5 4 6
36 3 6 1 17
37 2 7 1 2
38 4 0 4 21
39 3 4 4 22
40 4 0 4 23
41 3 6 1 13
42 3 0 4 24
43 2 3 1 25
44 1 0 4 25
45 3 0 4 26
46 1 5 4 27
47 3 0 4 27
48 3 8 0 0
49 3 9 0 0
50 1 9 1 7
51 5 3 4 6
52 5 4 4 6
53 5 7 4 6
54 4 0 4 28
55 3 3 4 22
56 1 2 4 29