0 3 0 1 1
1 2 0 4 1
2 2 0 1 2
3 4 0 1 3
4 3 0 4 4
5 2 0 1 5
6 1 1 4 5
7 5 0 4 6
8 2 0 1 7
9 1 0 4 7
10 3 0 1 8
11 2 0 4 8
12 2 0 4 9
13 4 0 1 16
14 4 0 0 11
15 1 0 4 12
16 2 0 4 13
17 1 1 1 13
18 3 3 0 0
19 3 4 0 0
20 3 3 0 11
21 3 4 0 11
22 2 8 4 35
23 2 4 4 35
24 4 0 4 15
25 2 1 1 16
26 2 3 1 16
27 2 4 1 16
28 2 2 1 17
29 1 0 1 18
30 4 0 4 19
31 4 0 4 20
32 2 2 4 2
33 2 5 0 0
34 3 5 1 1
35 4 5 4 6
36 3 6 1 17
37 4 7 0 0
38 4 0 4 21
39 2 4 0 22
40 4 0 1 23
41 3 6 1 13
42 3 0 4 24
43 2 3 1 25
44 1 21 4 25
45 3 0 4 26
46 2 0 4 44
47 3 0 4 27
48 3 8 1 16
49 3 9 0 42
50 1 9 1 7
51 5 3 4 6
52 4 4 4 6
53 5 7 4 6
54 4 0 1 28
55 3 3 0 22
56 1 2 4 29
57 1 20 4 30
58 2 21 4 31
59 3 0 4 32
60 1 1 4 33
61 1 2 1 33
62 3 10 0 0
63 3 10 4 15
64 2 11 1 1
65 2 15 1 1
66 2 1 1 15
67 2 12 0 22
68 3 11 0 0
69 4 0 4 34
70 4 0 4 36
71 3 0 4 37
72 3 0 1 14
73 5 0 0 42
74 4 11 0 42
75 3 0 1 39
76 1 13 4 6
77 3 1 4 40
78 1 13 4 40
79 1 1 4 41
80 2 14 1 1
81 2 0 4 43
82 2 3 0 45
83 2 4 0 45
84 2 10 0 45
85 2 8 0 45
86 2 11 0 45
87 2 0 1 46
88 3 0 4 47
89 4 0 4 48
90 3 0 0 49
91 4 2 1 50
92 2 6 4 51
93 1 2 4 39
94 1 0 1 52
95 4 1 1 53
96 5 3 1 53
97 5 4 1 53
98 1 10 1 53
99 5 14 1 53
100 4 15 0 0
101 2 15 4 43
102 2 15 4 4
103 2 15 4 24
104 2 15 4 26
105 2 15 4 32
106 3 16 4 24
107 3 16 4 26
108 3 16 4 43
109 2 17 1 25
110 2 17 1 2
111 2 17 4 9
112 2 12 4 10
113 4 18 0 11
114 4 18 4 46
115 4 18 4 37
116 3 18 4 14
117 3 10 4 34
118 4 18 4 12
119 4 0 4 54
120 4 0 4 55
121 4 0 4 56
122 4 18 4 56
123 2 0 4 57
124 1 1 4 58
125 1 2 1 58
126 1 10 4 58
127 3 12 4 6
128 2 18 1 58
129 8 20 1 59
130 4 0 4 60
131 3 3 4 48
132 4 19 0 0
133 1 19 1 25
134 4 19 1 23
135 3 19 4 48
136 2 5 0 11
137 4 0 4 66
138 3 0 4 64
139 8 20 0 61
140 4 0 0 62
141 1 20 4 63
142 1 0 4 67
143 3 0 4 68
144 1 2 4 69
145 3 0 4 70
146 1 22 1 25
147 5 22 4 6
148 5 22 0 42
149 2 22 4 9
150 3 23 4 55
151 1 23 0 45
152 4 23 0 38
153 3 23 0 24
154 4 0 4 71
