[0] 
[0] [0] 0.42 0.5043522 0.5022365 0.4928162 0.4311019 0.4139177 0.42 0.42 0.42 [1] 0.42 0.5068604 0.4349148 0.42 0.42 0.42 0.42 0.42 0.42 [2] 0.42 0.3234345 0.1803465 0.42 0.42 0.42 0.42 0.42 0.42 [3] 0.42 0.42 0.3816554 0.4846714 0.42 0.417762 0.42 0.42 0.42 [4] 0.42 0.42 0.3679333 0.4984643 0.42 0.4578436 0.42 0.42 0.42 [5] 0.42 0.3790174 0.4026786 0.42 0.4091915 0.42 0.42 0.42 0.42 [6] 0.42 0.3889087 0.42 0.3729001 0.42 0.42 0.42 0.42 0.42 [7] 0.42 0.42 0.3816772 0.42 0.42 0.4054186 0.42 0.42 0.42 [8] 0.42 0.42 0.42 0.3937714 0.42 0.42 0.42 0.42 0.42 [9] 0.42 0.4282476 0.42 0.4804083 0.42 0.42 0.42 0.42 0.42 [10] 0.42 0.42 0.3633603 0.4029807 0.4080528 0.42 0.42 0.42 0.42 [11] 0.42 0.42 0.4227186 0.4516996 0.42 0.42 0.42 0.42 0.42 [12] 0.42 0.42 0.4060383 0.42 0.42 0.42 0.42 0.42 0.42 [13] 0.42 0.42 0.42 0.3769581 0.42 0.42 0.42 0.42 0.42 
[1] [0] 0.42 0.42 0.42 0.42 0.42 0.42 0.42 0.42 0.42 [1] 0.42 0.42 0.42 0.42 0.42 0.42 0.42 0.42 0.42 [2] 0.42 0.42 0.42 0.42 0.42 0.42 0.42 0.42 0.42 [3] 0.42 0.42 0.42 0.42 0.42 0.42 0.42 0.42 0.42 [4] 0.42 0.42 0.42 0.42 0.42 0.42 0.42 0.42 0.42 [5] 0.42 0.42 0.42 0.42 0.42 0.42 0.42 0.42 0.42 [6] 0.42 0.42 0.42 0.42 0.42 0.42 0.42 0.42 0.42 [7] 0.42 0.42 0.42 0.42 0.42 0.42 0.42 0.42 0.42 [8] 0.42 0.42 0.42 0.42 0.42 0.42 0.42 0.42 0.42 [9] 0.42 0.42 0.42 0.42 0.42 0.42 0.42 0.42 0.42 [10] 0.42 0.42 0.42 0.42 0.42 0.42 0.42 0.42 0.42 [11] 0.42 0.42 0.42 0.42 0.42 0.42 0.42 0.42 0.42 [12] 0.42 0.42 0.42 0.42 0.42 0.42 0.42 0.42 0.42 [13] 0.42 0.42 0.42 0.42 0.42 0.42 0.42 0.42 0.42 
[2] [0] 0.42 0.42 0.42 0.42 0.42 0.42 0.42 0.42 0.42 [1] 0.42 0.42 0.42 0.42 0.42 0.42 0.42 0.42 0.42 [2] 0.42 0.42 0.42 0.42 0.42 0.42 0.42 0.42 0.42 [3] 0.42 0.42 0.42 0.42 0.42 0.42 0.42 0.42 0.42 [4] 0.42 0.42 0.42 0.42 0.42 0.42 0.42 0.42 0.42 [5] 0.42 0.42 0.42 0.42 0.42 0.42 0.42 0.42 0.42 [6] 0.42 0.42 0.42 0.42 0.42 0.42 0.42 0.42 0.42 [7] 0.42 0.42 0.42 0.42 0.42 0.42 0.42 0.42 0.42 [8] 0.42 0.42 0.42 0.42 0.42 0.42 0.42 0.42 0.42 [9] 0.42 0.42 0.42 0.42 0.42 0.42 0.42 0.42 0.42 [10] 0.42 0.42 0.42 0.42 0.42 0.42 0.42 0.42 0.42 [11] 0.42 0.42 0.42 0.42 0.42 0.42 0.42 0.42 0.42 [12] 0.42 0.42 0.42 0.42 0.42 0.42 0.42 0.42 0.42 [13] 0.42 0.42 0.42 0.42 0.42 0.42 0.42 0.42 0.42 
[1] 
[0] [0] 0.42 0.42 0.42 0.42 0.42 0.42 0.42 0.42 0.42 [1] 0.42 0.42 0.42 0.42 0.42 0.42 0.42 0.42 0.42 [2] 0.42 0.42 0.42 0.42 0.42 0.42 0.42 0.42 0.42 [3] 0.42 0.42 0.42 0.42 0.42 0.42 0.42 0.42 0.42 [4] 0.42 0.42 0.42 0.42 0.42 0.42 0.42 0.42 0.42 [5] 0.42 0.42 0.42 0.42 0.42 0.42 0.42 0.42 0.42 [6] 0.42 0.42 0.42 0.42 0.42 0.42 0.42 0.42 0.42 [7] 0.42 0.42 0.42 0.42 0.42 0.42 0.42 0.42 0.42 [8] 0.42 0.42 0.42 0.42 0.42 0.42 0.42 0.42 0.42 [9] 0.42 0.42 0.42 0.42 0.42 0.42 0.42 0.42 0.42 [10] 0.42 0.42 0.42 0.42 0.42 0.42 0.42 0.42 0.42 [11] 0.42 0.42 0.42 0.42 0.42 0.42 0.42 0.42 0.42 [12] 0.42 0.42 0.42 0.42 0.42 0.42 0.42 0.42 0.42 [13] 0.42 0.42 0.42 0.42 0.42 0.42 0.42 0.42 0.42 
[1] [0] 0.42 0.4691288 0.4661782 0.4345464 0.4186144 0.4033349 0.42 0.42 0.42 [1] 0.42 0.4741304 0.414218 0.42 0.42 0.42 0.42 0.42 0.42 [2] 0.42 0.3087979 0.2078961 0.42 0.42 0.42 0.42 0.42 0.42 [3] 0.42 0.42 0.3849401 0.4491844 0.42 0.4216621 0.42 0.42 0.42 [4] 0.42 0.42 0.4030714 0.4581993 0.42 0.4254661 0.42 0.42 0.42 [5] 0.42 0.3804892 0.3748616 0.42 0.3756134 0.42 0.42 0.42 0.42 [6] 0.42 0.3995847 0.42 0.3949972 0.42 0.42 0.42 0.42 0.42 [7] 0.42 0.42 0.4009505 0.42 0.42 0.3992978 0.42 0.42 0.42 [8] 0.42 0.42 0.42 0.3526543 0.42 0.42 0.42 0.42 0.42 [9] 0.42 0.429953 0.42 0.4614127 0.42 0.42 0.42 0.42 0.42 [10] 0.42 0.42 0.3913229 0.3928066 0.406394 0.42 0.42 0.42 0.42 [11] 0.42 0.42 0.4160852 0.3970158 0.42 0.42 0.42 0.42 0.42 [12] 0.42 0.42 0.380166 0.42 0.42 0.42 0.42 0.42 0.42 [13] 0.42 0.42 0.42 0.3831919 0.42 0.42 0.42 0.42 0.42 
[2] [0] 0.42 0.4964567 0.4978011 0.4992269 0.451555 0.4326291 0.42 0.42 0.42 [1] 0.42 0.5107687 0.4332341 0.42 0.42 0.42 0.42 0.42 0.42 [2] 0.42 0.3257394 0.1896516 0.42 0.42 0.42 0.42 0.42 0.42 [3] 0.42 0.42 0.4068263 0.4820581 0.42 0.423985 0.42 0.42 0.42 [4] 0.42 0.42 0.3784851 0.493505 0.42 0.4665738 0.42 0.42 0.42 [5] 0.42 0.3616304 0.398467 0.42 0.3987226 0.42 0.42 0.42 0.42 [6] 0.42 0.4019277 0.42 0.3870398 0.42 0.42 0.42 0.42 0.42 [7] 0.42 0.42 0.4251021 0.42 0.42 0.406888 0.42 0.42 0.42 [8] 0.42 0.42 0.42 0.3669606 0.42 0.42 0.42 0.42 0.42 [9] 0.42 0.4378445 0.42 0.4995577 0.42 0.42 0.42 0.42 0.42 [10] 0.42 0.42 0.3758982 0.3921931 0.4221209 0.42 0.42 0.42 0.42 [11] 0.42 0.42 0.4471312 0.4573866 0.42 0.42 0.42 0.42 0.42 [12] 0.42 0.3622867 0.4054065 0.42 0.42 0.42 0.42 0.42 0.42 [13] 0.42 0.42 0.42 0.392306 0.4147706 0.42 0.42 0.42 0.42 
[2] 
[0] [0] 0.42 0.42 0.42 0.42 0.42 0.42 0.42 0.42 0.42 [1] 0.42 0.42 0.42 0.42 0.42 0.42 0.42 0.42 0.42 [2] 0.42 0.42 0.42 0.42 0.42 0.42 0.42 0.42 0.42 [3] 0.42 0.42 0.42 0.42 0.42 0.42 0.42 0.42 0.42 [4] 0.42 0.42 0.42 0.42 0.42 0.42 0.42 0.42 0.42 [5] 0.42 0.42 0.42 0.42 0.42 0.42 0.42 0.42 0.42 [6] 0.42 0.42 0.42 0.42 0.42 0.42 0.42 0.42 0.42 [7] 0.42 0.42 0.42 0.42 0.42 0.42 0.42 0.42 0.42 [8] 0.42 0.42 0.42 0.42 0.42 0.42 0.42 0.42 0.42 [9] 0.42 0.42 0.42 0.42 0.42 0.42 0.42 0.42 0.42 [10] 0.42 0.42 0.42 0.42 0.42 0.42 0.42 0.42 0.42 [11] 0.42 0.42 0.42 0.42 0.42 0.42 0.42 0.42 0.42 [12] 0.42 0.42 0.42 0.42 0.42 0.42 0.42 0.42 0.42 [13] 0.42 0.42 0.42 0.42 0.42 0.42 0.42 0.42 0.42 
[1] [0] 0.42 0.3833519 0.3712758 0.4035253 0.4096949 0.4291464 0.42 0.42 0.42 [1] 0.42 0.4095294 0.4186104 0.42 0.42 0.42 0.42 0.42 0.42 [2] 0.42 0.317517 0.2579221 0.42 0.42 0.42 0.42 0.42 0.42 [3] 0.42 0.42 0.4148546 0.384887 0.42 0.4203553 0.42 0.42 0.42 [4] 0.42 0.42 0.3904513 0.3834847 0.42 0.427324 0.42 0.42 0.42 [5] 0.42 0.3838967 0.3535465 0.42 0.3647394 0.42 0.42 0.42 0.42 [6] 0.42 0.4081717 0.42 0.4100955 0.42 0.42 0.42 0.42 0.42 [7] 0.42 0.42 0.4406534 0.42 0.42 0.4055236 0.42 0.42 0.42 [8] 0.42 0.42 0.42 0.3639665 0.42 0.42 0.42 0.42 0.42 [9] 0.42 0.4544633 0.42 0.4000168 0.42 0.42 0.42 0.42 0.42 [10] 0.42 0.42 0.4054704 0.40791 0.4196291 0.42 0.42 0.42 0.42 [11] 0.42 0.42 0.403925 0.4172091 0.42 0.42 0.42 0.42 0.42 [12] 0.42 0.42 0.3987996 0.42 0.42 0.42 0.42 0.42 0.42 [13] 0.42 0.42 0.42 0.3851725 0.42 0.42 0.42 0.42 0.42 
[2] [0] 0.42 0.2177189 0.2119199 0.2026945 0.2077493 0.3463115 0.42 0.42 0.42 [1] 0.42 0.2147315 0.3038044 0.42 0.42 0.42 0.42 0.42 0.42 [2] 0.42 0.2992359 0.3363333 0.42 0.42 0.42 0.42 0.42 0.42 [3] 0.42 0.42 0.2892311 0.226192 0.42 0.3570507 0.42 0.42 0.42 [4] 0.42 0.42 0.3841892 0.2187907 0.42 0.2868029 0.42 0.42 0.42 [5] 0.42 0.3614911 0.3671145 0.42 0.3257735 0.42 0.42 0.42 0.42 [6] 0.42 0.2511386 0.42 0.3519125 0.42 0.42 0.42 0.42 0.42 [7] 0.42 0.42 0.3594311 0.42 0.42 0.3596099 0.42 0.42 0.42 [8] 0.42 0.42 0.42 0.3466047 0.42 0.42 0.42 0.42 0.42 [9] 0.42 0.367072 0.42 0.2864319 0.42 0.42 0.42 0.42 0.42 [10] 0.42 0.42 0.3337622 0.42 0.3807937 0.42 0.42 0.42 0.42 [11] 0.42 0.42 0.3298079 0.4163534 0.42 0.42 0.42 0.42 0.42 [12] 0.42 0.4067734 0.2428116 0.3365302 0.42 0.42 0.42 0.42 0.42 [13] 0.42 0.42 0.42 0.3421457 0.42 0.42 0.42 0.42 0.42 
[3] 
[0] [0] 0.42 0.42 0.42 0.42 0.42 0.42 0.42 0.42 0.42 [1] 0.42 0.42 0.42 0.42 0.42 0.42 0.42 0.42 0.42 [2] 0.42 0.42 0.42 0.42 0.42 0.42 0.42 0.42 0.42 [3] 0.42 0.42 0.42 0.42 0.42 0.42 0.42 0.42 0.42 [4] 0.42 0.42 0.42 0.42 0.42 0.42 0.42 0.42 0.42 [5] 0.42 0.42 0.42 0.42 0.42 0.42 0.42 0.42 0.42 [6] 0.42 0.42 0.42 0.42 0.42 0.42 0.42 0.42 0.42 [7] 0.42 0.42 0.42 0.42 0.42 0.42 0.42 0.42 0.42 [8] 0.42 0.42 0.42 0.42 0.42 0.42 0.42 0.42 0.42 [9] 0.42 0.42 0.42 0.42 0.42 0.42 0.42 0.42 0.42 [10] 0.42 0.42 0.42 0.42 0.42 0.42 0.42 0.42 0.42 [11] 0.42 0.42 0.42 0.42 0.42 0.42 0.42 0.42 0.42 [12] 0.42 0.42 0.42 0.42 0.42 0.42 0.42 0.42 0.42 [13] 0.42 0.42 0.42 0.42 0.42 0.42 0.42 0.42 0.42 
[1] [0] 0.42 0.4327248 0.428925 0.4251673 0.4303301 0.4214829 0.42 0.42 0.42 [1] 0.42 0.4328981 0.415657 0.42 0.42 0.42 0.42 0.42 0.42 [2] 0.42 0.3756656 0.3298994 0.42 0.42 0.42 0.42 0.42 0.42 [3] 0.42 0.42 0.4093392 0.4381674 0.42 0.4273934 0.42 0.42 0.42 [4] 0.42 0.42 0.4091576 0.4421196 0.42 0.4261389 0.42 0.42 0.42 [5] 0.42 0.412823 0.4087427 0.42 0.402457 0.42 0.42 0.42 0.42 [6] 0.42 0.4128849 0.42 0.4114479 0.42 0.42 0.42 0.42 0.42 [7] 0.42 0.42 0.4129952 0.42 0.42 0.4104216 0.42 0.42 0.42 [8] 0.42 0.42 0.42 0.4079449 0.42 0.42 0.42 0.42 0.42 [9] 0.42 0.4150841 0.42 0.4170816 0.42 0.42 0.42 0.42 0.42 [10] 0.42 0.42 0.4154584 0.4170369 0.4155218 0.42 0.42 0.42 0.42 [11] 0.42 0.42 0.4150015 0.4178739 0.42 0.42 0.42 0.42 0.42 [12] 0.42 0.42 0.4249876 0.42 0.42 0.42 0.42 0.42 0.42 [13] 0.42 0.42 0.42 0.415006 0.42 0.42 0.42 0.42 0.42 
[2] [0] 0.42 0.42 0.42 0.42 0.42 0.42 0.42 0.42 0.42 [1] 0.42 0.42 0.42 0.42 0.42 0.42 0.42 0.42 0.42 [2] 0.42 0.42 0.42 0.42 0.42 0.42 0.42 0.42 0.42 [3] 0.42 0.42 0.42 0.42 0.42 0.42 0.42 0.42 0.42 [4] 0.42 0.42 0.42 0.42 0.42 0.42 0.42 0.42 0.42 [5] 0.42 0.42 0.42 0.42 0.42 0.42 0.42 0.42 0.42 [6] 0.42 0.42 0.42 0.42 0.42 0.42 0.42 0.42 0.42 [7] 0.42 0.42 0.42 0.42 0.42 0.42 0.42 0.42 0.42 [8] 0.42 0.42 0.42 0.42 0.42 0.42 0.42 0.42 0.42 [9] 0.42 0.42 0.42 0.42 0.42 0.42 0.42 0.42 0.42 [10] 0.42 0.42 0.42 0.42 0.42 0.42 0.42 0.42 0.42 [11] 0.42 0.42 0.42 0.42 0.42 0.42 0.42 0.42 0.42 [12] 0.42 0.42 0.42 0.42 0.42 0.42 0.42 0.42 0.42 [13] 0.42 0.42 0.42 0.42 0.42 0.42 0.42 0.42 0.42 
[4] 
[0] [0] 0.42 0.42 0.42 0.42 0.42 0.42 0.42 0.42 0.42 [1] 0.42 0.42 0.42 0.42 0.42 0.42 0.42 0.42 0.42 [2] 0.42 0.42 0.42 0.42 0.42 0.42 0.42 0.42 0.42 [3] 0.42 0.42 0.42 0.42 0.42 0.42 0.42 0.42 0.42 [4] 0.42 0.42 0.42 0.42 0.42 0.42 0.42 0.42 0.42 [5] 0.42 0.42 0.42 0.42 0.42 0.42 0.42 0.42 0.42 [6] 0.42 0.42 0.42 0.42 0.42 0.42 0.42 0.42 0.42 [7] 0.42 0.42 0.42 0.42 0.42 0.42 0.42 0.42 0.42 [8] 0.42 0.42 0.42 0.42 0.42 0.42 0.42 0.42 0.42 [9] 0.42 0.42 0.42 0.42 0.42 0.42 0.42 0.42 0.42 [10] 0.42 0.42 0.42 0.42 0.42 0.42 0.42 0.42 0.42 [11] 0.42 0.42 0.42 0.42 0.42 0.42 0.42 0.42 0.42 [12] 0.42 0.42 0.42 0.42 0.42 0.42 0.42 0.42 0.42 [13] 0.42 0.42 0.42 0.42 0.42 0.42 0.42 0.42 0.42 
[1] [0] 0.42 0.42 0.42 0.42 0.42 0.42 0.42 0.42 0.42 [1] 0.42 0.42 0.42 0.42 0.42 0.42 0.42 0.42 0.42 [2] 0.42 0.42 0.42 0.42 0.42 0.42 0.42 0.42 0.42 [3] 0.42 0.42 0.42 0.42 0.42 0.42 0.42 0.42 0.42 [4] 0.42 0.42 0.42 0.42 0.42 0.42 0.42 0.42 0.42 [5] 0.42 0.42 0.42 0.42 0.42 0.42 0.42 0.42 0.42 [6] 0.42 0.42 0.42 0.42 0.42 0.42 0.42 0.42 0.42 [7] 0.42 0.42 0.42 0.42 0.42 0.42 0.42 0.42 0.42 [8] 0.42 0.42 0.42 0.42 0.42 0.42 0.42 0.42 0.42 [9] 0.42 0.42 0.42 0.42 0.42 0.42 0.42 0.42 0.42 [10] 0.42 0.42 0.42 0.42 0.42 0.42 0.42 0.42 0.42 [11] 0.42 0.42 0.42 0.42 0.42 0.42 0.42 0.42 0.42 [12] 0.42 0.42 0.42 0.42 0.42 0.42 0.42 0.42 0.42 [13] 0.42 0.42 0.42 0.42 0.42 0.42 0.42 0.42 0.42 
[2] [0] 0.42 0.4032378 0.3951161 0.3759714 0.3853936 0.419002 0.42 0.42 0.42 [1] 0.42 0.4104227 0.3925236 0.42 0.42 0.42 0.42 0.42 0.42 [2] 0.42 0.376074 0.3327338 0.42 0.42 0.42 0.42 0.42 0.42 [3] 0.42 0.42 0.3947828 0.3816181 0.42 0.4138886 0.42 0.42 0.42 [4] 0.42 0.42 0.407497 0.3929215 0.42 0.4124085 0.42 0.42 0.42 [5] 0.42 0.4088603 0.4114876 0.42 0.3992516 0.42 0.42 0.42 0.42 [6] 0.42 0.4018091 0.42 0.4146132 0.42 0.42 0.42 0.42 0.42 [7] 0.42 0.42 0.4139489 0.42 0.42 0.4141236 0.42 0.42 0.42 [8] 0.42 0.42 0.42 0.4124866 0.42 0.42 0.42 0.42 0.42 [9] 0.42 0.4232016 0.42 0.4131402 0.42 0.42 0.42 0.42 0.42 [10] 0.42 0.42 0.4161046 0.4183871 0.4132485 0.42 0.42 0.42 0.42 [11] 0.42 0.42 0.4054193 0.4123208 0.42 0.42 0.42 0.42 0.42 [12] 0.42 0.42 0.3792264 0.42 0.42 0.42 0.42 0.42 0.42 [13] 0.42 0.42 0.42 0.42 0.42 0.42 0.42 0.42 0.42 
[5] 
[0] [0] 0.42 0.42 0.42 0.42 0.42 0.42 0.42 0.42 0.42 [1] 0.42 0.42 0.42 0.42 0.42 0.42 0.42 0.42 0.42 [2] 0.42 0.42 0.42 0.42 0.42 0.42 0.42 0.42 0.42 [3] 0.42 0.42 0.42 0.42 0.42 0.42 0.42 0.42 0.42 [4] 0.42 0.42 0.42 0.42 0.42 0.42 0.42 0.42 0.42 [5] 0.42 0.42 0.42 0.42 0.42 0.42 0.42 0.42 0.42 [6] 0.42 0.42 0.42 0.42 0.42 0.42 0.42 0.42 0.42 [7] 0.42 0.42 0.42 0.42 0.42 0.42 0.42 0.42 0.42 [8] 0.42 0.42 0.42 0.42 0.42 0.42 0.42 0.42 0.42 [9] 0.42 0.42 0.42 0.42 0.42 0.42 0.42 0.42 0.42 [10] 0.42 0.42 0.42 0.42 0.42 0.42 0.42 0.42 0.42 [11] 0.42 0.42 0.42 0.42 0.42 0.42 0.42 0.42 0.42 [12] 0.42 0.42 0.42 0.42 0.42 0.42 0.42 0.42 0.42 [13] 0.42 0.42 0.42 0.42 0.42 0.42 0.42 0.42 0.42 
[1] [0] 0.42 0.3938263 0.3938968 0.3761199 0.3747737 0.4158174 0.42 0.42 0.42 [1] 0.42 0.4046461 0.4192161 0.42 0.42 0.42 0.42 0.42 0.42 [2] 0.42 0.341913 0.2983016 0.42 0.42 0.42 0.42 0.42 0.42 [3] 0.42 0.42 0.3931253 0.3789954 0.42 0.4110069 0.42 0.42 0.42 [4] 0.42 0.42 0.4110669 0.3909086 0.42 0.4113365 0.42 0.42 0.42 [5] 0.42 0.4083062 0.3875824 0.42 0.3829998 0.42 0.42 0.42 0.42 [6] 0.42 0.4110401 0.42 0.407447 0.42 0.42 0.42 0.42 0.42 [7] 0.42 0.42 0.4173402 0.42 0.42 0.4051223 0.42 0.42 0.42 [8] 0.42 0.42 0.42 0.3978039 0.42 0.42 0.42 0.42 0.42 [9] 0.42 0.4092523 0.42 0.4165506 0.42 0.42 0.42 0.42 0.42 [10] 0.42 0.42 0.4210558 0.4185527 0.411945 0.42 0.42 0.42 0.42 [11] 0.42 0.42 0.406571 0.4162246 0.42 0.42 0.42 0.42 0.42 [12] 0.42 0.42 0.3869169 0.42 0.42 0.42 0.42 0.42 0.42 [13] 0.42 0.42 0.42 0.42 0.42 0.42 0.42 0.42 0.42 
[2] [0] 0.42 0.501115 0.4987347 0.4978938 0.4500827 0.4484153 0.42 0.42 0.42 [1] 0.42 0.5111931 0.4388939 0.42 0.42 0.42 0.42 0.42 0.42 [2] 0.42 0.3263627 0.1979517 0.42 0.42 0.42 0.42 0.42 0.42 [3] 0.42 0.42 0.400946 0.4841563 0.42 0.4341184 0.42 0.42 0.42 [4] 0.42 0.42 0.381725 0.4964226 0.42 0.4639007 0.42 0.42 0.42 [5] 0.42 0.3692553 0.4010771 0.42 0.4101098 0.42 0.42 0.42 0.42 [6] 0.42 0.4027996 0.42 0.3810159 0.42 0.42 0.42 0.42 0.42 [7] 0.42 0.42 0.428353 0.42 0.42 0.4368939 0.42 0.42 0.42 [8] 0.42 0.42 0.42 0.3590527 0.42 0.42 0.42 0.42 0.42 [9] 0.42 0.4364245 0.42 0.5011724 0.42 0.42 0.42 0.42 0.42 [10] 0.42 0.42 0.3652293 0.3975084 0.4168244 0.42 0.42 0.42 0.42 [11] 0.42 0.42 0.4456657 0.4506965 0.42 0.42 0.42 0.42 0.42 [12] 0.42 0.3519103 0.3943882 0.42 0.42 0.42 0.42 0.42 0.42 [13] 0.42 0.42 0.42 0.3915847 0.42 0.42 0.42 0.42 0.42 
[6] 
[0] [0] 0.42 0.42 0.42 0.42 0.42 0.42 0.42 0.42 0.42 [1] 0.42 0.42 0.42 0.42 0.42 0.42 0.42 0.42 0.42 [2] 0.42 0.42 0.42 0.42 0.42 0.42 0.42 0.42 0.42 [3] 0.42 0.42 0.42 0.42 0.42 0.42 0.42 0.42 0.42 [4] 0.42 0.42 0.42 0.42 0.42 0.42 0.42 0.42 0.42 [5] 0.42 0.42 0.42 0.42 0.42 0.42 0.42 0.42 0.42 [6] 0.42 0.42 0.42 0.42 0.42 0.42 0.42 0.42 0.42 [7] 0.42 0.42 0.42 0.42 0.42 0.42 0.42 0.42 0.42 [8] 0.42 0.42 0.42 0.42 0.42 0.42 0.42 0.42 0.42 [9] 0.42 0.42 0.42 0.42 0.42 0.42 0.42 0.42 0.42 [10] 0.42 0.42 0.42 0.42 0.42 0.42 0.42 0.42 0.42 [11] 0.42 0.42 0.42 0.42 0.42 0.42 0.42 0.42 0.42 [12] 0.42 0.42 0.42 0.42 0.42 0.42 0.42 0.42 0.42 [13] 0.42 0.42 0.42 0.42 0.42 0.42 0.42 0.42 0.42 
[1] [0] 0.42 0.4195826 0.420405 0.4036767 0.4064372 0.411455 0.42 0.42 0.42 [1] 0.42 0.4247317 0.4203745 0.42 0.42 0.42 0.42 0.42 0.42 [2] 0.42 0.3933651 0.3393693 0.42 0.42 0.42 0.42 0.42 0.42 [3] 0.42 0.42 0.4040532 0.4223632 0.42 0.4229946 0.42 0.42 0.42 [4] 0.42 0.42 0.4133613 0.4164257 0.42 0.4220382 0.42 0.42 0.42 [5] 0.42 0.4160906 0.410222 0.42 0.4144105 0.42 0.42 0.42 0.42 [6] 0.42 0.4139556 0.42 0.4027437 0.42 0.42 0.42 0.42 0.42 [7] 0.42 0.42 0.4173864 0.42 0.42 0.4151456 0.42 0.42 0.42 [8] 0.42 0.42 0.42 0.4149717 0.42 0.42 0.42 0.42 0.42 [9] 0.42 0.4181069 0.42 0.4171951 0.42 0.42 0.42 0.42 0.42 [10] 0.42 0.42 0.415532 0.4192993 0.42 0.42 0.42 0.42 0.42 [11] 0.42 0.42 0.4147134 0.4183494 0.42 0.42 0.42 0.42 0.42 [12] 0.42 0.42 0.4124384 0.42 0.42 0.42 0.42 0.42 0.42 [13] 0.42 0.42 0.42 0.42 0.42 0.42 0.42 0.42 0.42 
[2] [0] 0.42 0.4450559 0.4515149 0.3930735 0.4285072 0.450234 0.42 0.42 0.42 [1] 0.42 0.4527307 0.4614581 0.42 0.42 0.42 0.42 0.42 0.42 [2] 0.42 0.3135889 0.2323989 0.42 0.42 0.42 0.42 0.42 0.42 [3] 0.42 0.42 0.4332358 0.4538393 0.42 0.4503332 0.42 0.42 0.42 [4] 0.42 0.42 0.3834563 0.4461426 0.42 0.4381824 0.42 0.42 0.42 [5] 0.42 0.3843717 0.3277279 0.42 0.4415453 0.42 0.42 0.42 0.42 [6] 0.42 0.4237865 0.42 0.3914659 0.42 0.42 0.42 0.42 0.42 [7] 0.42 0.42 0.4161727 0.42 0.42 0.44696 0.42 0.42 0.42 [8] 0.42 0.42 0.42 0.3536871 0.42 0.42 0.42 0.42 0.42 [9] 0.42 0.4113017 0.42 0.4637582 0.42 0.42 0.42 0.42 0.42 [10] 0.42 0.42 0.3698355 0.3981121 0.4185465 0.42 0.42 0.42 0.42 [11] 0.42 0.42 0.4455138 0.4106494 0.42 0.42 0.42 0.42 0.42 [12] 0.42 0.42 0.4114693 0.42 0.42 0.42 0.42 0.42 0.42 [13] 0.42 0.42 0.42 0.3743143 0.4198614 0.42 0.42 0.42 0.42 
[7] 
[0] [0] 0.42 0.42 0.42 0.42 0.42 0.42 0.42 0.42 0.42 [1] 0.42 0.42 0.42 0.42 0.42 0.42 0.42 0.42 0.42 [2] 0.42 0.42 0.42 0.42 0.42 0.42 0.42 0.42 0.42 [3] 0.42 0.42 0.42 0.42 0.42 0.42 0.42 0.42 0.42 [4] 0.42 0.42 0.42 0.42 0.42 0.42 0.42 0.42 0.42 [5] 0.42 0.42 0.42 0.42 0.42 0.42 0.42 0.42 0.42 [6] 0.42 0.42 0.42 0.42 0.42 0.42 0.42 0.42 0.42 [7] 0.42 0.42 0.42 0.42 0.42 0.42 0.42 0.42 0.42 [8] 0.42 0.42 0.42 0.42 0.42 0.42 0.42 0.42 0.42 [9] 0.42 0.42 0.42 0.42 0.42 0.42 0.42 0.42 0.42 [10] 0.42 0.42 0.42 0.42 0.42 0.42 0.42 0.42 0.42 [11] 0.42 0.42 0.42 0.42 0.42 0.42 0.42 0.42 0.42 [12] 0.42 0.42 0.42 0.42 0.42 0.42 0.42 0.42 0.42 [13] 0.42 0.42 0.42 0.42 0.42 0.42 0.42 0.42 0.42 
[1] [0] 0.42 0.4334067 0.4312867 0.4451171 0.4332657 0.4237326 0.42 0.42 0.42 [1] 0.42 0.4547645 0.4220033 0.42 0.42 0.42 0.42 0.42 0.42 [2] 0.42 0.344165 0.261913 0.42 0.42 0.42 0.42 0.42 0.42 [3] 0.42 0.42 0.3795103 0.4238854 0.42 0.4090664 0.42 0.42 0.42 [4] 0.42 0.42 0.3904968 0.4320647 0.42 0.4259807 0.42 0.42 0.42 [5] 0.42 0.378361 0.3810385 0.42 0.4045699 0.42 0.42 0.42 0.42 [6] 0.42 0.4188257 0.42 0.4005651 0.42 0.42 0.42 0.42 0.42 [7] 0.42 0.42 0.4340875 0.42 0.42 0.3912991 0.42 0.42 0.42 [8] 0.42 0.42 0.42 0.3726229 0.42 0.42 0.42 0.42 0.42 [9] 0.42 0.4560297 0.42 0.4556147 0.42 0.42 0.42 0.42 0.42 [10] 0.42 0.42 0.40996 0.419197 0.40592 0.42 0.42 0.42 0.42 [11] 0.42 0.42 0.435351 0.4432676 0.42 0.42 0.42 0.42 0.42 [12] 0.42 0.42 0.4030889 0.42 0.42 0.42 0.42 0.42 0.42 [13] 0.42 0.42 0.42 0.4053767 0.42 0.42 0.42 0.42 0.42 
[2] [0] 0.42 0.5173993 0.5134459 0.5139548 0.462851 0.4264817 0.42 0.42 0.42 [1] 0.42 0.4142841 0.432579 0.42 0.42 0.42 0.42 0.42 0.42 [2] 0.42 0.3303789 0.1950652 0.42 0.42 0.42 0.42 0.42 0.42 [3] 0.42 0.42 0.3943957 0.496214 0.42 0.4286973 0.42 0.42 0.42 [4] 0.42 0.42 0.3953427 0.5116807 0.42 0.4661468 0.42 0.42 0.42 [5] 0.42 0.3787277 0.4019273 0.42 0.4124233 0.42 0.42 0.42 0.42 [6] 0.42 0.4167731 0.42 0.4015308 0.42 0.42 0.42 0.42 0.42 [7] 0.42 0.42 0.4319914 0.42 0.42 0.4152438 0.42 0.42 0.42 [8] 0.42 0.42 0.42 0.3733221 0.42 0.42 0.42 0.42 0.42 [9] 0.42 0.4488637 0.42 0.5132905 0.42 0.42 0.42 0.42 0.42 [10] 0.42 0.42 0.3841355 0.3919181 0.4253695 0.42 0.42 0.42 0.42 [11] 0.42 0.42 0.4382578 0.4586859 0.42 0.42 0.42 0.42 0.42 [12] 0.42 0.3640705 0.4085485 0.42 0.42 0.42 0.42 0.42 0.42 [13] 0.42 0.42 0.42 0.3935704 0.42 0.42 0.42 0.42 0.42 
[8] 
[0] [0] 0.42 0.42 0.42 0.42 0.42 0.42 0.42 0.42 0.42 [1] 0.42 0.42 0.42 0.42 0.42 0.42 0.42 0.42 0.42 [2] 0.42 0.42 0.42 0.42 0.42 0.42 0.42 0.42 0.42 [3] 0.42 0.42 0.42 0.42 0.42 0.42 0.42 0.42 0.42 [4] 0.42 0.42 0.42 0.42 0.42 0.42 0.42 0.42 0.42 [5] 0.42 0.42 0.42 0.42 0.42 0.42 0.42 0.42 0.42 [6] 0.42 0.42 0.42 0.42 0.42 0.42 0.42 0.42 0.42 [7] 0.42 0.42 0.42 0.42 0.42 0.42 0.42 0.42 0.42 [8] 0.42 0.42 0.42 0.42 0.42 0.42 0.42 0.42 0.42 [9] 0.42 0.42 0.42 0.42 0.42 0.42 0.42 0.42 0.42 [10] 0.42 0.42 0.42 0.42 0.42 0.42 0.42 0.42 0.42 [11] 0.42 0.42 0.42 0.42 0.42 0.42 0.42 0.42 0.42 [12] 0.42 0.42 0.42 0.42 0.42 0.42 0.42 0.42 0.42 [13] 0.42 0.42 0.42 0.42 0.42 0.42 0.42 0.42 0.42 
[1] [0] 0.42 0.5097649 0.5079201 0.4414606 0.4387117 0.4099344 0.42 0.42 0.42 [1] 0.42 0.5163262 0.4262292 0.42 0.42 0.42 0.42 0.42 0.42 [2] 0.42 0.312784 0.2054955 0.42 0.42 0.42 0.42 0.42 0.42 [3] 0.42 0.42 0.3896256 0.4897493 0.42 0.4202259 0.42 0.42 0.42 [4] 0.42 0.42 0.4066695 0.5043811 0.42 0.4282427 0.42 0.42 0.42 [5] 0.42 0.3818537 0.3614683 0.42 0.3726337 0.42 0.42 0.42 0.42 [6] 0.42 0.4055695 0.42 0.4031366 0.42 0.42 0.42 0.42 0.42 [7] 0.42 0.42 0.3950804 0.42 0.42 0.4002045 0.42 0.42 0.42 [8] 0.42 0.42 0.42 0.3651799 0.42 0.42 0.42 0.42 0.42 [9] 0.42 0.4151646 0.42 0.5011994 0.42 0.42 0.42 0.42 0.42 [10] 0.42 0.42 0.3880063 0.4196587 0.4190973 0.42 0.42 0.42 0.42 [11] 0.42 0.42 0.4295633 0.4481505 0.42 0.42 0.42 0.42 0.42 [12] 0.42 0.42 0.4059733 0.42 0.42 0.42 0.42 0.42 0.42 [13] 0.42 0.42 0.42 0.3768947 0.42 0.42 0.42 0.42 0.42 
[2] [0] 0.42 0.5017737 0.4986953 0.5003196 0.4525233 0.4359684 0.42 0.42 0.42 [1] 0.42 0.5126005 0.4336456 0.42 0.42 0.42 0.42 0.42 0.42 [2] 0.42 0.3241293 0.1887128 0.42 0.42 0.42 0.42 0.42 0.42 [3] 0.42 0.42 0.4054812 0.4845605 0.42 0.4296795 0.42 0.42 0.42 [4] 0.42 0.42 0.3828584 0.498039 0.42 0.4673486 0.42 0.42 0.42 [5] 0.42 0.3642016 0.3959661 0.42 0.3995731 0.42 0.42 0.42 0.42 [6] 0.42 0.4047357 0.42 0.3891782 0.42 0.42 0.42 0.42 0.42 [7] 0.42 0.42 0.4282301 0.42 0.42 0.4210833 0.42 0.42 0.42 [8] 0.42 0.42 0.42 0.3588572 0.42 0.42 0.42 0.42 0.42 [9] 0.42 0.4364875 0.42 0.5002539 0.42 0.42 0.42 0.42 0.42 [10] 0.42 0.42 0.3709681 0.3855701 0.41579 0.42 0.42 0.42 0.42 [11] 0.42 0.42 0.4421935 0.4511182 0.42 0.42 0.42 0.42 0.42 [12] 0.42 0.3721999 0.4038063 0.42 0.42 0.42 0.42 0.42 0.42 [13] 0.42 0.42 0.42 0.4135605 0.42 0.42 0.42 0.42 0.42 
[9] 
[0] [0] 0.42 0.42 0.42 0.42 0.42 0.42 0.42 0.42 0.42 [1] 0.42 0.42 0.42 0.42 0.42 0.42 0.42 0.42 0.42 [2] 0.42 0.42 0.42 0.42 0.42 0.42 0.42 0.42 0.42 [3] 0.42 0.42 0.42 0.42 0.42 0.42 0.42 0.42 0.42 [4] 0.42 0.42 0.42 0.42 0.42 0.42 0.42 0.42 0.42 [5] 0.42 0.42 0.42 0.42 0.42 0.42 0.42 0.42 0.42 [6] 0.42 0.42 0.42 0.42 0.42 0.42 0.42 0.42 0.42 [7] 0.42 0.42 0.42 0.42 0.42 0.42 0.42 0.42 0.42 [8] 0.42 0.42 0.42 0.42 0.42 0.42 0.42 0.42 0.42 [9] 0.42 0.42 0.42 0.42 0.42 0.42 0.42 0.42 0.42 [10] 0.42 0.42 0.42 0.42 0.42 0.42 0.42 0.42 0.42 [11] 0.42 0.42 0.42 0.42 0.42 0.42 0.42 0.42 0.42 [12] 0.42 0.42 0.42 0.42 0.42 0.42 0.42 0.42 0.42 [13] 0.42 0.42 0.42 0.42 0.42 0.42 0.42 0.42 0.42 
[1] [0] 0.42 0.42 0.42 0.42 0.42 0.42 0.42 0.42 0.42 [1] 0.42 0.42 0.42 0.42 0.42 0.42 0.42 0.42 0.42 [2] 0.42 0.42 0.42 0.42 0.42 0.42 0.42 0.42 0.42 [3] 0.42 0.42 0.42 0.42 0.42 0.42 0.42 0.42 0.42 [4] 0.42 0.42 0.42 0.42 0.42 0.42 0.42 0.42 0.42 [5] 0.42 0.42 0.42 0.42 0.42 0.42 0.42 0.42 0.42 [6] 0.42 0.42 0.42 0.42 0.42 0.42 0.42 0.42 0.42 [7] 0.42 0.42 0.42 0.42 0.42 0.42 0.42 0.42 0.42 [8] 0.42 0.42 0.42 0.42 0.42 0.42 0.42 0.42 0.42 [9] 0.42 0.42 0.42 0.42 0.42 0.42 0.42 0.42 0.42 [10] 0.42 0.42 0.42 0.42 0.42 0.42 0.42 0.42 0.42 [11] 0.42 0.42 0.42 0.42 0.42 0.42 0.42 0.42 0.42 [12] 0.42 0.42 0.42 0.42 0.42 0.42 0.42 0.42 0.42 [13] 0.42 0.42 0.42 0.42 0.42 0.42 0.42 0.42 0.42 
[2] [0] 0.42 0.4289303 0.4286973 0.3722887 0.3787789 0.40798 0.42 0.42 0.42 [1] 0.42 0.4156535 0.4184813 0.42 0.42 0.42 0.42 0.42 0.42 [2] 0.42 0.3770455 0.3152969 0.42 0.42 0.42 0.42 0.42 0.42 [3] 0.42 0.42 0.3860334 0.3997686 0.42 0.4027573 0.42 0.42 0.42 [4] 0.42 0.42 0.4065098 0.4126239 0.42 0.4016279 0.42 0.42 0.42 [5] 0.42 0.4045898 0.4046375 0.42 0.3748104 0.42 0.42 0.42 0.42 [6] 0.42 0.4050543 0.42 0.406167 0.42 0.42 0.42 0.42 0.42 [7] 0.42 0.42 0.4106266 0.42 0.42 0.4059874 0.42 0.42 0.42 [8] 0.42 0.42 0.42 0.4044139 0.42 0.42 0.42 0.42 0.42 [9] 0.42 0.4123712 0.42 0.4248692 0.42 0.42 0.42 0.42 0.42 [10] 0.42 0.42 0.4089428 0.414501 0.4119698 0.42 0.42 0.42 0.42 [11] 0.42 0.42 0.4031711 0.4118782 0.42 0.42 0.42 0.42 0.42 [12] 0.42 0.42 0.3705567 0.42 0.42 0.42 0.42 0.42 0.42 [13] 0.42 0.42 0.42 0.42 0.42 0.42 0.42 0.42 0.42 
[10] 
[0] [0] 0.42 0.42 0.42 0.42 0.42 0.42 0.42 0.42 0.42 [1] 0.42 0.42 0.42 0.42 0.42 0.42 0.42 0.42 0.42 [2] 0.42 0.42 0.42 0.42 0.42 0.42 0.42 0.42 0.42 [3] 0.42 0.42 0.42 0.42 0.42 0.42 0.42 0.42 0.42 [4] 0.42 0.42 0.42 0.42 0.42 0.42 0.42 0.42 0.42 [5] 0.42 0.42 0.42 0.42 0.42 0.42 0.42 0.42 0.42 [6] 0.42 0.42 0.42 0.42 0.42 0.42 0.42 0.42 0.42 [7] 0.42 0.42 0.42 0.42 0.42 0.42 0.42 0.42 0.42 [8] 0.42 0.42 0.42 0.42 0.42 0.42 0.42 0.42 0.42 [9] 0.42 0.42 0.42 0.42 0.42 0.42 0.42 0.42 0.42 [10] 0.42 0.42 0.42 0.42 0.42 0.42 0.42 0.42 0.42 [11] 0.42 0.42 0.42 0.42 0.42 0.42 0.42 0.42 0.42 [12] 0.42 0.42 0.42 0.42 0.42 0.42 0.42 0.42 0.42 [13] 0.42 0.42 0.42 0.42 0.42 0.42 0.42 0.42 0.42 
[1] [0] 0.42 0.4929644 0.4951269 0.4318448 0.4335876 0.438532 0.42 0.42 0.42 [1] 0.42 0.4633451 0.4192893 0.42 0.42 0.42 0.42 0.42 0.42 [2] 0.42 0.3324849 0.1896504 0.42 0.42 0.42 0.42 0.42 0.42 [3] 0.42 0.42 0.3948598 0.4639473 0.42 0.4415308 0.42 0.42 0.42 [4] 0.42 0.42 0.3836468 0.4732311 0.42 0.4437572 0.42 0.42 0.42 [5] 0.42 0.3798636 0.3217274 0.42 0.3493221 0.42 0.42 0.42 0.42 [6] 0.42 0.4193393 0.42 0.3908076 0.42 0.42 0.42 0.42 0.42 [7] 0.42 0.42 0.3852834 0.42 0.42 0.4027965 0.42 0.42 0.42 [8] 0.42 0.42 0.42 0.329869 0.42 0.42 0.42 0.42 0.42 [9] 0.42 0.4251126 0.42 0.4449097 0.42 0.42 0.42 0.42 0.42 [10] 0.42 0.42 0.3567548 0.3914755 0.4166465 0.42 0.42 0.42 0.42 [11] 0.42 0.42 0.4217609 0.4111024 0.42 0.42 0.42 0.42 0.42 [12] 0.42 0.3611442 0.4313737 0.42 0.42 0.42 0.42 0.42 0.42 [13] 0.42 0.42 0.42 0.3849041 0.4176325 0.42 0.42 0.42 0.42 
[2] [0] 0.42 0.42 0.42 0.42 0.42 0.42 0.42 0.42 0.42 [1] 0.42 0.42 0.42 0.42 0.42 0.42 0.42 0.42 0.42 [2] 0.42 0.42 0.42 0.42 0.42 0.42 0.42 0.42 0.42 [3] 0.42 0.42 0.42 0.42 0.42 0.42 0.42 0.42 0.42 [4] 0.42 0.42 0.42 0.42 0.42 0.42 0.42 0.42 0.42 [5] 0.42 0.42 0.42 0.42 0.42 0.42 0.42 0.42 0.42 [6] 0.42 0.42 0.42 0.42 0.42 0.42 0.42 0.42 0.42 [7] 0.42 0.42 0.42 0.42 0.42 0.42 0.42 0.42 0.42 [8] 0.42 0.42 0.42 0.42 0.42 0.42 0.42 0.42 0.42 [9] 0.42 0.42 0.42 0.42 0.42 0.42 0.42 0.42 0.42 [10] 0.42 0.42 0.42 0.42 0.42 0.42 0.42 0.42 0.42 [11] 0.42 0.42 0.42 0.42 0.42 0.42 0.42 0.42 0.42 [12] 0.42 0.42 0.42 0.42 0.42 0.42 0.42 0.42 0.42 [13] 0.42 0.42 0.42 0.42 0.42 0.42 0.42 0.42 0.42 
[11] 
[0] [0] 0.42 0.4893708 0.4871705 0.4911987 0.4297917 0.4446048 0.42 0.42 0.42 [1] 0.42 0.5006322 0.4622818 0.42 0.42 0.42 0.42 0.42 0.42 [2] 0.42 0.3244926 0.2111088 0.42 0.42 0.42 0.42 0.42 0.42 [3] 0.42 0.42 0.4007755 0.4825666 0.42 0.4311476 0.42 0.42 0.42 [4] 0.42 0.42 0.3790016 0.4867837 0.42 0.4663666 0.42 0.42 0.42 [5] 0.42 0.3782902 0.3871515 0.42 0.3942124 0.42 0.42 0.42 0.42 [6] 0.42 0.4009627 0.42 0.3825641 0.42 0.42 0.42 0.42 0.42 [7] 0.42 0.42 0.4074512 0.42 0.42 0.4226774 0.42 0.42 0.42 [8] 0.42 0.42 0.42 0.3666161 0.42 0.42 0.42 0.42 0.42 [9] 0.42 0.4259002 0.42 0.4827855 0.42 0.42 0.42 0.42 0.42 [10] 0.42 0.42 0.3740979 0.3811242 0.4186199 0.42 0.42 0.42 0.42 [11] 0.42 0.42 0.4526311 0.4492454 0.42 0.42 0.42 0.42 0.42 [12] 0.42 0.4068539 0.4053662 0.42 0.42 0.42 0.42 0.42 0.42 [13] 0.42 0.42 0.42 0.3844149 0.42 0.42 0.42 0.42 0.42 
[1] [0] 0.42 0.42 0.42 0.42 0.42 0.42 0.42 0.42 0.42 [1] 0.42 0.42 0.42 0.42 0.42 0.42 0.42 0.42 0.42 [2] 0.42 0.42 0.42 0.42 0.42 0.42 0.42 0.42 0.42 [3] 0.42 0.42 0.42 0.42 0.42 0.42 0.42 0.42 0.42 [4] 0.42 0.42 0.42 0.42 0.42 0.42 0.42 0.42 0.42 [5] 0.42 0.42 0.42 0.42 0.42 0.42 0.42 0.42 0.42 [6] 0.42 0.42 0.42 0.42 0.42 0.42 0.42 0.42 0.42 [7] 0.42 0.42 0.42 0.42 0.42 0.42 0.42 0.42 0.42 [8] 0.42 0.42 0.42 0.42 0.42 0.42 0.42 0.42 0.42 [9] 0.42 0.42 0.42 0.42 0.42 0.42 0.42 0.42 0.42 [10] 0.42 0.42 0.42 0.42 0.42 0.42 0.42 0.42 0.42 [11] 0.42 0.42 0.42 0.42 0.42 0.42 0.42 0.42 0.42 [12] 0.42 0.42 0.42 0.42 0.42 0.42 0.42 0.42 0.42 [13] 0.42 0.42 0.42 0.42 0.42 0.42 0.42 0.42 0.42 
[2] [0] 0.42 0.42 0.42 0.42 0.42 0.42 0.42 0.42 0.42 [1] 0.42 0.42 0.42 0.42 0.42 0.42 0.42 0.42 0.42 [2] 0.42 0.42 0.42 0.42 0.42 0.42 0.42 0.42 0.42 [3] 0.42 0.42 0.42 0.42 0.42 0.42 0.42 0.42 0.42 [4] 0.42 0.42 0.42 0.42 0.42 0.42 0.42 0.42 0.42 [5] 0.42 0.42 0.42 0.42 0.42 0.42 0.42 0.42 0.42 [6] 0.42 0.42 0.42 0.42 0.42 0.42 0.42 0.42 0.42 [7] 0.42 0.42 0.42 0.42 0.42 0.42 0.42 0.42 0.42 [8] 0.42 0.42 0.42 0.42 0.42 0.42 0.42 0.42 0.42 [9] 0.42 0.42 0.42 0.42 0.42 0.42 0.42 0.42 0.42 [10] 0.42 0.42 0.42 0.42 0.42 0.42 0.42 0.42 0.42 [11] 0.42 0.42 0.42 0.42 0.42 0.42 0.42 0.42 0.42 [12] 0.42 0.42 0.42 0.42 0.42 0.42 0.42 0.42 0.42 [13] 0.42 0.42 0.42 0.42 0.42 0.42 0.42 0.42 0.42 
[12] 
[0] [0] 0.42 0.42 0.42 0.42 0.42 0.42 0.42 0.42 0.42 [1] 0.42 0.42 0.42 0.42 0.42 0.42 0.42 0.42 0.42 [2] 0.42 0.42 0.42 0.42 0.42 0.42 0.42 0.42 0.42 [3] 0.42 0.42 0.42 0.42 0.42 0.42 0.42 0.42 0.42 [4] 0.42 0.42 0.42 0.42 0.42 0.42 0.42 0.42 0.42 [5] 0.42 0.42 0.42 0.42 0.42 0.42 0.42 0.42 0.42 [6] 0.42 0.42 0.42 0.42 0.42 0.42 0.42 0.42 0.42 [7] 0.42 0.42 0.42 0.42 0.42 0.42 0.42 0.42 0.42 [8] 0.42 0.42 0.42 0.42 0.42 0.42 0.42 0.42 0.42 [9] 0.42 0.42 0.42 0.42 0.42 0.42 0.42 0.42 0.42 [10] 0.42 0.42 0.42 0.42 0.42 0.42 0.42 0.42 0.42 [11] 0.42 0.42 0.42 0.42 0.42 0.42 0.42 0.42 0.42 [12] 0.42 0.42 0.42 0.42 0.42 0.42 0.42 0.42 0.42 [13] 0.42 0.42 0.42 0.42 0.42 0.42 0.42 0.42 0.42 
[1] [0] 0.42 0.42 0.42 0.42 0.42 0.42 0.42 0.42 0.42 [1] 0.42 0.42 0.42 0.42 0.42 0.42 0.42 0.42 0.42 [2] 0.42 0.42 0.42 0.42 0.42 0.42 0.42 0.42 0.42 [3] 0.42 0.42 0.42 0.42 0.42 0.42 0.42 0.42 0.42 [4] 0.42 0.42 0.42 0.42 0.42 0.42 0.42 0.42 0.42 [5] 0.42 0.42 0.42 0.42 0.42 0.42 0.42 0.42 0.42 [6] 0.42 0.42 0.42 0.42 0.42 0.42 0.42 0.42 0.42 [7] 0.42 0.42 0.42 0.42 0.42 0.42 0.42 0.42 0.42 [8] 0.42 0.42 0.42 0.42 0.42 0.42 0.42 0.42 0.42 [9] 0.42 0.42 0.42 0.42 0.42 0.42 0.42 0.42 0.42 [10] 0.42 0.42 0.42 0.42 0.42 0.42 0.42 0.42 0.42 [11] 0.42 0.42 0.42 0.42 0.42 0.42 0.42 0.42 0.42 [12] 0.42 0.42 0.42 0.42 0.42 0.42 0.42 0.42 0.42 [13] 0.42 0.42 0.42 0.42 0.42 0.42 0.42 0.42 0.42 
[2] [0] 0.42 0.5016464 0.4949268 0.4985034 0.4435724 0.4500819 0.42 0.42 0.42 [1] 0.42 0.5090404 0.4453471 0.42 0.42 0.42 0.42 0.42 0.42 [2] 0.42 0.3111639 0.1968135 0.42 0.42 0.42 0.42 0.42 0.42 [3] 0.42 0.42 0.4060805 0.4841976 0.42 0.4371303 0.42 0.42 0.42 [4] 0.42 0.42 0.3783584 0.496474 0.42 0.468512 0.42 0.42 0.42 [5] 0.42 0.3634447 0.3905505 0.42 0.4129241 0.42 0.42 0.42 0.42 [6] 0.42 0.4114547 0.42 0.3846655 0.42 0.42 0.42 0.42 0.42 [7] 0.42 0.42 0.4272842 0.42 0.42 0.4369804 0.42 0.42 0.42 [8] 0.42 0.42 0.42 0.3518797 0.42 0.42 0.42 0.42 0.42 [9] 0.42 0.4369796 0.42 0.4994227 0.42 0.42 0.42 0.42 0.42 [10] 0.42 0.42 0.3809216 0.3959044 0.4186034 0.42 0.42 0.42 0.42 [11] 0.42 0.42 0.4442197 0.4553038 0.42 0.42 0.42 0.42 0.42 [12] 0.42 0.368174 0.4004876 0.42 0.42 0.42 0.42 0.42 0.42 [13] 0.42 0.42 0.42 0.3843678 0.4156741 0.42 0.42 0.42 0.42 
[13] 
[0] [0] 0.42 0.42 0.42 0.42 0.42 0.42 0.42 0.42 0.42 [1] 0.42 0.42 0.42 0.42 0.42 0.42 0.42 0.42 0.42 [2] 0.42 0.42 0.42 0.42 0.42 0.42 0.42 0.42 0.42 [3] 0.42 0.42 0.42 0.42 0.42 0.42 0.42 0.42 0.42 [4] 0.42 0.42 0.42 0.42 0.42 0.42 0.42 0.42 0.42 [5] 0.42 0.42 0.42 0.42 0.42 0.42 0.42 0.42 0.42 [6] 0.42 0.42 0.42 0.42 0.42 0.42 0.42 0.42 0.42 [7] 0.42 0.42 0.42 0.42 0.42 0.42 0.42 0.42 0.42 [8] 0.42 0.42 0.42 0.42 0.42 0.42 0.42 0.42 0.42 [9] 0.42 0.42 0.42 0.42 0.42 0.42 0.42 0.42 0.42 [10] 0.42 0.42 0.42 0.42 0.42 0.42 0.42 0.42 0.42 [11] 0.42 0.42 0.42 0.42 0.42 0.42 0.42 0.42 0.42 [12] 0.42 0.42 0.42 0.42 0.42 0.42 0.42 0.42 0.42 [13] 0.42 0.42 0.42 0.42 0.42 0.42 0.42 0.42 0.42 
[1] [0] 0.42 0.4101947 0.4081082 0.3700723 0.3829122 0.4051025 0.42 0.42 0.42 [1] 0.42 0.4108188 0.4129447 0.42 0.42 0.42 0.42 0.42 0.42 [2] 0.42 0.35228 0.3081923 0.42 0.42 0.42 0.42 0.42 0.42 [3] 0.42 0.42 0.3749558 0.4055046 0.42 0.4155681 0.42 0.42 0.42 [4] 0.42 0.42 0.4107684 0.4105421 0.42 0.4135069 0.42 0.42 0.42 [5] 0.42 0.409746 0.3962622 0.42 0.3567145 0.42 0.42 0.42 0.42 [6] 0.42 0.4100634 0.42 0.406908 0.42 0.42 0.42 0.42 0.42 [7] 0.42 0.42 0.4132549 0.42 0.42 0.4119475 0.42 0.42 0.42 [8] 0.42 0.42 0.42 0.3930802 0.42 0.42 0.42 0.42 0.42 [9] 0.42 0.3916631 0.42 0.4004325 0.42 0.42 0.42 0.42 0.42 [10] 0.42 0.42 0.4047369 0.4167927 0.4051125 0.42 0.42 0.42 0.42 [11] 0.42 0.42 0.4134573 0.4135595 0.42 0.42 0.42 0.42 0.42 [12] 0.42 0.42 0.3812854 0.42 0.42 0.42 0.42 0.42 0.42 [13] 0.42 0.42 0.42 0.4105406 0.42 0.42 0.42 0.42 0.42 
[2] [0] 0.42 0.5046217 0.5001234 0.5013229 0.4506564 0.4255219 0.42 0.42 0.42 [1] 0.42 0.5124792 0.4342021 0.42 0.42 0.42 0.42 0.42 0.42 [2] 0.42 0.3155816 0.1870988 0.42 0.42 0.42 0.42 0.42 0.42 [3] 0.42 0.42 0.3977444 0.4833902 0.42 0.4154067 0.42 0.42 0.42 [4] 0.42 0.42 0.378094 0.4993248 0.42 0.4642329 0.42 0.42 0.42 [5] 0.42 0.3658288 0.3971714 0.42 0.3961439 0.42 0.42 0.42 0.42 [6] 0.42 0.4035828 0.42 0.3899393 0.42 0.42 0.42 0.42 0.42 [7] 0.42 0.42 0.4255058 0.42 0.42 0.4097859 0.42 0.42 0.42 [8] 0.42 0.42 0.42 0.3611706 0.42 0.42 0.42 0.42 0.42 [9] 0.42 0.4354694 0.42 0.5046887 0.42 0.42 0.42 0.42 0.42 [10] 0.42 0.42 0.3754975 0.3913912 0.4170165 0.42 0.42 0.42 0.42 [11] 0.42 0.42 0.4396303 0.4490745 0.42 0.42 0.42 0.42 0.42 [12] 0.42 0.3542869 0.4029895 0.42 0.42 0.42 0.42 0.42 0.42 [13] 0.42 0.42 0.42 0.3887117 0.42 0.42 0.42 0.42 0.42 
[14] 
[0] [0] 0.42 0.42 0.42 0.42 0.42 0.42 0.42 0.42 0.42 [1] 0.42 0.42 0.42 0.42 0.42 0.42 0.42 0.42 0.42 [2] 0.42 0.42 0.42 0.42 0.42 0.42 0.42 0.42 0.42 [3] 0.42 0.42 0.42 0.42 0.42 0.42 0.42 0.42 0.42 [4] 0.42 0.42 0.42 0.42 0.42 0.42 0.42 0.42 0.42 [5] 0.42 0.42 0.42 0.42 0.42 0.42 0.42 0.42 0.42 [6] 0.42 0.42 0.42 0.42 0.42 0.42 0.42 0.42 0.42 [7] 0.42 0.42 0.42 0.42 0.42 0.42 0.42 0.42 0.42 [8] 0.42 0.42 0.42 0.42 0.42 0.42 0.42 0.42 0.42 [9] 0.42 0.42 0.42 0.42 0.42 0.42 0.42 0.42 0.42 [10] 0.42 0.42 0.42 0.42 0.42 0.42 0.42 0.42 0.42 [11] 0.42 0.42 0.42 0.42 0.42 0.42 0.42 0.42 0.42 [12] 0.42 0.42 0.42 0.42 0.42 0.42 0.42 0.42 0.42 [13] 0.42 0.42 0.42 0.42 0.42 0.42 0.42 0.42 0.42 
[1] [0] 0.42 0.3833057 0.3747866 0.3874531 0.3584661 0.4234017 0.42 0.42 0.42 [1] 0.42 0.3789696 0.4210079 0.42 0.42 0.42 0.42 0.42 0.42 [2] 0.42 0.4126273 0.4137349 0.42 0.42 0.42 0.42 0.42 0.42 [3] 0.42 0.42 0.4120338 0.3800464 0.42 0.4147771 0.42 0.42 0.42 [4] 0.42 0.42 0.4171893 0.3866775 0.42 0.4062297 0.42 0.42 0.42 [5] 0.42 0.4144812 0.4125963 0.42 0.4135315 0.42 0.42 0.42 0.42 [6] 0.42 0.4158939 0.42 0.4103256 0.42 0.42 0.42 0.42 0.42 [7] 0.42 0.42 0.4134968 0.42 0.42 0.4107187 0.42 0.42 0.42 [8] 0.42 0.42 0.42 0.4149893 0.42 0.42 0.42 0.42 0.42 [9] 0.42 0.4133959 0.42 0.3996875 0.42 0.42 0.42 0.42 0.42 [10] 0.42 0.42 0.4221383 0.42 0.4185208 0.42 0.42 0.42 0.42 [11] 0.42 0.42 0.4103048 0.4182564 0.42 0.42 0.42 0.42 0.42 [12] 0.42 0.42 0.4170102 0.42 0.42 0.42 0.42 0.42 0.42 [13] 0.42 0.42 0.42 0.42 0.42 0.42 0.42 0.42 0.42 
[2] [0] 0.42 0.3518831 0.3461445 0.3515292 0.3498372 0.4038211 0.42 0.42 0.42 [1] 0.42 0.3788741 0.3972536 0.42 0.42 0.42 0.42 0.42 0.42 [2] 0.42 0.3540659 0.3096078 0.42 0.42 0.42 0.42 0.42 0.42 [3] 0.42 0.42 0.3952641 0.3595557 0.42 0.4157773 0.42 0.42 0.42 [4] 0.42 0.42 0.4091147 0.3681067 0.42 0.4029577 0.42 0.42 0.42 [5] 0.42 0.4174649 0.408033 0.42 0.4030837 0.42 0.42 0.42 0.42 [6] 0.42 0.3950213 0.42 0.4195507 0.42 0.42 0.42 0.42 0.42 [7] 0.42 0.42 0.4196048 0.42 0.42 0.4136233 0.42 0.42 0.42 [8] 0.42 0.42 0.42 0.4173732 0.42 0.42 0.42 0.42 0.42 [9] 0.42 0.4135098 0.42 0.4113862 0.42 0.42 0.42 0.42 0.42 [10] 0.42 0.42 0.4147799 0.4195318 0.415057 0.42 0.42 0.42 0.42 [11] 0.42 0.42 0.3914214 0.4111983 0.42 0.42 0.42 0.42 0.42 [12] 0.42 0.42 0.3636976 0.416601 0.42 0.42 0.42 0.42 0.42 [13] 0.42 0.42 0.42 0.4198181 0.42 0.42 0.42 0.42 0.42 
[15] 
[0] [0] 0.42 0.42 0.42 0.42 0.42 0.42 0.42 0.42 0.42 [1] 0.42 0.42 0.42 0.42 0.42 0.42 0.42 0.42 0.42 [2] 0.42 0.42 0.42 0.42 0.42 0.42 0.42 0.42 0.42 [3] 0.42 0.42 0.42 0.42 0.42 0.42 0.42 0.42 0.42 [4] 0.42 0.42 0.42 0.42 0.42 0.42 0.42 0.42 0.42 [5] 0.42 0.42 0.42 0.42 0.42 0.42 0.42 0.42 0.42 [6] 0.42 0.42 0.42 0.42 0.42 0.42 0.42 0.42 0.42 [7] 0.42 0.42 0.42 0.42 0.42 0.42 0.42 0.42 0.42 [8] 0.42 0.42 0.42 0.42 0.42 0.42 0.42 0.42 0.42 [9] 0.42 0.42 0.42 0.42 0.42 0.42 0.42 0.42 0.42 [10] 0.42 0.42 0.42 0.42 0.42 0.42 0.42 0.42 0.42 [11] 0.42 0.42 0.42 0.42 0.42 0.42 0.42 0.42 0.42 [12] 0.42 0.42 0.42 0.42 0.42 0.42 0.42 0.42 0.42 [13] 0.42 0.42 0.42 0.42 0.42 0.42 0.42 0.42 0.42 
[1] [0] 0.42 0.2050784 0.2031912 0.2989522 0.2708558 0.3880819 0.42 0.42 0.42 [1] 0.42 0.2711222 0.3449589 0.42 0.42 0.42 0.42 0.42 0.42 [2] 0.42 0.3670376 0.3196469 0.42 0.42 0.42 0.42 0.42 0.42 [3] 0.42 0.42 0.337283 0.2495815 0.42 0.3717835 0.42 0.42 0.42 [4] 0.42 0.42 0.4149501 0.2418293 0.42 0.3272492 0.42 0.42 0.42 [5] 0.42 0.4147517 0.4125767 0.42 0.3854769 0.42 0.42 0.42 0.42 [6] 0.42 0.3573726 0.42 0.4154967 0.42 0.42 0.42 0.42 0.42 [7] 0.42 0.42 0.4114515 0.42 0.42 0.4113388 0.42 0.42 0.42 [8] 0.42 0.42 0.42 0.4140354 0.42 0.42 0.42 0.42 0.42 [9] 0.42 0.4057226 0.42 0.3199947 0.42 0.42 0.42 0.42 0.42 [10] 0.42 0.42 0.4107126 0.4178088 0.4137998 0.42 0.42 0.42 0.42 [11] 0.42 0.42 0.3278856 0.4156061 0.42 0.42 0.42 0.42 0.42 [12] 0.42 0.42 0.2887126 0.3468137 0.42 0.42 0.42 0.42 0.42 [13] 0.42 0.42 0.42 0.42 0.42 0.42 0.42 0.42 0.42 
[2] [0] 0.42 0.3924371 0.3874706 0.3742875 0.4140886 0.4007841 0.42 0.42 0.42 [1] 0.42 0.4054843 0.3789031 0.42 0.42 0.42 0.42 0.42 0.42 [2] 0.42 0.371842 0.3144242 0.42 0.42 0.42 0.42 0.42 0.42 [3] 0.42 0.42 0.3735312 0.3987803 0.42 0.4096121 0.42 0.42 0.42 [4] 0.42 0.42 0.4021349 0.3921874 0.42 0.4057665 0.42 0.42 0.42 [5] 0.42 0.4107628 0.3975317 0.42 0.3880658 0.42 0.42 0.42 0.42 [6] 0.42 0.3796293 0.42 0.4017595 0.42 0.42 0.42 0.42 0.42 [7] 0.42 0.42 0.4086167 0.42 0.42 0.4175564 0.42 0.42 0.42 [8] 0.42 0.42 0.42 0.4041171 0.42 0.42 0.42 0.42 0.42 [9] 0.42 0.4210532 0.42 0.3875256 0.42 0.42 0.42 0.42 0.42 [10] 0.42 0.42 0.4081968 0.416728 0.4104137 0.42 0.42 0.42 0.42 [11] 0.42 0.42 0.4154082 0.4103394 0.42 0.42 0.42 0.42 0.42 [12] 0.42 0.42 0.3826697 0.4073147 0.42 0.42 0.42 0.42 0.42 [13] 0.42 0.42 0.42 0.4085635 0.42 0.42 0.42 0.42 0.42 
[16] 
[0] [0] 0.42 0.42 0.42 0.42 0.42 0.42 0.42 0.42 0.42 [1] 0.42 0.42 0.42 0.42 0.42 0.42 0.42 0.42 0.42 [2] 0.42 0.42 0.42 0.42 0.42 0.42 0.42 0.42 0.42 [3] 0.42 0.42 0.42 0.42 0.42 0.42 0.42 0.42 0.42 [4] 0.42 0.42 0.42 0.42 0.42 0.42 0.42 0.42 0.42 [5] 0.42 0.42 0.42 0.42 0.42 0.42 0.42 0.42 0.42 [6] 0.42 0.42 0.42 0.42 0.42 0.42 0.42 0.42 0.42 [7] 0.42 0.42 0.42 0.42 0.42 0.42 0.42 0.42 0.42 [8] 0.42 0.42 0.42 0.42 0.42 0.42 0.42 0.42 0.42 [9] 0.42 0.42 0.42 0.42 0.42 0.42 0.42 0.42 0.42 [10] 0.42 0.42 0.42 0.42 0.42 0.42 0.42 0.42 0.42 [11] 0.42 0.42 0.42 0.42 0.42 0.42 0.42 0.42 0.42 [12] 0.42 0.42 0.42 0.42 0.42 0.42 0.42 0.42 0.42 [13] 0.42 0.42 0.42 0.42 0.42 0.42 0.42 0.42 0.42 
[1] [0] 0.42 0.3986306 0.3990843 0.4169785 0.4260205 0.4205673 0.42 0.42 0.42 [1] 0.42 0.4250995 0.4148532 0.42 0.42 0.42 0.42 0.42 0.42 [2] 0.42 0.3112724 0.2098805 0.42 0.42 0.42 0.42 0.42 0.42 [3] 0.42 0.42 0.4079358 0.4036237 0.42 0.4260396 0.42 0.42 0.42 [4] 0.42 0.42 0.4024384 0.4168032 0.42 0.427406 0.42 0.42 0.42 [5] 0.42 0.3949503 0.3143677 0.42 0.3412026 0.42 0.42 0.42 0.42 [6] 0.42 0.4188542 0.42 0.416238 0.42 0.42 0.42 0.42 0.42 [7] 0.42 0.42 0.4170352 0.42 0.42 0.3928729 0.42 0.42 0.42 [8] 0.42 0.42 0.42 0.3385637 0.42 0.42 0.42 0.42 0.42 [9] 0.42 0.4041964 0.42 0.4209276 0.42 0.42 0.42 0.42 0.42 [10] 0.42 0.42 0.3813502 0.3746414 0.4120785 0.42 0.42 0.42 0.42 [11] 0.42 0.42 0.4158383 0.4044096 0.42 0.42 0.42 0.42 0.42 [12] 0.42 0.42 0.4048878 0.42 0.42 0.42 0.42 0.42 0.42 [13] 0.42 0.42 0.42 0.3708136 0.3990454 0.42 0.42 0.42 0.42 
[2] [0] 0.42 0.42 0.42 0.42 0.42 0.42 0.42 0.42 0.42 [1] 0.42 0.42 0.42 0.42 0.42 0.42 0.42 0.42 0.42 [2] 0.42 0.42 0.42 0.42 0.42 0.42 0.42 0.42 0.42 [3] 0.42 0.42 0.42 0.42 0.42 0.42 0.42 0.42 0.42 [4] 0.42 0.42 0.42 0.42 0.42 0.42 0.42 0.42 0.42 [5] 0.42 0.42 0.42 0.42 0.42 0.42 0.42 0.42 0.42 [6] 0.42 0.42 0.42 0.42 0.42 0.42 0.42 0.42 0.42 [7] 0.42 0.42 0.42 0.42 0.42 0.42 0.42 0.42 0.42 [8] 0.42 0.42 0.42 0.42 0.42 0.42 0.42 0.42 0.42 [9] 0.42 0.42 0.42 0.42 0.42 0.42 0.42 0.42 0.42 [10] 0.42 0.42 0.42 0.42 0.42 0.42 0.42 0.42 0.42 [11] 0.42 0.42 0.42 0.42 0.42 0.42 0.42 0.42 0.42 [12] 0.42 0.42 0.42 0.42 0.42 0.42 0.42 0.42 0.42 [13] 0.42 0.42 0.42 0.42 0.42 0.42 0.42 0.42 0.42 
[17] 
[0] [0] 0.42 0.42 0.42 0.42 0.42 0.42 0.42 0.42 0.42 [1] 0.42 0.42 0.42 0.42 0.42 0.42 0.42 0.42 0.42 [2] 0.42 0.42 0.42 0.42 0.42 0.42 0.42 0.42 0.42 [3] 0.42 0.42 0.42 0.42 0.42 0.42 0.42 0.42 0.42 [4] 0.42 0.42 0.42 0.42 0.42 0.42 0.42 0.42 0.42 [5] 0.42 0.42 0.42 0.42 0.42 0.42 0.42 0.42 0.42 [6] 0.42 0.42 0.42 0.42 0.42 0.42 0.42 0.42 0.42 [7] 0.42 0.42 0.42 0.42 0.42 0.42 0.42 0.42 0.42 [8] 0.42 0.42 0.42 0.42 0.42 0.42 0.42 0.42 0.42 [9] 0.42 0.42 0.42 0.42 0.42 0.42 0.42 0.42 0.42 [10] 0.42 0.42 0.42 0.42 0.42 0.42 0.42 0.42 0.42 [11] 0.42 0.42 0.42 0.42 0.42 0.42 0.42 0.42 0.42 [12] 0.42 0.42 0.42 0.42 0.42 0.42 0.42 0.42 0.42 [13] 0.42 0.42 0.42 0.42 0.42 0.42 0.42 0.42 0.42 
[1] [0] 0.42 0.2568044 0.2537572 0.3018737 0.3010966 0.4022827 0.42 0.42 0.42 [1] 0.42 0.2926218 0.3818525 0.42 0.42 0.42 0.42 0.42 0.42 [2] 0.42 0.384201 0.3532909 0.42 0.42 0.42 0.42 0.42 0.42 [3] 0.42 0.42 0.337617 0.266885 0.42 0.3994594 0.42 0.42 0.42 [4] 0.42 0.42 0.4065172 0.2660238 0.42 0.3465604 0.42 0.42 0.42 [5] 0.42 0.4061249 0.4080358 0.42 0.4056766 0.42 0.42 0.42 0.42 [6] 0.42 0.3724002 0.42 0.4053321 0.42 0.42 0.42 0.42 0.42 [7] 0.42 0.42 0.4036361 0.42 0.42 0.4114675 0.42 0.42 0.42 [8] 0.42 0.42 0.42 0.408856 0.42 0.42 0.42 0.42 0.42 [9] 0.42 0.4064866 0.42 0.3234117 0.42 0.42 0.42 0.42 0.42 [10] 0.42 0.42 0.4134356 0.416886 0.4030457 0.42 0.42 0.42 0.42 [11] 0.42 0.42 0.3477671 0.4028225 0.42 0.42 0.42 0.42 0.42 [12] 0.42 0.42 0.3235291 0.3576843 0.42 0.42 0.42 0.42 0.42 [13] 0.42 0.42 0.42 0.42 0.42 0.42 0.42 0.42 0.42 
[2] [0] 0.42 0.353383 0.3599927 0.3489518 0.373118 0.42 0.42 0.42 0.42 [1] 0.42 0.3652782 0.402977 0.42 0.42 0.42 0.42 0.42 0.42 [2] 0.42 0.349091 0.3427118 0.42 0.42 0.42 0.42 0.42 0.42 [3] 0.42 0.42 0.3896134 0.3567514 0.42 0.42 0.42 0.42 0.42 [4] 0.42 0.42 0.42 0.3556318 0.42 0.3991199 0.42 0.42 0.42 [5] 0.42 0.3996036 0.4146814 0.42 0.410192 0.42 0.42 0.42 0.42 [6] 0.42 0.3819636 0.42 0.4057826 0.42 0.42 0.42 0.42 0.42 [7] 0.42 0.42 0.4150746 0.42 0.42 0.42 0.42 0.42 0.42 [8] 0.42 0.42 0.42 0.4199121 0.42 0.42 0.42 0.42 0.42 [9] 0.42 0.42 0.42 0.42 0.42 0.42 0.42 0.42 0.42 [10] 0.42 0.42 0.4054259 0.42 0.42 0.42 0.42 0.42 0.42 [11] 0.42 0.42 0.3897379 0.42 0.42 0.42 0.42 0.42 0.42 [12] 0.42 0.42 0.3562092 0.3933309 0.42 0.42 0.42 0.42 0.42 [13] 0.42 0.42 0.42 0.3874992 0.42 0.42 0.42 0.42 0.42 
[18] 
[0] [0] 0.42 0.42 0.42 0.42 0.42 0.42 0.42 0.42 0.42 [1] 0.42 0.42 0.42 0.42 0.42 0.42 0.42 0.42 0.42 [2] 0.42 0.42 0.42 0.42 0.42 0.42 0.42 0.42 0.42 [3] 0.42 0.42 0.42 0.42 0.42 0.42 0.42 0.42 0.42 [4] 0.42 0.42 0.42 0.42 0.42 0.42 0.42 0.42 0.42 [5] 0.42 0.42 0.42 0.42 0.42 0.42 0.42 0.42 0.42 [6] 0.42 0.42 0.42 0.42 0.42 0.42 0.42 0.42 0.42 [7] 0.42 0.42 0.42 0.42 0.42 0.42 0.42 0.42 0.42 [8] 0.42 0.42 0.42 0.42 0.42 0.42 0.42 0.42 0.42 [9] 0.42 0.42 0.42 0.42 0.42 0.42 0.42 0.42 0.42 [10] 0.42 0.42 0.42 0.42 0.42 0.42 0.42 0.42 0.42 [11] 0.42 0.42 0.42 0.42 0.42 0.42 0.42 0.42 0.42 [12] 0.42 0.42 0.42 0.42 0.42 0.42 0.42 0.42 0.42 [13] 0.42 0.42 0.42 0.42 0.42 0.42 0.42 0.42 0.42 
[1] [0] 0.42 0.3983957 0.3910365 0.4049062 0.4124049 0.4183733 0.42 0.42 0.42 [1] 0.42 0.4160809 0.4210538 0.42 0.42 0.42 0.42 0.42 0.42 [2] 0.42 0.3464898 0.2860738 0.42 0.42 0.42 0.42 0.42 0.42 [3] 0.42 0.42 0.408871 0.3994063 0.42 0.4250656 0.42 0.42 0.42 [4] 0.42 0.42 0.4105234 0.4012949 0.42 0.4179064 0.42 0.42 0.42 [5] 0.42 0.411734 0.3917844 0.42 0.3901181 0.42 0.42 0.42 0.42 [6] 0.42 0.4166067 0.42 0.4160295 0.42 0.42 0.42 0.42 0.42 [7] 0.42 0.42 0.4134307 0.42 0.42 0.4161937 0.42 0.42 0.42 [8] 0.42 0.42 0.42 0.3828432 0.42 0.42 0.42 0.42 0.42 [9] 0.42 0.4215319 0.42 0.4100842 0.42 0.42 0.42 0.42 0.42 [10] 0.42 0.42 0.4127263 0.419386 0.4146904 0.42 0.42 0.42 0.42 [11] 0.42 0.42 0.4112404 0.417232 0.42 0.42 0.42 0.42 0.42 [12] 0.42 0.42 0.4309667 0.42 0.42 0.42 0.42 0.42 0.42 [13] 0.42 0.42 0.42 0.3848196 0.42 0.42 0.42 0.42 0.42 
[2] [0] 0.42 0.42 0.42 0.42 0.42 0.42 0.42 0.42 0.42 [1] 0.42 0.42 0.42 0.42 0.42 0.42 0.42 0.42 0.42 [2] 0.42 0.42 0.42 0.42 0.42 0.42 0.42 0.42 0.42 [3] 0.42 0.42 0.42 0.42 0.42 0.42 0.42 0.42 0.42 [4] 0.42 0.42 0.42 0.42 0.42 0.42 0.42 0.42 0.42 [5] 0.42 0.42 0.42 0.42 0.42 0.42 0.42 0.42 0.42 [6] 0.42 0.42 0.42 0.42 0.42 0.42 0.42 0.42 0.42 [7] 0.42 0.42 0.42 0.42 0.42 0.42 0.42 0.42 0.42 [8] 0.42 0.42 0.42 0.42 0.42 0.42 0.42 0.42 0.42 [9] 0.42 0.42 0.42 0.42 0.42 0.42 0.42 0.42 0.42 [10] 0.42 0.42 0.42 0.42 0.42 0.42 0.42 0.42 0.42 [11] 0.42 0.42 0.42 0.42 0.42 0.42 0.42 0.42 0.42 [12] 0.42 0.42 0.42 0.42 0.42 0.42 0.42 0.42 0.42 [13] 0.42 0.42 0.42 0.42 0.42 0.42 0.42 0.42 0.42 
[19] 
[0] [0] 0.42 0.42 0.42 0.42 0.42 0.42 0.42 0.42 0.42 [1] 0.42 0.42 0.42 0.42 0.42 0.42 0.42 0.42 0.42 [2] 0.42 0.42 0.42 0.42 0.42 0.42 0.42 0.42 0.42 [3] 0.42 0.42 0.42 0.42 0.42 0.42 0.42 0.42 0.42 [4] 0.42 0.42 0.42 0.42 0.42 0.42 0.42 0.42 0.42 [5] 0.42 0.42 0.42 0.42 0.42 0.42 0.42 0.42 0.42 [6] 0.42 0.42 0.42 0.42 0.42 0.42 0.42 0.42 0.42 [7] 0.42 0.42 0.42 0.42 0.42 0.42 0.42 0.42 0.42 [8] 0.42 0.42 0.42 0.42 0.42 0.42 0.42 0.42 0.42 [9] 0.42 0.42 0.42 0.42 0.42 0.42 0.42 0.42 0.42 [10] 0.42 0.42 0.42 0.42 0.42 0.42 0.42 0.42 0.42 [11] 0.42 0.42 0.42 0.42 0.42 0.42 0.42 0.42 0.42 [12] 0.42 0.42 0.42 0.42 0.42 0.42 0.42 0.42 0.42 [13] 0.42 0.42 0.42 0.42 0.42 0.42 0.42 0.42 0.42 
[1] [0] 0.42 0.42 0.42 0.42 0.42 0.42 0.42 0.42 0.42 [1] 0.42 0.42 0.42 0.42 0.42 0.42 0.42 0.42 0.42 [2] 0.42 0.42 0.42 0.42 0.42 0.42 0.42 0.42 0.42 [3] 0.42 0.42 0.42 0.42 0.42 0.42 0.42 0.42 0.42 [4] 0.42 0.42 0.42 0.42 0.42 0.42 0.42 0.42 0.42 [5] 0.42 0.42 0.42 0.42 0.42 0.42 0.42 0.42 0.42 [6] 0.42 0.42 0.42 0.42 0.42 0.42 0.42 0.42 0.42 [7] 0.42 0.42 0.42 0.42 0.42 0.42 0.42 0.42 0.42 [8] 0.42 0.42 0.42 0.42 0.42 0.42 0.42 0.42 0.42 [9] 0.42 0.42 0.42 0.42 0.42 0.42 0.42 0.42 0.42 [10] 0.42 0.42 0.42 0.42 0.42 0.42 0.42 0.42 0.42 [11] 0.42 0.42 0.42 0.42 0.42 0.42 0.42 0.42 0.42 [12] 0.42 0.42 0.42 0.42 0.42 0.42 0.42 0.42 0.42 [13] 0.42 0.42 0.42 0.42 0.42 0.42 0.42 0.42 0.42 
[2] [0] 0.42 0.4547227 0.456224 0.4268759 0.4101079 0.4127302 0.42 0.42 0.42 [1] 0.42 0.4345688 0.4184309 0.42 0.42 0.42 0.42 0.42 0.42 [2] 0.42 0.3749208 0.3257019 0.42 0.42 0.42 0.42 0.42 0.42 [3] 0.42 0.42 0.3972805 0.4267831 0.42 0.4200496 0.42 0.42 0.42 [4] 0.42 0.42 0.4147366 0.4494635 0.42 0.4101233 0.42 0.42 0.42 [5] 0.42 0.4121954 0.4056891 0.42 0.4093277 0.42 0.42 0.42 0.42 [6] 0.42 0.4186991 0.42 0.4105844 0.42 0.42 0.42 0.42 0.42 [7] 0.42 0.42 0.4193183 0.42 0.42 0.4138369 0.42 0.42 0.42 [8] 0.42 0.42 0.42 0.4004458 0.42 0.42 0.42 0.42 0.42 [9] 0.42 0.421678 0.42 0.4325609 0.42 0.42 0.42 0.42 0.42 [10] 0.42 0.42 0.4150248 0.4180678 0.417403 0.42 0.42 0.42 0.42 [11] 0.42 0.42 0.4122939 0.4159912 0.42 0.42 0.42 0.42 0.42 [12] 0.42 0.42 0.4168633 0.42 0.42 0.42 0.42 0.42 0.42 [13] 0.42 0.42 0.42 0.42 0.42 0.42 0.42 0.42 0.42 
[20] 
[0] [0] 0.42 0.42 0.42 0.42 0.42 0.42 0.42 0.42 0.42 [1] 0.42 0.42 0.42 0.42 0.42 0.42 0.42 0.42 0.42 [2] 0.42 0.42 0.42 0.42 0.42 0.42 0.42 0.42 0.42 [3] 0.42 0.42 0.42 0.42 0.42 0.42 0.42 0.42 0.42 [4] 0.42 0.42 0.42 0.42 0.42 0.42 0.42 0.42 0.42 [5] 0.42 0.42 0.42 0.42 0.42 0.42 0.42 0.42 0.42 [6] 0.42 0.42 0.42 0.42 0.42 0.42 0.42 0.42 0.42 [7] 0.42 0.42 0.42 0.42 0.42 0.42 0.42 0.42 0.42 [8] 0.42 0.42 0.42 0.42 0.42 0.42 0.42 0.42 0.42 [9] 0.42 0.42 0.42 0.42 0.42 0.42 0.42 0.42 0.42 [10] 0.42 0.42 0.42 0.42 0.42 0.42 0.42 0.42 0.42 [11] 0.42 0.42 0.42 0.42 0.42 0.42 0.42 0.42 0.42 [12] 0.42 0.42 0.42 0.42 0.42 0.42 0.42 0.42 0.42 [13] 0.42 0.42 0.42 0.42 0.42 0.42 0.42 0.42 0.42 
[1] [0] 0.42 0.42 0.42 0.42 0.42 0.42 0.42 0.42 0.42 [1] 0.42 0.42 0.42 0.42 0.42 0.42 0.42 0.42 0.42 [2] 0.42 0.42 0.42 0.42 0.42 0.42 0.42 0.42 0.42 [3] 0.42 0.42 0.42 0.42 0.42 0.42 0.42 0.42 0.42 [4] 0.42 0.42 0.42 0.42 0.42 0.42 0.42 0.42 0.42 [5] 0.42 0.42 0.42 0.42 0.42 0.42 0.42 0.42 0.42 [6] 0.42 0.42 0.42 0.42 0.42 0.42 0.42 0.42 0.42 [7] 0.42 0.42 0.42 0.42 0.42 0.42 0.42 0.42 0.42 [8] 0.42 0.42 0.42 0.42 0.42 0.42 0.42 0.42 0.42 [9] 0.42 0.42 0.42 0.42 0.42 0.42 0.42 0.42 0.42 [10] 0.42 0.42 0.42 0.42 0.42 0.42 0.42 0.42 0.42 [11] 0.42 0.42 0.42 0.42 0.42 0.42 0.42 0.42 0.42 [12] 0.42 0.42 0.42 0.42 0.42 0.42 0.42 0.42 0.42 [13] 0.42 0.42 0.42 0.42 0.42 0.42 0.42 0.42 0.42 
[2] [0] 0.42 0.4029008 0.4028997 0.3709271 0.3756311 0.4110402 0.42 0.42 0.42 [1] 0.42 0.3939098 0.382155 0.42 0.42 0.42 0.42 0.42 0.42 [2] 0.42 0.347045 0.3418466 0.42 0.42 0.42 0.42 0.42 0.42 [3] 0.42 0.42 0.380751 0.3988611 0.42 0.4019734 0.42 0.42 0.42 [4] 0.42 0.42 0.4124034 0.3971748 0.42 0.3973584 0.42 0.42 0.42 [5] 0.42 0.4147248 0.4109298 0.42 0.3838519 0.42 0.42 0.42 0.42 [6] 0.42 0.4030589 0.42 0.4125168 0.42 0.42 0.42 0.42 0.42 [7] 0.42 0.42 0.4156056 0.42 0.42 0.4142508 0.42 0.42 0.42 [8] 0.42 0.42 0.42 0.4081641 0.42 0.42 0.42 0.42 0.42 [9] 0.42 0.4189433 0.42 0.3878132 0.42 0.42 0.42 0.42 0.42 [10] 0.42 0.42 0.4144808 0.4186388 0.4131709 0.42 0.42 0.42 0.42 [11] 0.42 0.42 0.3982864 0.4156604 0.42 0.42 0.42 0.42 0.42 [12] 0.42 0.42 0.3651088 0.42 0.42 0.42 0.42 0.42 0.42 [13] 0.42 0.42 0.42 0.4132056 0.42 0.42 0.42 0.42 0.42 
[21] 
[0] [0] 0.42 0.42 0.42 0.42 0.42 0.42 0.42 0.42 0.42 [1] 0.42 0.42 0.42 0.42 0.42 0.42 0.42 0.42 0.42 [2] 0.42 0.42 0.42 0.42 0.42 0.42 0.42 0.42 0.42 [3] 0.42 0.42 0.42 0.42 0.42 0.42 0.42 0.42 0.42 [4] 0.42 0.42 0.42 0.42 0.42 0.42 0.42 0.42 0.42 [5] 0.42 0.42 0.42 0.42 0.42 0.42 0.42 0.42 0.42 [6] 0.42 0.42 0.42 0.42 0.42 0.42 0.42 0.42 0.42 [7] 0.42 0.42 0.42 0.42 0.42 0.42 0.42 0.42 0.42 [8] 0.42 0.42 0.42 0.42 0.42 0.42 0.42 0.42 0.42 [9] 0.42 0.42 0.42 0.42 0.42 0.42 0.42 0.42 0.42 [10] 0.42 0.42 0.42 0.42 0.42 0.42 0.42 0.42 0.42 [11] 0.42 0.42 0.42 0.42 0.42 0.42 0.42 0.42 0.42 [12] 0.42 0.42 0.42 0.42 0.42 0.42 0.42 0.42 0.42 [13] 0.42 0.42 0.42 0.42 0.42 0.42 0.42 0.42 0.42 
[1] [0] 0.42 0.42 0.42 0.42 0.42 0.42 0.42 0.42 0.42 [1] 0.42 0.42 0.42 0.42 0.42 0.42 0.42 0.42 0.42 [2] 0.42 0.42 0.42 0.42 0.42 0.42 0.42 0.42 0.42 [3] 0.42 0.42 0.42 0.42 0.42 0.42 0.42 0.42 0.42 [4] 0.42 0.42 0.42 0.42 0.42 0.42 0.42 0.42 0.42 [5] 0.42 0.42 0.42 0.42 0.42 0.42 0.42 0.42 0.42 [6] 0.42 0.42 0.42 0.42 0.42 0.42 0.42 0.42 0.42 [7] 0.42 0.42 0.42 0.42 0.42 0.42 0.42 0.42 0.42 [8] 0.42 0.42 0.42 0.42 0.42 0.42 0.42 0.42 0.42 [9] 0.42 0.42 0.42 0.42 0.42 0.42 0.42 0.42 0.42 [10] 0.42 0.42 0.42 0.42 0.42 0.42 0.42 0.42 0.42 [11] 0.42 0.42 0.42 0.42 0.42 0.42 0.42 0.42 0.42 [12] 0.42 0.42 0.42 0.42 0.42 0.42 0.42 0.42 0.42 [13] 0.42 0.42 0.42 0.42 0.42 0.42 0.42 0.42 0.42 
[2] [0] 0.42 0.4083681 0.4034748 0.4176849 0.4658999 0.4509366 0.42 0.42 0.42 [1] 0.42 0.4233284 0.4253303 0.42 0.42 0.42 0.42 0.42 0.42 [2] 0.42 0.3156039 0.1956433 0.42 0.42 0.42 0.42 0.42 0.42 [3] 0.42 0.42 0.418148 0.4179498 0.42 0.4578522 0.42 0.42 0.42 [4] 0.42 0.42 0.3958231 0.423373 0.42 0.4612108 0.42 0.42 0.42 [5] 0.42 0.3964014 0.3130738 0.42 0.3736233 0.42 0.42 0.42 0.42 [6] 0.42 0.415502 0.42 0.4029829 0.42 0.42 0.42 0.42 0.42 [7] 0.42 0.42 0.3995296 0.42 0.42 0.402486 0.42 0.42 0.42 [8] 0.42 0.42 0.42 0.3317873 0.42 0.42 0.42 0.42 0.42 [9] 0.42 0.4173987 0.42 0.4284908 0.42 0.42 0.42 0.42 0.42 [10] 0.42 0.42 0.3775756 0.3818998 0.4157129 0.42 0.42 0.42 0.42 [11] 0.42 0.42 0.4270189 0.4220679 0.42 0.42 0.42 0.42 0.42 [12] 0.42 0.3772509 0.4358144 0.42 0.42 0.42 0.42 0.42 0.42 [13] 0.42 0.42 0.42 0.3845257 0.42 0.42 0.42 0.42 0.42 
[22] 
[0] [0] 0.42 0.42 0.42 0.42 0.42 0.42 0.42 0.42 0.42 [1] 0.42 0.42 0.42 0.42 0.42 0.42 0.42 0.42 0.42 [2] 0.42 0.42 0.42 0.42 0.42 0.42 0.42 0.42 0.42 [3] 0.42 0.42 0.42 0.42 0.42 0.42 0.42 0.42 0.42 [4] 0.42 0.42 0.42 0.42 0.42 0.42 0.42 0.42 0.42 [5] 0.42 0.42 0.42 0.42 0.42 0.42 0.42 0.42 0.42 [6] 0.42 0.42 0.42 0.42 0.42 0.42 0.42 0.42 0.42 [7] 0.42 0.42 0.42 0.42 0.42 0.42 0.42 0.42 0.42 [8] 0.42 0.42 0.42 0.42 0.42 0.42 0.42 0.42 0.42 [9] 0.42 0.42 0.42 0.42 0.42 0.42 0.42 0.42 0.42 [10] 0.42 0.42 0.42 0.42 0.42 0.42 0.42 0.42 0.42 [11] 0.42 0.42 0.42 0.42 0.42 0.42 0.42 0.42 0.42 [12] 0.42 0.42 0.42 0.42 0.42 0.42 0.42 0.42 0.42 [13] 0.42 0.42 0.42 0.42 0.42 0.42 0.42 0.42 0.42 
[1] [0] 0.42 0.42 0.42 0.42 0.42 0.42 0.42 0.42 0.42 [1] 0.42 0.42 0.42 0.42 0.42 0.42 0.42 0.42 0.42 [2] 0.42 0.42 0.42 0.42 0.42 0.42 0.42 0.42 0.42 [3] 0.42 0.42 0.42 0.42 0.42 0.42 0.42 0.42 0.42 [4] 0.42 0.42 0.42 0.42 0.42 0.42 0.42 0.42 0.42 [5] 0.42 0.42 0.42 0.42 0.42 0.42 0.42 0.42 0.42 [6] 0.42 0.42 0.42 0.42 0.42 0.42 0.42 0.42 0.42 [7] 0.42 0.42 0.42 0.42 0.42 0.42 0.42 0.42 0.42 [8] 0.42 0.42 0.42 0.42 0.42 0.42 0.42 0.42 0.42 [9] 0.42 0.42 0.42 0.42 0.42 0.42 0.42 0.42 0.42 [10] 0.42 0.42 0.42 0.42 0.42 0.42 0.42 0.42 0.42 [11] 0.42 0.42 0.42 0.42 0.42 0.42 0.42 0.42 0.42 [12] 0.42 0.42 0.42 0.42 0.42 0.42 0.42 0.42 0.42 [13] 0.42 0.42 0.42 0.42 0.42 0.42 0.42 0.42 0.42 
[2] [0] 0.42 0.4894477 0.4881142 0.489298 0.4512023 0.4336185 0.42 0.42 0.42 [1] 0.42 0.5024521 0.4507665 0.42 0.42 0.42 0.42 0.42 0.42 [2] 0.42 0.3105257 0.2085521 0.42 0.42 0.42 0.42 0.42 0.42 [3] 0.42 0.42 0.4067323 0.4851207 0.42 0.4252006 0.42 0.42 0.42 [4] 0.42 0.42 0.3683657 0.4880121 0.42 0.4567096 0.42 0.42 0.42 [5] 0.42 0.3942403 0.3996438 0.42 0.4076944 0.42 0.42 0.42 0.42 [6] 0.42 0.4135136 0.42 0.3591022 0.42 0.42 0.42 0.42 0.42 [7] 0.42 0.42 0.4147564 0.42 0.42 0.4221901 0.42 0.42 0.42 [8] 0.42 0.42 0.42 0.3777696 0.42 0.42 0.42 0.42 0.42 [9] 0.42 0.4250716 0.42 0.484798 0.42 0.42 0.42 0.42 0.42 [10] 0.42 0.42 0.3581296 0.3787722 0.4164502 0.42 0.42 0.42 0.42 [11] 0.42 0.42 0.4352184 0.4584073 0.42 0.42 0.42 0.42 0.42 [12] 0.42 0.3652913 0.4035587 0.42 0.42 0.42 0.42 0.42 0.42 [13] 0.42 0.42 0.42 0.3791708 0.4101443 0.42 0.42 0.42 0.42 
[23] 
[0] [0] 0.42 0.42 0.42 0.42 0.42 0.42 0.42 0.42 0.42 [1] 0.42 0.42 0.42 0.42 0.42 0.42 0.42 0.42 0.42 [2] 0.42 0.42 0.42 0.42 0.42 0.42 0.42 0.42 0.42 [3] 0.42 0.42 0.42 0.42 0.42 0.42 0.42 0.42 0.42 [4] 0.42 0.42 0.42 0.42 0.42 0.42 0.42 0.42 0.42 [5] 0.42 0.42 0.42 0.42 0.42 0.42 0.42 0.42 0.42 [6] 0.42 0.42 0.42 0.42 0.42 0.42 0.42 0.42 0.42 [7] 0.42 0.42 0.42 0.42 0.42 0.42 0.42 0.42 0.42 [8] 0.42 0.42 0.42 0.42 0.42 0.42 0.42 0.42 0.42 [9] 0.42 0.42 0.42 0.42 0.42 0.42 0.42 0.42 0.42 [10] 0.42 0.42 0.42 0.42 0.42 0.42 0.42 0.42 0.42 [11] 0.42 0.42 0.42 0.42 0.42 0.42 0.42 0.42 0.42 [12] 0.42 0.42 0.42 0.42 0.42 0.42 0.42 0.42 0.42 [13] 0.42 0.42 0.42 0.42 0.42 0.42 0.42 0.42 0.42 
[1] [0] 0.42 0.42 0.42 0.42 0.42 0.42 0.42 0.42 0.42 [1] 0.42 0.42 0.42 0.42 0.42 0.42 0.42 0.42 0.42 [2] 0.42 0.42 0.42 0.42 0.42 0.42 0.42 0.42 0.42 [3] 0.42 0.42 0.42 0.42 0.42 0.42 0.42 0.42 0.42 [4] 0.42 0.42 0.42 0.42 0.42 0.42 0.42 0.42 0.42 [5] 0.42 0.42 0.42 0.42 0.42 0.42 0.42 0.42 0.42 [6] 0.42 0.42 0.42 0.42 0.42 0.42 0.42 0.42 0.42 [7] 0.42 0.42 0.42 0.42 0.42 0.42 0.42 0.42 0.42 [8] 0.42 0.42 0.42 0.42 0.42 0.42 0.42 0.42 0.42 [9] 0.42 0.42 0.42 0.42 0.42 0.42 0.42 0.42 0.42 [10] 0.42 0.42 0.42 0.42 0.42 0.42 0.42 0.42 0.42 [11] 0.42 0.42 0.42 0.42 0.42 0.42 0.42 0.42 0.42 [12] 0.42 0.42 0.42 0.42 0.42 0.42 0.42 0.42 0.42 [13] 0.42 0.42 0.42 0.42 0.42 0.42 0.42 0.42 0.42 
[2] [0] 0.42 0.4182241 0.4227549 0.4234983 0.4511972 0.4369968 0.42 0.42 0.42 [1] 0.42 0.4240584 0.4245988 0.42 0.42 0.42 0.42 0.42 0.42 [2] 0.42 0.3211988 0.1932372 0.42 0.42 0.42 0.42 0.42 0.42 [3] 0.42 0.42 0.4565765 0.4356398 0.42 0.4501579 0.42 0.42 0.42 [4] 0.42 0.42 0.3878632 0.4363336 0.42 0.4485094 0.42 0.42 0.42 [5] 0.42 0.3704414 0.3386949 0.42 0.3639617 0.42 0.42 0.42 0.42 [6] 0.42 0.4172929 0.42 0.3932279 0.42 0.42 0.42 0.42 0.42 [7] 0.42 0.42 0.3643607 0.42 0.42 0.4071977 0.42 0.42 0.42 [8] 0.42 0.42 0.42 0.3256253 0.42 0.42 0.42 0.42 0.42 [9] 0.42 0.4254301 0.42 0.4332909 0.42 0.42 0.42 0.42 0.42 [10] 0.42 0.42 0.3814063 0.3845317 0.4199219 0.42 0.42 0.42 0.42 [11] 0.42 0.42 0.4237837 0.4094343 0.42 0.42 0.42 0.42 0.42 [12] 0.42 0.3799161 0.4503949 0.42 0.42 0.42 0.42 0.42 0.42 [13] 0.42 0.42 0.42 0.3889431 0.42 0.42 0.42 0.42 0.42 
[24] 
[0] [0] 0.42 0.42 0.42 0.42 0.42 0.42 0.42 0.42 0.42 [1] 0.42 0.42 0.42 0.42 0.42 0.42 0.42 0.42 0.42 [2] 0.42 0.42 0.42 0.42 0.42 0.42 0.42 0.42 0.42 [3] 0.42 0.42 0.42 0.42 0.42 0.42 0.42 0.42 0.42 [4] 0.42 0.42 0.42 0.42 0.42 0.42 0.42 0.42 0.42 [5] 0.42 0.42 0.42 0.42 0.42 0.42 0.42 0.42 0.42 [6] 0.42 0.42 0.42 0.42 0.42 0.42 0.42 0.42 0.42 [7] 0.42 0.42 0.42 0.42 0.42 0.42 0.42 0.42 0.42 [8] 0.42 0.42 0.42 0.42 0.42 0.42 0.42 0.42 0.42 [9] 0.42 0.42 0.42 0.42 0.42 0.42 0.42 0.42 0.42 [10] 0.42 0.42 0.42 0.42 0.42 0.42 0.42 0.42 0.42 [11] 0.42 0.42 0.42 0.42 0.42 0.42 0.42 0.42 0.42 [12] 0.42 0.42 0.42 0.42 0.42 0.42 0.42 0.42 0.42 [13] 0.42 0.42 0.42 0.42 0.42 0.42 0.42 0.42 0.42 
[1] [0] 0.42 0.42 0.42 0.42 0.42 0.42 0.42 0.42 0.42 [1] 0.42 0.42 0.42 0.42 0.42 0.42 0.42 0.42 0.42 [2] 0.42 0.42 0.42 0.42 0.42 0.42 0.42 0.42 0.42 [3] 0.42 0.42 0.42 0.42 0.42 0.42 0.42 0.42 0.42 [4] 0.42 0.42 0.42 0.42 0.42 0.42 0.42 0.42 0.42 [5] 0.42 0.42 0.42 0.42 0.42 0.42 0.42 0.42 0.42 [6] 0.42 0.42 0.42 0.42 0.42 0.42 0.42 0.42 0.42 [7] 0.42 0.42 0.42 0.42 0.42 0.42 0.42 0.42 0.42 [8] 0.42 0.42 0.42 0.42 0.42 0.42 0.42 0.42 0.42 [9] 0.42 0.42 0.42 0.42 0.42 0.42 0.42 0.42 0.42 [10] 0.42 0.42 0.42 0.42 0.42 0.42 0.42 0.42 0.42 [11] 0.42 0.42 0.42 0.42 0.42 0.42 0.42 0.42 0.42 [12] 0.42 0.42 0.42 0.42 0.42 0.42 0.42 0.42 0.42 [13] 0.42 0.42 0.42 0.42 0.42 0.42 0.42 0.42 0.42 
[2] [0] 0.42 0.4779354 0.4765881 0.4396038 0.4330603 0.4206927 0.42 0.42 0.42 [1] 0.42 0.4809934 0.4230893 0.42 0.42 0.42 0.42 0.42 0.42 [2] 0.42 0.3026781 0.2108699 0.42 0.42 0.42 0.42 0.42 0.42 [3] 0.42 0.42 0.3780812 0.4640145 0.42 0.4320154 0.42 0.42 0.42 [4] 0.42 0.42 0.3987115 0.4633421 0.42 0.4246407 0.42 0.42 0.42 [5] 0.42 0.3951095 0.3411171 0.42 0.3622274 0.42 0.42 0.42 0.42 [6] 0.42 0.4191291 0.42 0.4177089 0.42 0.42 0.42 0.42 0.42 [7] 0.42 0.42 0.394658 0.42 0.42 0.4030176 0.42 0.42 0.42 [8] 0.42 0.42 0.42 0.3356172 0.42 0.42 0.42 0.42 0.42 [9] 0.42 0.419178 0.42 0.4703574 0.42 0.42 0.42 0.42 0.42 [10] 0.42 0.42 0.3980483 0.4047498 0.4155565 0.42 0.42 0.42 0.42 [11] 0.42 0.42 0.418878 0.4318155 0.42 0.42 0.42 0.42 0.42 [12] 0.42 0.42 0.4233499 0.42 0.42 0.42 0.42 0.42 0.42 [13] 0.42 0.42 0.42 0.383588 0.42 0.42 0.42 0.42 0.42 
[25] 
[0] [0] 0.42 0.42 0.42 0.42 0.42 0.42 0.42 0.42 0.42 [1] 0.42 0.42 0.42 0.42 0.42 0.42 0.42 0.42 0.42 [2] 0.42 0.42 0.42 0.42 0.42 0.42 0.42 0.42 0.42 [3] 0.42 0.42 0.42 0.42 0.42 0.42 0.42 0.42 0.42 [4] 0.42 0.42 0.42 0.42 0.42 0.42 0.42 0.42 0.42 [5] 0.42 0.42 0.42 0.42 0.42 0.42 0.42 0.42 0.42 [6] 0.42 0.42 0.42 0.42 0.42 0.42 0.42 0.42 0.42 [7] 0.42 0.42 0.42 0.42 0.42 0.42 0.42 0.42 0.42 [8] 0.42 0.42 0.42 0.42 0.42 0.42 0.42 0.42 0.42 [9] 0.42 0.42 0.42 0.42 0.42 0.42 0.42 0.42 0.42 [10] 0.42 0.42 0.42 0.42 0.42 0.42 0.42 0.42 0.42 [11] 0.42 0.42 0.42 0.42 0.42 0.42 0.42 0.42 0.42 [12] 0.42 0.42 0.42 0.42 0.42 0.42 0.42 0.42 0.42 [13] 0.42 0.42 0.42 0.42 0.42 0.42 0.42 0.42 0.42 
[1] [0] 0.42 0.4315903 0.4275433 0.4213849 0.4491183 0.4585101 0.42 0.42 0.42 [1] 0.42 0.438832 0.4279353 0.42 0.42 0.42 0.42 0.42 0.42 [2] 0.42 0.3159264 0.2223637 0.42 0.42 0.42 0.42 0.42 0.42 [3] 0.42 0.42 0.464156 0.4401948 0.42 0.4748236 0.42 0.42 0.42 [4] 0.42 0.42 0.4002144 0.4331242 0.42 0.4674926 0.42 0.42 0.42 [5] 0.42 0.4099377 0.3364952 0.42 0.4068144 0.42 0.42 0.42 0.42 [6] 0.42 0.4276055 0.42 0.4131136 0.42 0.42 0.42 0.42 0.42 [7] 0.42 0.42 0.4110123 0.42 0.42 0.4621642 0.42 0.42 0.42 [8] 0.42 0.42 0.42 0.3154977 0.42 0.42 0.42 0.42 0.42 [9] 0.42 0.4079501 0.42 0.4501944 0.42 0.42 0.42 0.42 0.42 [10] 0.42 0.42 0.3950071 0.4129085 0.4209286 0.42 0.42 0.42 0.42 [11] 0.42 0.42 0.429403 0.3995633 0.42 0.42 0.42 0.42 0.42 [12] 0.42 0.42 0.4296974 0.42 0.42 0.42 0.42 0.42 0.42 [13] 0.42 0.42 0.42 0.3695397 0.42 0.42 0.42 0.42 0.42 
[2] [0] 0.42 0.5041711 0.5027026 0.5023381 0.455743 0.4540469 0.42 0.42 0.42 [1] 0.42 0.5154047 0.4408976 0.42 0.42 0.42 0.42 0.42 0.42 [2] 0.42 0.324825 0.1959971 0.42 0.42 0.42 0.42 0.42 0.42 [3] 0.42 0.42 0.4047655 0.4874357 0.42 0.4356349 0.42 0.42 0.42 [4] 0.42 0.42 0.3855388 0.497336 0.42 0.4660122 0.42 0.42 0.42 [5] 0.42 0.3783741 0.403914 0.42 0.4229643 0.42 0.42 0.42 0.42 [6] 0.42 0.409398 0.42 0.3890334 0.42 0.42 0.42 0.42 0.42 [7] 0.42 0.42 0.4287005 0.42 0.42 0.4361233 0.42 0.42 0.42 [8] 0.42 0.42 0.42 0.3595602 0.42 0.42 0.42 0.42 0.42 [9] 0.42 0.440486 0.42 0.5068425 0.42 0.42 0.42 0.42 0.42 [10] 0.42 0.42 0.382082 0.3935438 0.4200497 0.42 0.42 0.42 0.42 [11] 0.42 0.42 0.4410846 0.4541596 0.42 0.42 0.42 0.42 0.42 [12] 0.42 0.3595326 0.4046178 0.42 0.42 0.42 0.42 0.42 0.42 [13] 0.42 0.42 0.42 0.4068626 0.42 0.42 0.42 0.42 0.42 
[26] 
[0] [0] 0.42 0.42 0.42 0.42 0.42 0.42 0.42 0.42 0.42 [1] 0.42 0.42 0.42 0.42 0.42 0.42 0.42 0.42 0.42 [2] 0.42 0.42 0.42 0.42 0.42 0.42 0.42 0.42 0.42 [3] 0.42 0.42 0.42 0.42 0.42 0.42 0.42 0.42 0.42 [4] 0.42 0.42 0.42 0.42 0.42 0.42 0.42 0.42 0.42 [5] 0.42 0.42 0.42 0.42 0.42 0.42 0.42 0.42 0.42 [6] 0.42 0.42 0.42 0.42 0.42 0.42 0.42 0.42 0.42 [7] 0.42 0.42 0.42 0.42 0.42 0.42 0.42 0.42 0.42 [8] 0.42 0.42 0.42 0.42 0.42 0.42 0.42 0.42 0.42 [9] 0.42 0.42 0.42 0.42 0.42 0.42 0.42 0.42 0.42 [10] 0.42 0.42 0.42 0.42 0.42 0.42 0.42 0.42 0.42 [11] 0.42 0.42 0.42 0.42 0.42 0.42 0.42 0.42 0.42 [12] 0.42 0.42 0.42 0.42 0.42 0.42 0.42 0.42 0.42 [13] 0.42 0.42 0.42 0.42 0.42 0.42 0.42 0.42 0.42 
[1] [0] 0.42 0.42 0.42 0.42 0.42 0.42 0.42 0.42 0.42 [1] 0.42 0.42 0.42 0.42 0.42 0.42 0.42 0.42 0.42 [2] 0.42 0.42 0.42 0.42 0.42 0.42 0.42 0.42 0.42 [3] 0.42 0.42 0.42 0.42 0.42 0.42 0.42 0.42 0.42 [4] 0.42 0.42 0.42 0.42 0.42 0.42 0.42 0.42 0.42 [5] 0.42 0.42 0.42 0.42 0.42 0.42 0.42 0.42 0.42 [6] 0.42 0.42 0.42 0.42 0.42 0.42 0.42 0.42 0.42 [7] 0.42 0.42 0.42 0.42 0.42 0.42 0.42 0.42 0.42 [8] 0.42 0.42 0.42 0.42 0.42 0.42 0.42 0.42 0.42 [9] 0.42 0.42 0.42 0.42 0.42 0.42 0.42 0.42 0.42 [10] 0.42 0.42 0.42 0.42 0.42 0.42 0.42 0.42 0.42 [11] 0.42 0.42 0.42 0.42 0.42 0.42 0.42 0.42 0.42 [12] 0.42 0.42 0.42 0.42 0.42 0.42 0.42 0.42 0.42 [13] 0.42 0.42 0.42 0.42 0.42 0.42 0.42 0.42 0.42 
[2] [0] 0.42 0.4655075 0.4713503 0.4110086 0.4449901 0.4205758 0.42 0.42 0.42 [1] 0.42 0.4526913 0.4218792 0.42 0.42 0.42 0.42 0.42 0.42 [2] 0.42 0.2973643 0.2059891 0.42 0.42 0.42 0.42 0.42 0.42 [3] 0.42 0.42 0.4214704 0.4300775 0.42 0.4304225 0.42 0.42 0.42 [4] 0.42 0.42 0.3996807 0.458849 0.42 0.4240782 0.42 0.42 0.42 [5] 0.42 0.3730233 0.3326788 0.42 0.3858113 0.42 0.42 0.42 0.42 [6] 0.42 0.4170682 0.42 0.4169488 0.42 0.42 0.42 0.42 0.42 [7] 0.42 0.42 0.3749036 0.42 0.42 0.4037965 0.42 0.42 0.42 [8] 0.42 0.42 0.42 0.3409167 0.42 0.42 0.42 0.42 0.42 [9] 0.42 0.4200885 0.42 0.4510875 0.42 0.42 0.42 0.42 0.42 [10] 0.42 0.42 0.3749716 0.408632 0.4174602 0.42 0.42 0.42 0.42 [11] 0.42 0.42 0.4245931 0.4238043 0.42 0.42 0.42 0.42 0.42 [12] 0.42 0.42 0.4162513 0.42 0.42 0.42 0.42 0.42 0.42 [13] 0.42 0.42 0.42 0.3928705 0.42 0.42 0.42 0.42 0.42 
[27] 
[0] [0] 0.42 0.42 0.42 0.42 0.42 0.42 0.42 0.42 0.42 [1] 0.42 0.42 0.42 0.42 0.42 0.42 0.42 0.42 0.42 [2] 0.42 0.42 0.42 0.42 0.42 0.42 0.42 0.42 0.42 [3] 0.42 0.42 0.42 0.42 0.42 0.42 0.42 0.42 0.42 [4] 0.42 0.42 0.42 0.42 0.42 0.42 0.42 0.42 0.42 [5] 0.42 0.42 0.42 0.42 0.42 0.42 0.42 0.42 0.42 [6] 0.42 0.42 0.42 0.42 0.42 0.42 0.42 0.42 0.42 [7] 0.42 0.42 0.42 0.42 0.42 0.42 0.42 0.42 0.42 [8] 0.42 0.42 0.42 0.42 0.42 0.42 0.42 0.42 0.42 [9] 0.42 0.42 0.42 0.42 0.42 0.42 0.42 0.42 0.42 [10] 0.42 0.42 0.42 0.42 0.42 0.42 0.42 0.42 0.42 [11] 0.42 0.42 0.42 0.42 0.42 0.42 0.42 0.42 0.42 [12] 0.42 0.42 0.42 0.42 0.42 0.42 0.42 0.42 0.42 [13] 0.42 0.42 0.42 0.42 0.42 0.42 0.42 0.42 0.42 
[1] [0] 0.42 0.42 0.42 0.42 0.42 0.42 0.42 0.42 0.42 [1] 0.42 0.42 0.42 0.42 0.42 0.42 0.42 0.42 0.42 [2] 0.42 0.42 0.42 0.42 0.42 0.42 0.42 0.42 0.42 [3] 0.42 0.42 0.42 0.42 0.42 0.42 0.42 0.42 0.42 [4] 0.42 0.42 0.42 0.42 0.42 0.42 0.42 0.42 0.42 [5] 0.42 0.42 0.42 0.42 0.42 0.42 0.42 0.42 0.42 [6] 0.42 0.42 0.42 0.42 0.42 0.42 0.42 0.42 0.42 [7] 0.42 0.42 0.42 0.42 0.42 0.42 0.42 0.42 0.42 [8] 0.42 0.42 0.42 0.42 0.42 0.42 0.42 0.42 0.42 [9] 0.42 0.42 0.42 0.42 0.42 0.42 0.42 0.42 0.42 [10] 0.42 0.42 0.42 0.42 0.42 0.42 0.42 0.42 0.42 [11] 0.42 0.42 0.42 0.42 0.42 0.42 0.42 0.42 0.42 [12] 0.42 0.42 0.42 0.42 0.42 0.42 0.42 0.42 0.42 [13] 0.42 0.42 0.42 0.42 0.42 0.42 0.42 0.42 0.42 
[2] [0] 0.42 0.3739544 0.3850661 0.3622679 0.3761653 0.4098567 0.42 0.42 0.42 [1] 0.42 0.3854426 0.4088937 0.42 0.42 0.42 0.42 0.42 0.42 [2] 0.42 0.3486989 0.2972484 0.42 0.42 0.42 0.42 0.42 0.42 [3] 0.42 0.42 0.3865244 0.3773113 0.42 0.4125132 0.42 0.42 0.42 [4] 0.42 0.42 0.4052225 0.3792237 0.42 0.4005148 0.42 0.42 0.42 [5] 0.42 0.4107382 0.4077619 0.42 0.3956587 0.42 0.42 0.42 0.42 [6] 0.42 0.3858663 0.42 0.4099056 0.42 0.42 0.42 0.42 0.42 [7] 0.42 0.42 0.4090791 0.42 0.42 0.3999677 0.42 0.42 0.42 [8] 0.42 0.42 0.42 0.4043843 0.42 0.42 0.42 0.42 0.42 [9] 0.42 0.4028663 0.42 0.404214 0.42 0.42 0.42 0.42 0.42 [10] 0.42 0.42 0.4162739 0.416891 0.4107043 0.42 0.42 0.42 0.42 [11] 0.42 0.42 0.40894 0.4098589 0.42 0.42 0.42 0.42 0.42 [12] 0.42 0.42 0.3893724 0.42 0.42 0.42 0.42 0.42 0.42 [13] 0.42 0.42 0.42 0.4167694 0.42 0.42 0.42 0.42 0.42 
[28] 
[0] [0] 0.42 0.42 0.42 0.42 0.42 0.42 0.42 0.42 0.42 [1] 0.42 0.42 0.42 0.42 0.42 0.42 0.42 0.42 0.42 [2] 0.42 0.42 0.42 0.42 0.42 0.42 0.42 0.42 0.42 [3] 0.42 0.42 0.42 0.42 0.42 0.42 0.42 0.42 0.42 [4] 0.42 0.42 0.42 0.42 0.42 0.42 0.42 0.42 0.42 [5] 0.42 0.42 0.42 0.42 0.42 0.42 0.42 0.42 0.42 [6] 0.42 0.42 0.42 0.42 0.42 0.42 0.42 0.42 0.42 [7] 0.42 0.42 0.42 0.42 0.42 0.42 0.42 0.42 0.42 [8] 0.42 0.42 0.42 0.42 0.42 0.42 0.42 0.42 0.42 [9] 0.42 0.42 0.42 0.42 0.42 0.42 0.42 0.42 0.42 [10] 0.42 0.42 0.42 0.42 0.42 0.42 0.42 0.42 0.42 [11] 0.42 0.42 0.42 0.42 0.42 0.42 0.42 0.42 0.42 [12] 0.42 0.42 0.42 0.42 0.42 0.42 0.42 0.42 0.42 [13] 0.42 0.42 0.42 0.42 0.42 0.42 0.42 0.42 0.42 
[1] [0] 0.42 0.42 0.42 0.42 0.42 0.42 0.42 0.42 0.42 [1] 0.42 0.42 0.42 0.42 0.42 0.42 0.42 0.42 0.42 [2] 0.42 0.42 0.42 0.42 0.42 0.42 0.42 0.42 0.42 [3] 0.42 0.42 0.42 0.42 0.42 0.42 0.42 0.42 0.42 [4] 0.42 0.42 0.42 0.42 0.42 0.42 0.42 0.42 0.42 [5] 0.42 0.42 0.42 0.42 0.42 0.42 0.42 0.42 0.42 [6] 0.42 0.42 0.42 0.42 0.42 0.42 0.42 0.42 0.42 [7] 0.42 0.42 0.42 0.42 0.42 0.42 0.42 0.42 0.42 [8] 0.42 0.42 0.42 0.42 0.42 0.42 0.42 0.42 0.42 [9] 0.42 0.42 0.42 0.42 0.42 0.42 0.42 0.42 0.42 [10] 0.42 0.42 0.42 0.42 0.42 0.42 0.42 0.42 0.42 [11] 0.42 0.42 0.42 0.42 0.42 0.42 0.42 0.42 0.42 [12] 0.42 0.42 0.42 0.42 0.42 0.42 0.42 0.42 0.42 [13] 0.42 0.42 0.42 0.42 0.42 0.42 0.42 0.42 0.42 
[2] [0] 0.42 0.4365878 0.4364014 0.4132198 0.4278826 0.4251767 0.42 0.42 0.42 [1] 0.42 0.4485668 0.4219407 0.42 0.42 0.42 0.42 0.42 0.42 [2] 0.42 0.3280416 0.2490874 0.42 0.42 0.42 0.42 0.42 0.42 [3] 0.42 0.42 0.4101183 0.4421615 0.42 0.4368892 0.42 0.42 0.42 [4] 0.42 0.42 0.4014774 0.4458667 0.42 0.4368116 0.42 0.42 0.42 [5] 0.42 0.3980122 0.3499875 0.42 0.3728103 0.42 0.42 0.42 0.42 [6] 0.42 0.4195214 0.42 0.409395 0.42 0.42 0.42 0.42 0.42 [7] 0.42 0.42 0.4051304 0.42 0.42 0.4166446 0.42 0.42 0.42 [8] 0.42 0.42 0.42 0.3756884 0.42 0.42 0.42 0.42 0.42 [9] 0.42 0.4097505 0.42 0.4338271 0.42 0.42 0.42 0.42 0.42 [10] 0.42 0.42 0.4096137 0.419608 0.4200548 0.42 0.42 0.42 0.42 [11] 0.42 0.42 0.4248113 0.4106764 0.42 0.42 0.42 0.42 0.42 [12] 0.42 0.42 0.4168947 0.42 0.42 0.42 0.42 0.42 0.42 [13] 0.42 0.42 0.42 0.3710056 0.42 0.42 0.42 0.42 0.42 
[29] 
[0] [0] 0.42 0.42 0.42 0.42 0.42 0.42 0.42 0.42 0.42 [1] 0.42 0.42 0.42 0.42 0.42 0.42 0.42 0.42 0.42 [2] 0.42 0.42 0.42 0.42 0.42 0.42 0.42 0.42 0.42 [3] 0.42 0.42 0.42 0.42 0.42 0.42 0.42 0.42 0.42 [4] 0.42 0.42 0.42 0.42 0.42 0.42 0.42 0.42 0.42 [5] 0.42 0.42 0.42 0.42 0.42 0.42 0.42 0.42 0.42 [6] 0.42 0.42 0.42 0.42 0.42 0.42 0.42 0.42 0.42 [7] 0.42 0.42 0.42 0.42 0.42 0.42 0.42 0.42 0.42 [8] 0.42 0.42 0.42 0.42 0.42 0.42 0.42 0.42 0.42 [9] 0.42 0.42 0.42 0.42 0.42 0.42 0.42 0.42 0.42 [10] 0.42 0.42 0.42 0.42 0.42 0.42 0.42 0.42 0.42 [11] 0.42 0.42 0.42 0.42 0.42 0.42 0.42 0.42 0.42 [12] 0.42 0.42 0.42 0.42 0.42 0.42 0.42 0.42 0.42 [13] 0.42 0.42 0.42 0.42 0.42 0.42 0.42 0.42 0.42 
[1] [0] 0.42 0.42 0.42 0.42 0.42 0.42 0.42 0.42 0.42 [1] 0.42 0.42 0.42 0.42 0.42 0.42 0.42 0.42 0.42 [2] 0.42 0.42 0.42 0.42 0.42 0.42 0.42 0.42 0.42 [3] 0.42 0.42 0.42 0.42 0.42 0.42 0.42 0.42 0.42 [4] 0.42 0.42 0.42 0.42 0.42 0.42 0.42 0.42 0.42 [5] 0.42 0.42 0.42 0.42 0.42 0.42 0.42 0.42 0.42 [6] 0.42 0.42 0.42 0.42 0.42 0.42 0.42 0.42 0.42 [7] 0.42 0.42 0.42 0.42 0.42 0.42 0.42 0.42 0.42 [8] 0.42 0.42 0.42 0.42 0.42 0.42 0.42 0.42 0.42 [9] 0.42 0.42 0.42 0.42 0.42 0.42 0.42 0.42 0.42 [10] 0.42 0.42 0.42 0.42 0.42 0.42 0.42 0.42 0.42 [11] 0.42 0.42 0.42 0.42 0.42 0.42 0.42 0.42 0.42 [12] 0.42 0.42 0.42 0.42 0.42 0.42 0.42 0.42 0.42 [13] 0.42 0.42 0.42 0.42 0.42 0.42 0.42 0.42 0.42 
[2] [0] 0.42 0.2897595 0.2917542 0.2785662 0.2759056 0.3875754 0.42 0.42 0.42 [1] 0.42 0.2957311 0.3601671 0.42 0.42 0.42 0.42 0.42 0.42 [2] 0.42 0.352344 0.3097219 0.42 0.42 0.42 0.42 0.42 0.42 [3] 0.42 0.42 0.3194435 0.2656688 0.42 0.3825065 0.42 0.42 0.42 [4] 0.42 0.42 0.4015311 0.2934453 0.42 0.3294738 0.42 0.42 0.42 [5] 0.42 0.3812755 0.3862161 0.42 0.3605449 0.42 0.42 0.42 0.42 [6] 0.42 0.3268015 0.42 0.3845083 0.42 0.42 0.42 0.42 0.42 [7] 0.42 0.42 0.3875972 0.42 0.42 0.3988418 0.42 0.42 0.42 [8] 0.42 0.42 0.42 0.3994945 0.42 0.42 0.42 0.42 0.42 [9] 0.42 0.3752463 0.42 0.3673321 0.42 0.42 0.42 0.42 0.42 [10] 0.42 0.42 0.3846005 0.4187413 0.4078261 0.42 0.42 0.42 0.42 [11] 0.42 0.42 0.3679079 0.4133574 0.42 0.42 0.42 0.42 0.42 [12] 0.42 0.3917652 0.2804001 0.3690163 0.42 0.42 0.42 0.42 0.42 [13] 0.42 0.42 0.42 0.3698128 0.42 0.42 0.42 0.42 0.42 
[30] 
[0] [0] 0.42 0.42 0.42 0.42 0.42 0.42 0.42 0.42 0.42 [1] 0.42 0.42 0.42 0.42 0.42 0.42 0.42 0.42 0.42 [2] 0.42 0.42 0.42 0.42 0.42 0.42 0.42 0.42 0.42 [3] 0.42 0.42 0.42 0.42 0.42 0.42 0.42 0.42 0.42 [4] 0.42 0.42 0.42 0.42 0.42 0.42 0.42 0.42 0.42 [5] 0.42 0.42 0.42 0.42 0.42 0.42 0.42 0.42 0.42 [6] 0.42 0.42 0.42 0.42 0.42 0.42 0.42 0.42 0.42 [7] 0.42 0.42 0.42 0.42 0.42 0.42 0.42 0.42 0.42 [8] 0.42 0.42 0.42 0.42 0.42 0.42 0.42 0.42 0.42 [9] 0.42 0.42 0.42 0.42 0.42 0.42 0.42 0.42 0.42 [10] 0.42 0.42 0.42 0.42 0.42 0.42 0.42 0.42 0.42 [11] 0.42 0.42 0.42 0.42 0.42 0.42 0.42 0.42 0.42 [12] 0.42 0.42 0.42 0.42 0.42 0.42 0.42 0.42 0.42 [13] 0.42 0.42 0.42 0.42 0.42 0.42 0.42 0.42 0.42 
[1] [0] 0.42 0.42 0.42 0.42 0.42 0.42 0.42 0.42 0.42 [1] 0.42 0.42 0.42 0.42 0.42 0.42 0.42 0.42 0.42 [2] 0.42 0.42 0.42 0.42 0.42 0.42 0.42 0.42 0.42 [3] 0.42 0.42 0.42 0.42 0.42 0.42 0.42 0.42 0.42 [4] 0.42 0.42 0.42 0.42 0.42 0.42 0.42 0.42 0.42 [5] 0.42 0.42 0.42 0.42 0.42 0.42 0.42 0.42 0.42 [6] 0.42 0.42 0.42 0.42 0.42 0.42 0.42 0.42 0.42 [7] 0.42 0.42 0.42 0.42 0.42 0.42 0.42 0.42 0.42 [8] 0.42 0.42 0.42 0.42 0.42 0.42 0.42 0.42 0.42 [9] 0.42 0.42 0.42 0.42 0.42 0.42 0.42 0.42 0.42 [10] 0.42 0.42 0.42 0.42 0.42 0.42 0.42 0.42 0.42 [11] 0.42 0.42 0.42 0.42 0.42 0.42 0.42 0.42 0.42 [12] 0.42 0.42 0.42 0.42 0.42 0.42 0.42 0.42 0.42 [13] 0.42 0.42 0.42 0.42 0.42 0.42 0.42 0.42 0.42 
[2] [0] 0.42 0.4235664 0.4287733 0.437928 0.4172182 0.4499364 0.42 0.42 0.42 [1] 0.42 0.4228208 0.4294027 0.42 0.42 0.42 0.42 0.42 0.42 [2] 0.42 0.3273059 0.233077 0.42 0.42 0.42 0.42 0.42 0.42 [3] 0.42 0.42 0.4234312 0.4095235 0.42 0.4488764 0.42 0.42 0.42 [4] 0.42 0.42 0.3977412 0.4192472 0.42 0.4605268 0.42 0.42 0.42 [5] 0.42 0.3816607 0.3480508 0.42 0.397691 0.42 0.42 0.42 0.42 [6] 0.42 0.414933 0.42 0.4014515 0.42 0.42 0.42 0.42 0.42 [7] 0.42 0.42 0.4357536 0.42 0.42 0.4317023 0.42 0.42 0.42 [8] 0.42 0.42 0.42 0.3658549 0.42 0.42 0.42 0.42 0.42 [9] 0.42 0.4558984 0.42 0.4419172 0.42 0.42 0.42 0.42 0.42 [10] 0.42 0.42 0.3947872 0.4182281 0.4070333 0.42 0.42 0.42 0.42 [11] 0.42 0.42 0.4353438 0.4332779 0.42 0.42 0.42 0.42 0.42 [12] 0.42 0.42 0.3798757 0.42 0.42 0.42 0.42 0.42 0.42 [13] 0.42 0.42 0.42 0.3925592 0.42 0.42 0.42 0.42 0.42 
[31] 
[0] [0] 0.42 0.42 0.42 0.42 0.42 0.42 0.42 0.42 0.42 [1] 0.42 0.42 0.42 0.42 0.42 0.42 0.42 0.42 0.42 [2] 0.42 0.42 0.42 0.42 0.42 0.42 0.42 0.42 0.42 [3] 0.42 0.42 0.42 0.42 0.42 0.42 0.42 0.42 0.42 [4] 0.42 0.42 0.42 0.42 0.42 0.42 0.42 0.42 0.42 [5] 0.42 0.42 0.42 0.42 0.42 0.42 0.42 0.42 0.42 [6] 0.42 0.42 0.42 0.42 0.42 0.42 0.42 0.42 0.42 [7] 0.42 0.42 0.42 0.42 0.42 0.42 0.42 0.42 0.42 [8] 0.42 0.42 0.42 0.42 0.42 0.42 0.42 0.42 0.42 [9] 0.42 0.42 0.42 0.42 0.42 0.42 0.42 0.42 0.42 [10] 0.42 0.42 0.42 0.42 0.42 0.42 0.42 0.42 0.42 [11] 0.42 0.42 0.42 0.42 0.42 0.42 0.42 0.42 0.42 [12] 0.42 0.42 0.42 0.42 0.42 0.42 0.42 0.42 0.42 [13] 0.42 0.42 0.42 0.42 0.42 0.42 0.42 0.42 0.42 
[1] [0] 0.42 0.42 0.42 0.42 0.42 0.42 0.42 0.42 0.42 [1] 0.42 0.42 0.42 0.42 0.42 0.42 0.42 0.42 0.42 [2] 0.42 0.42 0.42 0.42 0.42 0.42 0.42 0.42 0.42 [3] 0.42 0.42 0.42 0.42 0.42 0.42 0.42 0.42 0.42 [4] 0.42 0.42 0.42 0.42 0.42 0.42 0.42 0.42 0.42 [5] 0.42 0.42 0.42 0.42 0.42 0.42 0.42 0.42 0.42 [6] 0.42 0.42 0.42 0.42 0.42 0.42 0.42 0.42 0.42 [7] 0.42 0.42 0.42 0.42 0.42 0.42 0.42 0.42 0.42 [8] 0.42 0.42 0.42 0.42 0.42 0.42 0.42 0.42 0.42 [9] 0.42 0.42 0.42 0.42 0.42 0.42 0.42 0.42 0.42 [10] 0.42 0.42 0.42 0.42 0.42 0.42 0.42 0.42 0.42 [11] 0.42 0.42 0.42 0.42 0.42 0.42 0.42 0.42 0.42 [12] 0.42 0.42 0.42 0.42 0.42 0.42 0.42 0.42 0.42 [13] 0.42 0.42 0.42 0.42 0.42 0.42 0.42 0.42 0.42 
[2] [0] 0.42 0.3862036 0.3830183 0.3755957 0.3603231 0.4145907 0.42 0.42 0.42 [1] 0.42 0.390337 0.3725935 0.42 0.42 0.42 0.42 0.42 0.42 [2] 0.42 0.3369362 0.3138072 0.42 0.42 0.42 0.42 0.42 0.42 [3] 0.42 0.42 0.3444017 0.3869786 0.42 0.4123327 0.42 0.42 0.42 [4] 0.42 0.42 0.4096338 0.385949 0.42 0.3786623 0.42 0.42 0.42 [5] 0.42 0.4135067 0.405936 0.42 0.4145522 0.42 0.42 0.42 0.42 [6] 0.42 0.394136 0.42 0.4132653 0.42 0.42 0.42 0.42 0.42 [7] 0.42 0.42 0.4106396 0.42 0.42 0.4148198 0.42 0.42 0.42 [8] 0.42 0.42 0.42 0.4022227 0.42 0.42 0.42 0.42 0.42 [9] 0.42 0.4067306 0.42 0.3764665 0.42 0.42 0.42 0.42 0.42 [10] 0.42 0.42 0.4048636 0.4189042 0.4148239 0.42 0.42 0.42 0.42 [11] 0.42 0.42 0.4030584 0.4107749 0.42 0.42 0.42 0.42 0.42 [12] 0.42 0.42 0.3432972 0.42 0.42 0.42 0.42 0.42 0.42 [13] 0.42 0.42 0.42 0.4012457 0.42 0.42 0.42 0.42 0.42 
[32] 
[0] [0] 0.42 0.42 0.42 0.42 0.42 0.42 0.42 0.42 0.42 [1] 0.42 0.42 0.42 0.42 0.42 0.42 0.42 0.42 0.42 [2] 0.42 0.42 0.42 0.42 0.42 0.42 0.42 0.42 0.42 [3] 0.42 0.42 0.42 0.42 0.42 0.42 0.42 0.42 0.42 [4] 0.42 0.42 0.42 0.42 0.42 0.42 0.42 0.42 0.42 [5] 0.42 0.42 0.42 0.42 0.42 0.42 0.42 0.42 0.42 [6] 0.42 0.42 0.42 0.42 0.42 0.42 0.42 0.42 0.42 [7] 0.42 0.42 0.42 0.42 0.42 0.42 0.42 0.42 0.42 [8] 0.42 0.42 0.42 0.42 0.42 0.42 0.42 0.42 0.42 [9] 0.42 0.42 0.42 0.42 0.42 0.42 0.42 0.42 0.42 [10] 0.42 0.42 0.42 0.42 0.42 0.42 0.42 0.42 0.42 [11] 0.42 0.42 0.42 0.42 0.42 0.42 0.42 0.42 0.42 [12] 0.42 0.42 0.42 0.42 0.42 0.42 0.42 0.42 0.42 [13] 0.42 0.42 0.42 0.42 0.42 0.42 0.42 0.42 0.42 
[1] [0] 0.42 0.42 0.42 0.42 0.42 0.42 0.42 0.42 0.42 [1] 0.42 0.42 0.42 0.42 0.42 0.42 0.42 0.42 0.42 [2] 0.42 0.42 0.42 0.42 0.42 0.42 0.42 0.42 0.42 [3] 0.42 0.42 0.42 0.42 0.42 0.42 0.42 0.42 0.42 [4] 0.42 0.42 0.42 0.42 0.42 0.42 0.42 0.42 0.42 [5] 0.42 0.42 0.42 0.42 0.42 0.42 0.42 0.42 0.42 [6] 0.42 0.42 0.42 0.42 0.42 0.42 0.42 0.42 0.42 [7] 0.42 0.42 0.42 0.42 0.42 0.42 0.42 0.42 0.42 [8] 0.42 0.42 0.42 0.42 0.42 0.42 0.42 0.42 0.42 [9] 0.42 0.42 0.42 0.42 0.42 0.42 0.42 0.42 0.42 [10] 0.42 0.42 0.42 0.42 0.42 0.42 0.42 0.42 0.42 [11] 0.42 0.42 0.42 0.42 0.42 0.42 0.42 0.42 0.42 [12] 0.42 0.42 0.42 0.42 0.42 0.42 0.42 0.42 0.42 [13] 0.42 0.42 0.42 0.42 0.42 0.42 0.42 0.42 0.42 
[2] [0] 0.42 0.4019611 0.4060974 0.406274 0.3982096 0.406335 0.42 0.42 0.42 [1] 0.42 0.4036787 0.4124178 0.42 0.42 0.42 0.42 0.42 0.42 [2] 0.42 0.3718162 0.3498688 0.42 0.42 0.42 0.42 0.42 0.42 [3] 0.42 0.42 0.3932725 0.4037476 0.42 0.4143504 0.42 0.42 0.42 [4] 0.42 0.42 0.4139276 0.4165377 0.42 0.3911025 0.42 0.42 0.42 [5] 0.42 0.4114268 0.412129 0.42 0.4037648 0.42 0.42 0.42 0.42 [6] 0.42 0.4034965 0.42 0.4095524 0.42 0.42 0.42 0.42 0.42 [7] 0.42 0.42 0.4149682 0.42 0.42 0.4071185 0.42 0.42 0.42 [8] 0.42 0.42 0.42 0.4076282 0.42 0.42 0.42 0.42 0.42 [9] 0.42 0.4171576 0.42 0.4265889 0.42 0.42 0.42 0.42 0.42 [10] 0.42 0.42 0.4139419 0.4184853 0.4104966 0.42 0.42 0.42 0.42 [11] 0.42 0.42 0.4220498 0.4098052 0.42 0.42 0.42 0.42 0.42 [12] 0.42 0.42 0.3628802 0.42 0.42 0.42 0.42 0.42 0.42 [13] 0.42 0.42 0.42 0.42 0.42 0.42 0.42 0.42 0.42 
[33] 
[0] [0] 0.42 0.42 0.42 0.42 0.42 0.42 0.42 0.42 0.42 [1] 0.42 0.42 0.42 0.42 0.42 0.42 0.42 0.42 0.42 [2] 0.42 0.42 0.42 0.42 0.42 0.42 0.42 0.42 0.42 [3] 0.42 0.42 0.42 0.42 0.42 0.42 0.42 0.42 0.42 [4] 0.42 0.42 0.42 0.42 0.42 0.42 0.42 0.42 0.42 [5] 0.42 0.42 0.42 0.42 0.42 0.42 0.42 0.42 0.42 [6] 0.42 0.42 0.42 0.42 0.42 0.42 0.42 0.42 0.42 [7] 0.42 0.42 0.42 0.42 0.42 0.42 0.42 0.42 0.42 [8] 0.42 0.42 0.42 0.42 0.42 0.42 0.42 0.42 0.42 [9] 0.42 0.42 0.42 0.42 0.42 0.42 0.42 0.42 0.42 [10] 0.42 0.42 0.42 0.42 0.42 0.42 0.42 0.42 0.42 [11] 0.42 0.42 0.42 0.42 0.42 0.42 0.42 0.42 0.42 [12] 0.42 0.42 0.42 0.42 0.42 0.42 0.42 0.42 0.42 [13] 0.42 0.42 0.42 0.42 0.42 0.42 0.42 0.42 0.42 
[1] [0] 0.42 0.4033913 0.411425 0.3817934 0.4259293 0.4156369 0.42 0.42 0.42 [1] 0.42 0.4010598 0.4124355 0.42 0.42 0.42 0.42 0.42 0.42 [2] 0.42 0.370988 0.3119128 0.42 0.42 0.42 0.42 0.42 0.42 [3] 0.42 0.42 0.3976792 0.3964965 0.42 0.4126545 0.42 0.42 0.42 [4] 0.42 0.42 0.4001264 0.4106542 0.42 0.4096079 0.42 0.42 0.42 [5] 0.42 0.4095488 0.4024061 0.42 0.3809215 0.42 0.42 0.42 0.42 [6] 0.42 0.402397 0.42 0.4093102 0.42 0.42 0.42 0.42 0.42 [7] 0.42 0.42 0.404564 0.42 0.42 0.4156717 0.42 0.42 0.42 [8] 0.42 0.42 0.42 0.4038662 0.42 0.42 0.42 0.42 0.42 [9] 0.42 0.405268 0.42 0.4152797 0.42 0.42 0.42 0.42 0.42 [10] 0.42 0.42 0.4140377 0.4162149 0.4113803 0.42 0.42 0.42 0.42 [11] 0.42 0.42 0.4122432 0.3961858 0.42 0.42 0.42 0.42 0.42 [12] 0.42 0.42 0.392037 0.42 0.42 0.42 0.42 0.42 0.42 [13] 0.42 0.42 0.42 0.42 0.42 0.42 0.42 0.42 0.42 
[2] [0] 0.42 0.3575556 0.3590717 0.3090996 0.3566497 0.3949158 0.42 0.42 0.42 [1] 0.42 0.3431559 0.3812746 0.42 0.42 0.42 0.42 0.42 0.42 [2] 0.42 0.352344 0.3166124 0.42 0.42 0.42 0.42 0.42 0.42 [3] 0.42 0.42 0.3473619 0.34446 0.42 0.3861183 0.42 0.42 0.42 [4] 0.42 0.42 0.4105421 0.3498541 0.42 0.3554084 0.42 0.42 0.42 [5] 0.42 0.3821844 0.3936479 0.42 0.3710133 0.42 0.42 0.42 0.42 [6] 0.42 0.3430412 0.42 0.38873 0.42 0.42 0.42 0.42 0.42 [7] 0.42 0.42 0.393362 0.42 0.42 0.3914537 0.42 0.42 0.42 [8] 0.42 0.42 0.42 0.4060338 0.42 0.42 0.42 0.42 0.42 [9] 0.42 0.4004564 0.42 0.3799872 0.42 0.42 0.42 0.42 0.42 [10] 0.42 0.42 0.3857177 0.4184863 0.4159458 0.42 0.42 0.42 0.42 [11] 0.42 0.42 0.3912687 0.4195148 0.42 0.42 0.42 0.42 0.42 [12] 0.42 0.4118971 0.3303615 0.3974926 0.42 0.42 0.42 0.42 0.42 [13] 0.42 0.42 0.42 0.3583536 0.42 0.42 0.42 0.42 0.42 
[34] 
[0] [0] 0.42 0.42 0.42 0.42 0.42 0.42 0.42 0.42 0.42 [1] 0.42 0.42 0.42 0.42 0.42 0.42 0.42 0.42 0.42 [2] 0.42 0.42 0.42 0.42 0.42 0.42 0.42 0.42 0.42 [3] 0.42 0.42 0.42 0.42 0.42 0.42 0.42 0.42 0.42 [4] 0.42 0.42 0.42 0.42 0.42 0.42 0.42 0.42 0.42 [5] 0.42 0.42 0.42 0.42 0.42 0.42 0.42 0.42 0.42 [6] 0.42 0.42 0.42 0.42 0.42 0.42 0.42 0.42 0.42 [7] 0.42 0.42 0.42 0.42 0.42 0.42 0.42 0.42 0.42 [8] 0.42 0.42 0.42 0.42 0.42 0.42 0.42 0.42 0.42 [9] 0.42 0.42 0.42 0.42 0.42 0.42 0.42 0.42 0.42 [10] 0.42 0.42 0.42 0.42 0.42 0.42 0.42 0.42 0.42 [11] 0.42 0.42 0.42 0.42 0.42 0.42 0.42 0.42 0.42 [12] 0.42 0.42 0.42 0.42 0.42 0.42 0.42 0.42 0.42 [13] 0.42 0.42 0.42 0.42 0.42 0.42 0.42 0.42 0.42 
[1] [0] 0.42 0.42 0.42 0.42 0.42 0.42 0.42 0.42 0.42 [1] 0.42 0.42 0.42 0.42 0.42 0.42 0.42 0.42 0.42 [2] 0.42 0.42 0.42 0.42 0.42 0.42 0.42 0.42 0.42 [3] 0.42 0.42 0.42 0.42 0.42 0.42 0.42 0.42 0.42 [4] 0.42 0.42 0.42 0.42 0.42 0.42 0.42 0.42 0.42 [5] 0.42 0.42 0.42 0.42 0.42 0.42 0.42 0.42 0.42 [6] 0.42 0.42 0.42 0.42 0.42 0.42 0.42 0.42 0.42 [7] 0.42 0.42 0.42 0.42 0.42 0.42 0.42 0.42 0.42 [8] 0.42 0.42 0.42 0.42 0.42 0.42 0.42 0.42 0.42 [9] 0.42 0.42 0.42 0.42 0.42 0.42 0.42 0.42 0.42 [10] 0.42 0.42 0.42 0.42 0.42 0.42 0.42 0.42 0.42 [11] 0.42 0.42 0.42 0.42 0.42 0.42 0.42 0.42 0.42 [12] 0.42 0.42 0.42 0.42 0.42 0.42 0.42 0.42 0.42 [13] 0.42 0.42 0.42 0.42 0.42 0.42 0.42 0.42 0.42 
[2] [0] 0.42 0.4532984 0.444997 0.4405057 0.450255 0.4480063 0.42 0.42 0.42 [1] 0.42 0.4488846 0.4240479 0.42 0.42 0.42 0.42 0.42 0.42 [2] 0.42 0.3396468 0.2331325 0.42 0.42 0.42 0.42 0.42 0.42 [3] 0.42 0.42 0.4117799 0.4509518 0.42 0.4479306 0.42 0.42 0.42 [4] 0.42 0.42 0.3787619 0.4461255 0.42 0.4501495 0.42 0.42 0.42 [5] 0.42 0.3811909 0.3429795 0.42 0.3888686 0.42 0.42 0.42 0.42 [6] 0.42 0.4090639 0.42 0.3947725 0.42 0.42 0.42 0.42 0.42 [7] 0.42 0.42 0.3755157 0.42 0.42 0.3906651 0.42 0.42 0.42 [8] 0.42 0.42 0.42 0.3586121 0.42 0.42 0.42 0.42 0.42 [9] 0.42 0.4037138 0.42 0.4323851 0.42 0.42 0.42 0.42 0.42 [10] 0.42 0.42 0.3948124 0.4112099 0.4174747 0.42 0.42 0.42 0.42 [11] 0.42 0.42 0.4213135 0.415952 0.42 0.42 0.42 0.42 0.42 [12] 0.42 0.42 0.4345375 0.42 0.42 0.42 0.42 0.42 0.42 [13] 0.42 0.42 0.42 0.4161684 0.42 0.42 0.42 0.42 0.42 
