[0] [0] 0.4699421 0.4839059 0.4848289 0.4963316 0.5 0.5 0.5 0.5 0.5 0.5 [1] 0.5 0.5 0.5 0.5 0.5 0.5 0.5 0.5 0.5 0.5 [2] 0.5 0.5 0.5 0.5 0.5 0.5 0.5 0.5 0.5 0.5 
[1] [0] 0.5 0.5 0.5 0.5 0.5 0.5 0.5 0.5 0.5 0.5 [1] 0.4912529 0.497155 0.4838319 0.4743746 0.5 0.5 0.5 0.5 0.5 0.5 [2] 0.4967736 0.4808171 0.5033083 0.4919568 0.5 0.5 0.5 0.5 0.5 0.5 
[2] [0] 0.5 0.5 0.5 0.5 0.5 0.5 0.5 0.5 0.5 0.5 [1] 0.4762502 0.4771591 0.4847107 0.4888847 0.5 0.5 0.5 0.5 0.5 0.5 [2] 0.4667344 0.4970906 0.4970179 0.499998 0.5 0.5 0.5 0.5 0.5 0.5 
[3] [0] 0.5 0.5 0.5 0.5 0.5 0.5 0.5 0.5 0.5 0.5 [1] 0.4998565 0.4796194 0.497419 0.4737153 0.5 0.5 0.5 0.5 0.5 0.5 [2] 0.5 0.5 0.5 0.5 0.5 0.5 0.5 0.5 0.5 0.5 
[4] [0] 0.5 0.5 0.5 0.5 0.5 0.5 0.5 0.5 0.5 0.5 [1] 0.5 0.5 0.5 0.5 0.5 0.5 0.5 0.5 0.5 0.5 [2] 0.4916139 0.4897013 0.4970845 0.4769925 0.5 0.5 0.5 0.5 0.5 0.5 
[5] [0] 0.5 0.5 0.5 0.5 0.5 0.5 0.5 0.5 0.5 0.5 [1] 0.486539 0.4947324 0.4960176 0.4985046 0.5 0.5 0.5 0.5 0.5 0.5 [2] 0.4800121 0.49139 0.4903333 0.5004811 0.5 0.5 0.5 0.5 0.5 0.5 
[6] [0] 0.5 0.5 0.5 0.5 0.5 0.5 0.5 0.5 0.5 0.5 [1] 0.4900985 0.498978 0.4752204 0.5062003 0.5 0.5 0.5 0.5 0.5 0.5 [2] 0.4954291 0.4909226 0.5000067 0.4862353 0.5 0.5 0.5 0.5 0.5 0.5 
[7] [0] 0.5 0.5 0.5 0.5 0.5 0.5 0.5 0.5 0.5 0.5 [1] 0.4901614 0.4869659 0.4824464 0.4974681 0.5 0.5 0.5 0.5 0.5 0.5 [2] 0.4941128 0.4952728 0.4960945 0.4980363 0.5 0.5 0.5 0.5 0.5 0.5 
[8] [0] 0.5 0.5 0.5 0.5 0.5 0.5 0.5 0.5 0.5 0.5 [1] 0.4918672 0.4796736 0.505774 0.4864692 0.5 0.5 0.5 0.5 0.5 0.5 [2] 0.4945906 0.4778301 0.510996 0.477938 0.5 0.5 0.5 0.5 0.5 0.5 
[9] [0] 0.5 0.5 0.5 0.5 0.5 0.5 0.5 0.5 0.5 0.5 [1] 0.5 0.5 0.5 0.5 0.5 0.5 0.5 0.5 0.5 0.5 [2] 0.4982713 0.4885159 0.4879693 0.4946811 0.5 0.5 0.5 0.5 0.5 0.5 
[10] [0] 0.5 0.5 0.5 0.5 0.5 0.5 0.5 0.5 0.5 0.5 [1] 0.4955396 0.4947801 0.4701387 0.4801669 0.5 0.5 0.5 0.5 0.5 0.5 [2] 0.5 0.5 0.5 0.5 0.5 0.5 0.5 0.5 0.5 0.5 
[11] [0] 0.4822801 0.4939103 0.4875252 0.4804882 0.5 0.5 0.5 0.5 0.5 0.5 [1] 0.5 0.5 0.5 0.5 0.5 0.5 0.5 0.5 0.5 0.5 [2] 0.5 0.5 0.5 0.5 0.5 0.5 0.5 0.5 0.5 0.5 
[12] [0] 0.5 0.5 0.5 0.5 0.5 0.5 0.5 0.5 0.5 0.5 [1] 0.5 0.5 0.5 0.5 0.5 0.5 0.5 0.5 0.5 0.5 [2] 0.4840727 0.4904452 0.511047 0.4854175 0.5 0.5 0.5 0.5 0.5 0.5 
[13] [0] 0.5 0.5 0.5 0.5 0.5 0.5 0.5 0.5 0.5 0.5 [1] 0.4837827 0.5009817 0.494617 0.4974943 0.5 0.5 0.5 0.5 0.5 0.5 [2] 0.4869422 0.4814446 0.4913193 0.4850023 0.5 0.5 0.5 0.5 0.5 0.5 
[14] [0] 0.5 0.5 0.5 0.5 0.5 0.5 0.5 0.5 0.5 0.5 [1] 0.4922957 0.4915126 0.4708701 0.4860757 0.5 0.5 0.5 0.5 0.5 0.5 [2] 0.5 0.5 0.5 0.5 0.5 0.5 0.5 0.5 0.5 0.5 
[15] [0] 0.5 0.5 0.5 0.5 0.5 0.5 0.5 0.5 0.5 0.5 [1] 0.4718161 0.4970131 0.4706893 0.4856135 0.5 0.5 0.5 0.5 0.5 0.5 [2] 0.471117 0.4838677 0.49385 0.4833826 0.5 0.5 0.5 0.5 0.5 0.5 
[16] [0] 0.5 0.5 0.5 0.5 0.5 0.5 0.5 0.5 0.5 0.5 [1] 0.49295 0.4938794 0.4649402 0.5116513 0.5 0.5 0.5 0.5 0.5 0.5 [2] 0.5 0.5 0.5 0.5 0.5 0.5 0.5 0.5 0.5 0.5 
[17] [0] 0.5 0.5 0.5 0.5 0.5 0.5 0.5 0.5 0.5 0.5 [1] 0.4473629 0.4962179 0.4999634 0.4995085 0.5 0.5 0.5 0.5 0.5 0.5 [2] 0.5 0.5 0.5 0.5 0.5 0.5 0.5 0.5 0.5 0.5 
[18] [0] 0.5 0.5 0.5 0.5 0.5 0.5 0.5 0.5 0.5 0.5 [1] 0.4872558 0.4991805 0.5039243 0.4985051 0.5 0.5 0.5 0.5 0.5 0.5 [2] 0.5 0.5 0.5 0.5 0.5 0.5 0.5 0.5 0.5 0.5 
[19] [0] 0.5 0.5 0.5 0.5 0.5 0.5 0.5 0.5 0.5 0.5 [1] 0.5 0.5 0.5 0.5 0.5 0.5 0.5 0.5 0.5 0.5 [2] 0.4976147 0.4727406 0.4921641 0.4887338 0.5 0.5 0.5 0.5 0.5 0.5 
[20] [0] 0.5 0.5 0.5 0.5 0.5 0.5 0.5 0.5 0.5 0.5 [1] 0.5 0.5 0.5 0.5 0.5 0.5 0.5 0.5 0.5 0.5 [2] 0.4790004 0.4812201 0.4799078 0.4945219 0.5 0.5 0.5 0.5 0.5 0.5 
[21] [0] 0.5 0.5 0.5 0.5 0.5 0.5 0.5 0.5 0.5 0.5 [1] 0.5 0.5 0.5 0.5 0.5 0.5 0.5 0.5 0.5 0.5 [2] 0.487393 0.4910113 0.4830951 0.4824732 0.5 0.5 0.5 0.5 0.5 0.5 
[22] [0] 0.4835822 0.4891616 0.4909427 0.4771258 0.5 0.5 0.5 0.5 0.5 0.5 [1] 0.5 0.5 0.5 0.5 0.5 0.5 0.5 0.5 0.5 0.5 [2] 0.5 0.5 0.5 0.5 0.5 0.5 0.5 0.5 0.5 0.5 
[23] [0] 0.5 0.5 0.5 0.5 0.5 0.5 0.5 0.5 0.5 0.5 [1] 0.5 0.5 0.5 0.5 0.5 0.5 0.5 0.5 0.5 0.5 [2] 0.5007727 0.4898271 0.4843393 0.4817659 0.5 0.5 0.5 0.5 0.5 0.5 
[24] [0] 0.5 0.5 0.5 0.5 0.5 0.5 0.5 0.5 0.5 0.5 [1] 0.5 0.5 0.5 0.5 0.5 0.5 0.5 0.5 0.5 0.5 [2] 0.4938582 0.47691 0.46662 0.4859584 0.5 0.5 0.5 0.5 0.5 0.5 
[25] [0] 0.5 0.5 0.5 0.5 0.5 0.5 0.5 0.5 0.5 0.5 [1] 0.4911521 0.5098698 0.5220166 0.4906741 0.5 0.5 0.5 0.5 0.5 0.5 [2] 0.501492 0.4977961 0.4904562 0.5011744 0.5 0.5 0.5 0.5 0.5 0.5 
[26] [0] 0.5 0.5 0.5 0.5 0.5 0.5 0.5 0.5 0.5 0.5 [1] 0.5 0.5 0.5 0.5 0.5 0.5 0.5 0.5 0.5 0.5 [2] 0.5057332 0.492489 0.4644914 0.4789783 0.5 0.5 0.5 0.5 0.5 0.5 
[27] [0] 0.5 0.5 0.5 0.5 0.5 0.5 0.5 0.5 0.5 0.5 [1] 0.5 0.5 0.5 0.5 0.5 0.5 0.5 0.5 0.5 0.5 [2] 0.4848221 0.493769 0.4833265 0.4939742 0.5 0.5 0.5 0.5 0.5 0.5 
[28] [0] 0.5 0.5 0.5 0.5 0.5 0.5 0.5 0.5 0.5 0.5 [1] 0.5 0.5 0.5 0.5 0.5 0.5 0.5 0.5 0.5 0.5 [2] 0.5183576 0.4878193 0.4875423 0.4742815 0.5 0.5 0.5 0.5 0.5 0.5 
[29] [0] 0.5 0.5 0.5 0.5 0.5 0.5 0.5 0.5 0.5 0.5 [1] 0.5 0.5 0.5 0.5 0.5 0.5 0.5 0.5 0.5 0.5 [2] 0.4920259 0.4965644 0.495075 0.4990025 0.5 0.5 0.5 0.5 0.5 0.5 
[30] [0] 0.5 0.5 0.5 0.5 0.5 0.5 0.5 0.5 0.5 0.5 [1] 0.5 0.5 0.5 0.5 0.5 0.5 0.5 0.5 0.5 0.5 [2] 0.4830479 0.4998132 0.4903819 0.4911888 0.5 0.5 0.5 0.5 0.5 0.5 
[31] [0] 0.5 0.5 0.5 0.5 0.5 0.5 0.5 0.5 0.5 0.5 [1] 0.5 0.5 0.5 0.5 0.5 0.5 0.5 0.5 0.5 0.5 [2] 0.4757758 0.4862827 0.4875493 0.4945993 0.5 0.5 0.5 0.5 0.5 0.5 
[32] [0] 0.5 0.5 0.5 0.5 0.5 0.5 0.5 0.5 0.5 0.5 [1] 0.5 0.5 0.5 0.5 0.5 0.5 0.5 0.5 0.5 0.5 [2] 0.4991038 0.4831164 0.4905483 0.4884119 0.5 0.5 0.5 0.5 0.5 0.5 
[33] [0] 0.5 0.5 0.5 0.5 0.5 0.5 0.5 0.5 0.5 0.5 [1] 0.4871044 0.4943081 0.4975667 0.49453 0.5 0.5 0.5 0.5 0.5 0.5 [2] 0.4741732 0.4917517 0.5049493 0.4980031 0.5 0.5 0.5 0.5 0.5 0.5 
[34] [0] 0.5 0.5 0.5 0.5 0.5 0.5 0.5 0.5 0.5 0.5 [1] 0.5 0.5 0.5 0.5 0.5 0.5 0.5 0.5 0.5 0.5 [2] 0.5196125 0.4734279 0.4765415 0.486677 0.5 0.5 0.5 0.5 0.5 0.5 
[35] [0] 0.5 0.5 0.5 0.5 0.5 0.5 0.5 0.5 0.5 0.5 [1] 0.5 0.5 0.5 0.5 0.5 0.5 0.5 0.5 0.5 0.5 [2] 0.470816 0.473693 0.4924171 0.4936836 0.5 0.5 0.5 0.5 0.5 0.5 
[36] [0] 0.5 0.5 0.5 0.5 0.5 0.5 0.5 0.5 0.5 0.5 [1] 0.5 0.5 0.5 0.5 0.5 0.5 0.5 0.5 0.5 0.5 [2] 0.5053048 0.4771589 0.4885269 0.4917092 0.5 0.5 0.5 0.5 0.5 0.5 
[37] [0] 0.5 0.5 0.5 0.5 0.5 0.5 0.5 0.5 0.5 0.5 [1] 0.5 0.5 0.5 0.5 0.5 0.5 0.5 0.5 0.5 0.5 [2] 0.5039236 0.4939045 0.4828838 0.5053785 0.5 0.5 0.5 0.5 0.5 0.5 
[38] [0] 0.4800477 0.4805843 0.4936658 0.4965452 0.5 0.5 0.5 0.5 0.5 0.5 [1] 0.5 0.5 0.5 0.5 0.5 0.5 0.5 0.5 0.5 0.5 [2] 0.5 0.5 0.5 0.5 0.5 0.5 0.5 0.5 0.5 0.5 
