[0] 
[0] [0] 0.42 0.4987956 0.4817346 0.4699134 0.4874446 0.4083535 0.42 0.42 0.42 [1] 0.42 0.4467927 0.4701738 0.42 0.42 0.42 0.42 0.42 0.42 [2] 0.42 0.4084538 0.3948815 0.42 0.42 0.42 0.42 0.42 0.42 [3] 0.42 0.42 0.4287164 0.4555915 0.42 0.4544294 0.42 0.42 0.42 [4] 0.42 0.42 0.4353373 0.4875644 0.42 0.498085 0.42 0.42 0.42 [5] 0.42 0.417517 0.397429 0.42 0.423702 0.42 0.42 0.42 0.42 [6] 0.42 0.4222147 0.42 0.4182688 0.42 0.42 0.42 0.42 0.42 [7] 0.42 0.42 0.4198583 0.42 0.42 0.4239084 0.42 0.42 0.42 [8] 0.42 0.42 0.42 0.4459234 0.42 0.42 0.42 0.42 0.42 [9] 0.42 0.4505809 0.42 0.4794548 0.42 0.42 0.42 0.42 0.42 [10] 0.42 0.42 0.420498 0.4833684 0.4807275 0.42 0.42 0.42 0.42 [11] 0.42 0.42 0.4348604 0.4679142 0.4148485 0.42 0.42 0.42 0.42 [12] 0.42 0.42 0.4595965 0.42 0.42 0.42 0.42 0.42 0.42 
[1] [0] 0.42 0.42 0.42 0.42 0.42 0.42 0.42 0.42 0.42 [1] 0.42 0.42 0.42 0.42 0.42 0.42 0.42 0.42 0.42 [2] 0.42 0.42 0.42 0.42 0.42 0.42 0.42 0.42 0.42 [3] 0.42 0.42 0.42 0.42 0.42 0.42 0.42 0.42 0.42 [4] 0.42 0.42 0.42 0.42 0.42 0.42 0.42 0.42 0.42 [5] 0.42 0.42 0.42 0.42 0.42 0.42 0.42 0.42 0.42 [6] 0.42 0.42 0.42 0.42 0.42 0.42 0.42 0.42 0.42 [7] 0.42 0.42 0.42 0.42 0.42 0.42 0.42 0.42 0.42 [8] 0.42 0.42 0.42 0.42 0.42 0.42 0.42 0.42 0.42 [9] 0.42 0.42 0.42 0.42 0.42 0.42 0.42 0.42 0.42 [10] 0.42 0.42 0.42 0.42 0.42 0.42 0.42 0.42 0.42 [11] 0.42 0.42 0.42 0.42 0.42 0.42 0.42 0.42 0.42 [12] 0.42 0.42 0.42 0.42 0.42 0.42 0.42 0.42 0.42 
[2] [0] 0.42 0.42 0.42 0.42 0.42 0.42 0.42 0.42 0.42 [1] 0.42 0.42 0.42 0.42 0.42 0.42 0.42 0.42 0.42 [2] 0.42 0.42 0.42 0.42 0.42 0.42 0.42 0.42 0.42 [3] 0.42 0.42 0.42 0.42 0.42 0.42 0.42 0.42 0.42 [4] 0.42 0.42 0.42 0.42 0.42 0.42 0.42 0.42 0.42 [5] 0.42 0.42 0.42 0.42 0.42 0.42 0.42 0.42 0.42 [6] 0.42 0.42 0.42 0.42 0.42 0.42 0.42 0.42 0.42 [7] 0.42 0.42 0.42 0.42 0.42 0.42 0.42 0.42 0.42 [8] 0.42 0.42 0.42 0.42 0.42 0.42 0.42 0.42 0.42 [9] 0.42 0.42 0.42 0.42 0.42 0.42 0.42 0.42 0.42 [10] 0.42 0.42 0.42 0.42 0.42 0.42 0.42 0.42 0.42 [11] 0.42 0.42 0.42 0.42 0.42 0.42 0.42 0.42 0.42 [12] 0.42 0.42 0.42 0.42 0.42 0.42 0.42 0.42 0.42 
[1] 
[0] [0] 0.42 0.42 0.42 0.42 0.42 0.42 0.42 0.42 0.42 [1] 0.42 0.42 0.42 0.42 0.42 0.42 0.42 0.42 0.42 [2] 0.42 0.42 0.42 0.42 0.42 0.42 0.42 0.42 0.42 [3] 0.42 0.42 0.42 0.42 0.42 0.42 0.42 0.42 0.42 [4] 0.42 0.42 0.42 0.42 0.42 0.42 0.42 0.42 0.42 [5] 0.42 0.42 0.42 0.42 0.42 0.42 0.42 0.42 0.42 [6] 0.42 0.42 0.42 0.42 0.42 0.42 0.42 0.42 0.42 [7] 0.42 0.42 0.42 0.42 0.42 0.42 0.42 0.42 0.42 [8] 0.42 0.42 0.42 0.42 0.42 0.42 0.42 0.42 0.42 [9] 0.42 0.42 0.42 0.42 0.42 0.42 0.42 0.42 0.42 [10] 0.42 0.42 0.42 0.42 0.42 0.42 0.42 0.42 0.42 [11] 0.42 0.42 0.42 0.42 0.42 0.42 0.42 0.42 0.42 [12] 0.42 0.42 0.42 0.42 0.42 0.42 0.42 0.42 0.42 
[1] [0] 0.42 0.4294396 0.4532646 0.431161 0.4637071 0.4182158 0.42 0.42 0.42 [1] 0.42 0.4121857 0.4261011 0.42 0.42 0.42 0.42 0.42 0.42 [2] 0.42 0.4031914 0.3996 0.42 0.42 0.42 0.42 0.42 0.42 [3] 0.42 0.42 0.4153177 0.4329691 0.42 0.4180015 0.42 0.42 0.42 [4] 0.42 0.42 0.4213269 0.4395539 0.42 0.4129043 0.42 0.42 0.42 [5] 0.42 0.4092895 0.4041646 0.42 0.4145459 0.42 0.42 0.42 0.42 [6] 0.42 0.4172783 0.42 0.4189706 0.42 0.42 0.42 0.42 0.42 [7] 0.42 0.42 0.4178553 0.42 0.42 0.4176294 0.42 0.42 0.42 [8] 0.42 0.42 0.42 0.4196586 0.42 0.42 0.42 0.42 0.42 [9] 0.42 0.4181235 0.42 0.4234234 0.42 0.42 0.42 0.42 0.42 [10] 0.42 0.42 0.4179042 0.4234902 0.4268916 0.42 0.42 0.42 0.42 [11] 0.42 0.42 0.4189687 0.4144905 0.4174001 0.42 0.42 0.42 0.42 [12] 0.42 0.42 0.4206457 0.42 0.42 0.42 0.42 0.42 0.42 
[2] [0] 0.42 0.4746262 0.4632384 0.4759249 0.4658827 0.4182855 0.42 0.42 0.42 [1] 0.42 0.526019 0.4331157 0.42 0.42 0.42 0.42 0.42 0.42 [2] 0.42 0.3996 0.3996 0.42 0.42 0.42 0.42 0.42 0.42 [3] 0.42 0.42 0.4123099 0.4373308 0.42 0.4266766 0.42 0.42 0.42 [4] 0.42 0.42 0.4136204 0.4841768 0.42 0.4468461 0.42 0.42 0.42 [5] 0.42 0.4001994 0.4076139 0.42 0.401011 0.42 0.42 0.42 0.42 [6] 0.42 0.4016552 0.42 0.4129781 0.42 0.42 0.42 0.42 0.42 [7] 0.42 0.42 0.4013804 0.42 0.42 0.4018705 0.42 0.42 0.42 [8] 0.42 0.42 0.42 0.414639 0.42 0.42 0.42 0.42 0.42 [9] 0.42 0.432274 0.42 0.5008166 0.42 0.42 0.42 0.42 0.42 [10] 0.42 0.42 0.4046822 0.4228339 0.4414615 0.42 0.42 0.42 0.42 [11] 0.42 0.42 0.4302253 0.4585017 0.4216891 0.42 0.42 0.42 0.42 [12] 0.42 0.4025212 0.4140189 0.42 0.42 0.42 0.42 0.42 0.42 
[2] 
[0] [0] 0.42 0.42 0.42 0.42 0.42 0.42 0.42 0.42 0.42 [1] 0.42 0.42 0.42 0.42 0.42 0.42 0.42 0.42 0.42 [2] 0.42 0.42 0.42 0.42 0.42 0.42 0.42 0.42 0.42 [3] 0.42 0.42 0.42 0.42 0.42 0.42 0.42 0.42 0.42 [4] 0.42 0.42 0.42 0.42 0.42 0.42 0.42 0.42 0.42 [5] 0.42 0.42 0.42 0.42 0.42 0.42 0.42 0.42 0.42 [6] 0.42 0.42 0.42 0.42 0.42 0.42 0.42 0.42 0.42 [7] 0.42 0.42 0.42 0.42 0.42 0.42 0.42 0.42 0.42 [8] 0.42 0.42 0.42 0.42 0.42 0.42 0.42 0.42 0.42 [9] 0.42 0.42 0.42 0.42 0.42 0.42 0.42 0.42 0.42 [10] 0.42 0.42 0.42 0.42 0.42 0.42 0.42 0.42 0.42 [11] 0.42 0.42 0.42 0.42 0.42 0.42 0.42 0.42 0.42 [12] 0.42 0.42 0.42 0.42 0.42 0.42 0.42 0.42 0.42 
[1] [0] 0.42 0.4572807 0.4651364 0.4195673 0.4427895 0.4218126 0.42 0.42 0.42 [1] 0.42 0.4035483 0.4229553 0.42 0.42 0.42 0.42 0.42 0.42 [2] 0.42 0.4197669 0.399999 0.42 0.42 0.42 0.42 0.42 0.42 [3] 0.42 0.42 0.4251308 0.4676767 0.42 0.420464 0.42 0.42 0.42 [4] 0.42 0.42 0.4224005 0.4628395 0.42 0.4234931 0.42 0.42 0.42 [5] 0.42 0.4201262 0.4190368 0.42 0.4071647 0.42 0.42 0.42 0.42 [6] 0.42 0.4177128 0.42 0.4199545 0.42 0.42 0.42 0.42 0.42 [7] 0.42 0.42 0.4188845 0.42 0.42 0.4175556 0.42 0.42 0.42 [8] 0.42 0.42 0.42 0.4195769 0.42 0.42 0.42 0.42 0.42 [9] 0.42 0.4720218 0.42 0.4305496 0.42 0.42 0.42 0.42 0.42 [10] 0.42 0.42 0.418225 0.4241106 0.4294846 0.42 0.42 0.42 0.42 [11] 0.42 0.42 0.4224055 0.4234956 0.4194783 0.42 0.42 0.42 0.42 [12] 0.42 0.42 0.4038435 0.42 0.42 0.42 0.42 0.42 0.42 
[2] [0] 0.42 0.41958 0.4192251 0.4170688 0.4202249 0.42 0.42 0.42 0.42 [1] 0.42 0.4187412 0.4203194 0.42 0.42 0.42 0.42 0.42 0.42 [2] 0.42 0.42 0.41958 0.42 0.42 0.42 0.42 0.42 0.42 [3] 0.42 0.42 0.42058 0.42 0.42 0.41958 0.42 0.42 0.42 [4] 0.42 0.42 0.4201604 0.4199002 0.42 0.4223165 0.42 0.42 0.42 [5] 0.42 0.42 0.4201594 0.42 0.41958 0.42 0.42 0.42 0.42 [6] 0.42 0.42 0.42 0.4197403 0.42 0.42 0.42 0.42 0.42 [7] 0.42 0.42 0.42 0.42 0.42 0.42058 0.42 0.42 0.42 [8] 0.42 0.42 0.42 0.41958 0.42 0.42 0.42 0.42 0.42 [9] 0.42 0.42058 0.42 0.41958 0.42 0.42 0.42 0.42 0.42 [10] 0.42 0.42 0.41958 0.42058 0.4201594 0.42 0.42 0.42 0.42 [11] 0.42 0.42 0.41958 0.42 0.42 0.42 0.42 0.42 0.42 [12] 0.42 0.42 0.4198992 0.42 0.42 0.42 0.42 0.42 0.42 
[3] 
[0] [0] 0.42 0.42 0.42 0.42 0.42 0.42 0.42 0.42 0.42 [1] 0.42 0.42 0.42 0.42 0.42 0.42 0.42 0.42 0.42 [2] 0.42 0.42 0.42 0.42 0.42 0.42 0.42 0.42 0.42 [3] 0.42 0.42 0.42 0.42 0.42 0.42 0.42 0.42 0.42 [4] 0.42 0.42 0.42 0.42 0.42 0.42 0.42 0.42 0.42 [5] 0.42 0.42 0.42 0.42 0.42 0.42 0.42 0.42 0.42 [6] 0.42 0.42 0.42 0.42 0.42 0.42 0.42 0.42 0.42 [7] 0.42 0.42 0.42 0.42 0.42 0.42 0.42 0.42 0.42 [8] 0.42 0.42 0.42 0.42 0.42 0.42 0.42 0.42 0.42 [9] 0.42 0.42 0.42 0.42 0.42 0.42 0.42 0.42 0.42 [10] 0.42 0.42 0.42 0.42 0.42 0.42 0.42 0.42 0.42 [11] 0.42 0.42 0.42 0.42 0.42 0.42 0.42 0.42 0.42 [12] 0.42 0.42 0.42 0.42 0.42 0.42 0.42 0.42 0.42 
[1] [0] 0.42 0.4348887 0.4821956 0.4693613 0.4698092 0.4247246 0.42 0.42 0.42 [1] 0.42 0.4179408 0.4964089 0.42 0.42 0.42 0.42 0.42 0.42 [2] 0.42 0.4187641 0.3982074 0.42 0.42 0.42 0.42 0.42 0.42 [3] 0.42 0.42 0.4436663 0.5065206 0.42 0.4689243 0.42 0.42 0.42 [4] 0.42 0.42 0.4259413 0.4754803 0.42 0.4972999 0.42 0.42 0.42 [5] 0.42 0.4171381 0.416193 0.42 0.4339916 0.42 0.42 0.42 0.42 [6] 0.42 0.423767 0.42 0.4211584 0.42 0.42 0.42 0.42 0.42 [7] 0.42 0.42 0.4246322 0.42 0.42 0.4153603 0.42 0.42 0.42 [8] 0.42 0.42 0.42 0.4438278 0.42 0.42 0.42 0.42 0.42 [9] 0.42 0.4128118 0.42 0.4526977 0.42 0.42 0.42 0.42 0.42 [10] 0.42 0.42 0.4191604 0.4935767 0.4538644 0.42 0.42 0.42 0.42 [11] 0.42 0.42 0.4280329 0.4521716 0.4185268 0.42 0.42 0.42 0.42 [12] 0.42 0.42 0.477111 0.42 0.42 0.42 0.42 0.42 0.42 
[2] [0] 0.42 0.42 0.42 0.42 0.42 0.42 0.42 0.42 0.42 [1] 0.42 0.42 0.42 0.42 0.42 0.42 0.42 0.42 0.42 [2] 0.42 0.42 0.42 0.42 0.42 0.42 0.42 0.42 0.42 [3] 0.42 0.42 0.42 0.42 0.42 0.42 0.42 0.42 0.42 [4] 0.42 0.42 0.42 0.42 0.42 0.42 0.42 0.42 0.42 [5] 0.42 0.42 0.42 0.42 0.42 0.42 0.42 0.42 0.42 [6] 0.42 0.42 0.42 0.42 0.42 0.42 0.42 0.42 0.42 [7] 0.42 0.42 0.42 0.42 0.42 0.42 0.42 0.42 0.42 [8] 0.42 0.42 0.42 0.42 0.42 0.42 0.42 0.42 0.42 [9] 0.42 0.42 0.42 0.42 0.42 0.42 0.42 0.42 0.42 [10] 0.42 0.42 0.42 0.42 0.42 0.42 0.42 0.42 0.42 [11] 0.42 0.42 0.42 0.42 0.42 0.42 0.42 0.42 0.42 [12] 0.42 0.42 0.42 0.42 0.42 0.42 0.42 0.42 0.42 
[4] 
[0] [0] 0.42 0.42 0.42 0.42 0.42 0.42 0.42 0.42 0.42 [1] 0.42 0.42 0.42 0.42 0.42 0.42 0.42 0.42 0.42 [2] 0.42 0.42 0.42 0.42 0.42 0.42 0.42 0.42 0.42 [3] 0.42 0.42 0.42 0.42 0.42 0.42 0.42 0.42 0.42 [4] 0.42 0.42 0.42 0.42 0.42 0.42 0.42 0.42 0.42 [5] 0.42 0.42 0.42 0.42 0.42 0.42 0.42 0.42 0.42 [6] 0.42 0.42 0.42 0.42 0.42 0.42 0.42 0.42 0.42 [7] 0.42 0.42 0.42 0.42 0.42 0.42 0.42 0.42 0.42 [8] 0.42 0.42 0.42 0.42 0.42 0.42 0.42 0.42 0.42 [9] 0.42 0.42 0.42 0.42 0.42 0.42 0.42 0.42 0.42 [10] 0.42 0.42 0.42 0.42 0.42 0.42 0.42 0.42 0.42 [11] 0.42 0.42 0.42 0.42 0.42 0.42 0.42 0.42 0.42 [12] 0.42 0.42 0.42 0.42 0.42 0.42 0.42 0.42 0.42 
[1] [0] 0.42 0.42 0.42 0.42 0.42 0.42 0.42 0.42 0.42 [1] 0.42 0.42 0.42 0.42 0.42 0.42 0.42 0.42 0.42 [2] 0.42 0.42 0.42 0.42 0.42 0.42 0.42 0.42 0.42 [3] 0.42 0.42 0.42 0.42 0.42 0.42 0.42 0.42 0.42 [4] 0.42 0.42 0.42 0.42 0.42 0.42 0.42 0.42 0.42 [5] 0.42 0.42 0.42 0.42 0.42 0.42 0.42 0.42 0.42 [6] 0.42 0.42 0.42 0.42 0.42 0.42 0.42 0.42 0.42 [7] 0.42 0.42 0.42 0.42 0.42 0.42 0.42 0.42 0.42 [8] 0.42 0.42 0.42 0.42 0.42 0.42 0.42 0.42 0.42 [9] 0.42 0.42 0.42 0.42 0.42 0.42 0.42 0.42 0.42 [10] 0.42 0.42 0.42 0.42 0.42 0.42 0.42 0.42 0.42 [11] 0.42 0.42 0.42 0.42 0.42 0.42 0.42 0.42 0.42 [12] 0.42 0.42 0.42 0.42 0.42 0.42 0.42 0.42 0.42 
[2] [0] 0.42 0.4383943 0.5011439 0.4672361 0.5026494 0.4261165 0.42 0.42 0.42 [1] 0.42 0.4246762 0.4756736 0.42 0.42 0.42 0.42 0.42 0.42 [2] 0.42 0.4242778 0.4193363 0.42 0.42 0.42 0.42 0.42 0.42 [3] 0.42 0.42 0.4319294 0.4670008 0.42 0.4383723 0.42 0.42 0.42 [4] 0.42 0.42 0.4277851 0.474341 0.42 0.4737681 0.42 0.42 0.42 [5] 0.42 0.4190366 0.4217709 0.42 0.4258676 0.42 0.42 0.42 0.42 [6] 0.42 0.4237272 0.42 0.4232689 0.42 0.42 0.42 0.42 0.42 [7] 0.42 0.42 0.4216643 0.42 0.42 0.4204893 0.42 0.42 0.42 [8] 0.42 0.42 0.42 0.4318116 0.42 0.42 0.42 0.42 0.42 [9] 0.42 0.4206007 0.42 0.4341525 0.42 0.42 0.42 0.42 0.42 [10] 0.42 0.42 0.4197412 0.4483533 0.4876011 0.42 0.42 0.42 0.42 [11] 0.42 0.42 0.4217774 0.4196266 0.4167268 0.42 0.42 0.42 0.42 [12] 0.42 0.42 0.4331936 0.42 0.42 0.42 0.42 0.42 0.42 
[5] 
[0] [0] 0.42 0.42 0.42 0.42 0.42 0.42 0.42 0.42 0.42 [1] 0.42 0.42 0.42 0.42 0.42 0.42 0.42 0.42 0.42 [2] 0.42 0.42 0.42 0.42 0.42 0.42 0.42 0.42 0.42 [3] 0.42 0.42 0.42 0.42 0.42 0.42 0.42 0.42 0.42 [4] 0.42 0.42 0.42 0.42 0.42 0.42 0.42 0.42 0.42 [5] 0.42 0.42 0.42 0.42 0.42 0.42 0.42 0.42 0.42 [6] 0.42 0.42 0.42 0.42 0.42 0.42 0.42 0.42 0.42 [7] 0.42 0.42 0.42 0.42 0.42 0.42 0.42 0.42 0.42 [8] 0.42 0.42 0.42 0.42 0.42 0.42 0.42 0.42 0.42 [9] 0.42 0.42 0.42 0.42 0.42 0.42 0.42 0.42 0.42 [10] 0.42 0.42 0.42 0.42 0.42 0.42 0.42 0.42 0.42 [11] 0.42 0.42 0.42 0.42 0.42 0.42 0.42 0.42 0.42 [12] 0.42 0.42 0.42 0.42 0.42 0.42 0.42 0.42 0.42 
[1] [0] 0.42 0.4193285 0.4104221 0.4165694 0.4205072 0.4182261 0.42 0.42 0.42 [1] 0.42 0.4153978 0.4211594 0.42 0.42 0.42 0.42 0.42 0.42 [2] 0.42 0.4144278 0.4 0.42 0.42 0.42 0.42 0.42 0.42 [3] 0.42 0.42 0.4184843 0.4149531 0.42 0.4201604 0.42 0.42 0.42 [4] 0.42 0.42 0.4201594 0.4188069 0.42 0.41958 0.42 0.42 0.42 [5] 0.42 0.41958 0.4 0.42 0.4198068 0.42 0.42 0.42 0.42 [6] 0.42 0.4191604 0.42 0.4193225 0.42 0.42 0.42 0.42 0.42 [7] 0.42 0.42 0.4198982 0.42 0.42 0.4191604 0.42 0.42 0.42 [8] 0.42 0.42 0.42 0.4182016 0.42 0.42 0.42 0.42 0.42 [9] 0.42 0.4201604 0.42 0.4211594 0.42 0.42 0.42 0.42 0.42 [10] 0.42 0.42 0.42 0.4193195 0.4203185 0.42 0.42 0.42 0.42 [11] 0.42 0.42 0.42058 0.4187412 0.41958 0.42 0.42 0.42 0.42 [12] 0.42 0.42 0.4193771 0.42 0.42 0.42 0.42 0.42 0.42 
[2] [0] 0.42 0.497658 0.4808412 0.4809042 0.4284566 0.4326453 0.42 0.42 0.42 [1] 0.42 0.5181066 0.4183472 0.42 0.42 0.42 0.42 0.42 0.42 [2] 0.42 0.4 0.4 0.42 0.42 0.42 0.42 0.42 0.42 [3] 0.42 0.42 0.4 0.4618053 0.42 0.4213479 0.42 0.42 0.42 [4] 0.42 0.42 0.410543 0.4891042 0.42 0.4448873 0.42 0.42 0.42 [5] 0.42 0.4109569 0.4 0.42 0.407661 0.42 0.42 0.42 0.42 [6] 0.42 0.4197459 0.42 0.4143855 0.42 0.42 0.42 0.42 0.42 [7] 0.42 0.42 0.430003 0.42 0.42 0.4228543 0.42 0.42 0.42 [8] 0.42 0.42 0.42 0.3996 0.42 0.42 0.42 0.42 0.42 [9] 0.42 0.4459008 0.42 0.5012547 0.42 0.42 0.42 0.42 0.42 [10] 0.42 0.42 0.4102201 0.4201604 0.4206522 0.42 0.42 0.42 0.42 [11] 0.42 0.42 0.4233497 0.414865 0.4170688 0.42 0.42 0.42 0.42 [12] 0.42 0.42 0.4465558 0.42 0.42 0.42 0.42 0.42 0.42 
[6] 
[0] [0] 0.42 0.42 0.42 0.42 0.42 0.42 0.42 0.42 0.42 [1] 0.42 0.42 0.42 0.42 0.42 0.42 0.42 0.42 0.42 [2] 0.42 0.42 0.42 0.42 0.42 0.42 0.42 0.42 0.42 [3] 0.42 0.42 0.42 0.42 0.42 0.42 0.42 0.42 0.42 [4] 0.42 0.42 0.42 0.42 0.42 0.42 0.42 0.42 0.42 [5] 0.42 0.42 0.42 0.42 0.42 0.42 0.42 0.42 0.42 [6] 0.42 0.42 0.42 0.42 0.42 0.42 0.42 0.42 0.42 [7] 0.42 0.42 0.42 0.42 0.42 0.42 0.42 0.42 0.42 [8] 0.42 0.42 0.42 0.42 0.42 0.42 0.42 0.42 0.42 [9] 0.42 0.42 0.42 0.42 0.42 0.42 0.42 0.42 0.42 [10] 0.42 0.42 0.42 0.42 0.42 0.42 0.42 0.42 0.42 [11] 0.42 0.42 0.42 0.42 0.42 0.42 0.42 0.42 0.42 [12] 0.42 0.42 0.42 0.42 0.42 0.42 0.42 0.42 0.42 
[1] [0] 0.42 0.4569855 0.491333 0.4888739 0.4945051 0.4205912 0.42 0.42 0.42 [1] 0.42 0.4275212 0.4799956 0.42 0.42 0.42 0.42 0.42 0.42 [2] 0.42 0.4163536 0.4082555 0.42 0.42 0.42 0.42 0.42 0.42 [3] 0.42 0.42 0.4543882 0.5037693 0.42 0.4804744 0.42 0.42 0.42 [4] 0.42 0.42 0.4378461 0.5022928 0.42 0.4948139 0.42 0.42 0.42 [5] 0.42 0.4181951 0.427617 0.42 0.4403084 0.42 0.42 0.42 0.42 [6] 0.42 0.4233301 0.42 0.4318749 0.42 0.42 0.42 0.42 0.42 [7] 0.42 0.42 0.4230657 0.42 0.42 0.4185693 0.42 0.42 0.42 [8] 0.42 0.42 0.42 0.4692857 0.42 0.42 0.42 0.42 0.42 [9] 0.42 0.4197313 0.42 0.4760135 0.42 0.42 0.42 0.42 0.42 [10] 0.42 0.42 0.4191604 0.4929326 0.4232208 0.42 0.42 0.42 0.42 [11] 0.42 0.42 0.4284207 0.459424 0.4219204 0.42 0.42 0.42 0.42 [12] 0.42 0.42 0.5233735 0.42 0.42 0.42 0.42 0.42 0.42 
[2] [0] 0.42 0.4867306 0.4993915 0.5159792 0.4957164 0.4813181 0.42 0.42 0.42 [1] 0.42 0.42062 0.4866954 0.42 0.42 0.42 0.42 0.42 0.42 [2] 0.42 0.4011994 0.3946784 0.42 0.42 0.42 0.42 0.42 0.42 [3] 0.42 0.42 0.444706 0.4694154 0.42 0.5034917 0.42 0.42 0.42 [4] 0.42 0.42 0.450121 0.4911431 0.42 0.5210609 0.42 0.42 0.42 [5] 0.42 0.4182848 0.4032154 0.42 0.4199161 0.42 0.42 0.42 0.42 [6] 0.42 0.421366 0.42 0.4187621 0.42 0.42 0.42 0.42 0.42 [7] 0.42 0.42 0.4188728 0.42 0.42 0.4375516 0.42 0.42 0.42 [8] 0.42 0.42 0.42 0.4516324 0.42 0.42 0.42 0.42 0.42 [9] 0.42 0.418535 0.42 0.4705281 0.42 0.42 0.42 0.42 0.42 [10] 0.42 0.42 0.4188853 0.459373 0.4806172 0.42 0.42 0.42 0.42 [11] 0.42 0.42 0.429052 0.4805662 0.4173407 0.42 0.42 0.42 0.42 [12] 0.42 0.42 0.4144931 0.42 0.42 0.42 0.42 0.42 0.42 
[7] 
[0] [0] 0.42 0.42 0.42 0.42 0.42 0.42 0.42 0.42 0.42 [1] 0.42 0.42 0.42 0.42 0.42 0.42 0.42 0.42 0.42 [2] 0.42 0.42 0.42 0.42 0.42 0.42 0.42 0.42 0.42 [3] 0.42 0.42 0.42 0.42 0.42 0.42 0.42 0.42 0.42 [4] 0.42 0.42 0.42 0.42 0.42 0.42 0.42 0.42 0.42 [5] 0.42 0.42 0.42 0.42 0.42 0.42 0.42 0.42 0.42 [6] 0.42 0.42 0.42 0.42 0.42 0.42 0.42 0.42 0.42 [7] 0.42 0.42 0.42 0.42 0.42 0.42 0.42 0.42 0.42 [8] 0.42 0.42 0.42 0.42 0.42 0.42 0.42 0.42 0.42 [9] 0.42 0.42 0.42 0.42 0.42 0.42 0.42 0.42 0.42 [10] 0.42 0.42 0.42 0.42 0.42 0.42 0.42 0.42 0.42 [11] 0.42 0.42 0.42 0.42 0.42 0.42 0.42 0.42 0.42 [12] 0.42 0.42 0.42 0.42 0.42 0.42 0.42 0.42 0.42 
[1] [0] 0.42 0.4724596 0.4796779 0.4167556 0.4303442 0.4175841 0.42 0.42 0.42 [1] 0.42 0.4294908 0.4211445 0.42 0.42 0.42 0.42 0.42 0.42 [2] 0.42 0.4148706 0.3996 0.42 0.42 0.42 0.42 0.42 0.42 [3] 0.42 0.42 0.4237404 0.441651 0.42 0.4156374 0.42 0.42 0.42 [4] 0.42 0.42 0.4195198 0.4705648 0.42 0.4274565 0.42 0.42 0.42 [5] 0.42 0.4189042 0.400601 0.42 0.4203905 0.42 0.42 0.42 0.42 [6] 0.42 0.4188079 0.42 0.4185268 0.42 0.42 0.42 0.42 0.42 [7] 0.42 0.42 0.4791053 0.42 0.42 0.4197081 0.42 0.42 0.42 [8] 0.42 0.42 0.42 0.4205821 0.42 0.42 0.42 0.42 0.42 [9] 0.42 0.462898 0.42 0.4441412 0.42 0.42 0.42 0.42 0.42 [10] 0.42 0.42 0.4197402 0.4198108 0.42112 0.42 0.42 0.42 0.42 [11] 0.42 0.42 0.4200205 0.4283068 0.4210587 0.42 0.42 0.42 0.42 [12] 0.42 0.42 0.42401 0.42 0.42 0.42 0.42 0.42 0.42 
[2] [0] 0.42 0.4669605 0.4752865 0.4686498 0.4642125 0.4209612 0.42 0.42 0.42 [1] 0.42 0.4145159 0.421741 0.42 0.42 0.42 0.42 0.42 0.42 [2] 0.42 0.3996 0.4 0.42 0.42 0.42 0.42 0.42 0.42 [3] 0.42 0.42 0.4009583 0.4432005 0.42 0.4141362 0.42 0.42 0.42 [4] 0.42 0.42 0.4058622 0.4756899 0.42 0.4196326 0.42 0.42 0.42 [5] 0.42 0.4134699 0.4011984 0.42 0.400987 0.42 0.42 0.42 0.42 [6] 0.42 0.4166469 0.42 0.4051436 0.42 0.42 0.42 0.42 0.42 [7] 0.42 0.42 0.4223817 0.42 0.42 0.4079174 0.42 0.42 0.42 [8] 0.42 0.42 0.42 0.4020106 0.42 0.42 0.42 0.42 0.42 [9] 0.42 0.4224184 0.42 0.4426424 0.42 0.42 0.42 0.42 0.42 [10] 0.42 0.42 0.4082769 0.4208982 0.4165783 0.42 0.42 0.42 0.42 [11] 0.42 0.42 0.4201288 0.3996 0.417875 0.42 0.42 0.42 0.42 [12] 0.42 0.42 0.4155148 0.42 0.42 0.42 0.42 0.42 0.42 
[8] 
[0] [0] 0.42 0.42 0.42 0.42 0.42 0.42 0.42 0.42 0.42 [1] 0.42 0.42 0.42 0.42 0.42 0.42 0.42 0.42 0.42 [2] 0.42 0.42 0.42 0.42 0.42 0.42 0.42 0.42 0.42 [3] 0.42 0.42 0.42 0.42 0.42 0.42 0.42 0.42 0.42 [4] 0.42 0.42 0.42 0.42 0.42 0.42 0.42 0.42 0.42 [5] 0.42 0.42 0.42 0.42 0.42 0.42 0.42 0.42 0.42 [6] 0.42 0.42 0.42 0.42 0.42 0.42 0.42 0.42 0.42 [7] 0.42 0.42 0.42 0.42 0.42 0.42 0.42 0.42 0.42 [8] 0.42 0.42 0.42 0.42 0.42 0.42 0.42 0.42 0.42 [9] 0.42 0.42 0.42 0.42 0.42 0.42 0.42 0.42 0.42 [10] 0.42 0.42 0.42 0.42 0.42 0.42 0.42 0.42 0.42 [11] 0.42 0.42 0.42 0.42 0.42 0.42 0.42 0.42 0.42 [12] 0.42 0.42 0.42 0.42 0.42 0.42 0.42 0.42 0.42 
[1] [0] 0.42 0.4625764 0.4806153 0.485678 0.4859882 0.4179406 0.42 0.42 0.42 [1] 0.42 0.4493453 0.4472755 0.42 0.42 0.42 0.42 0.42 0.42 [2] 0.42 0.4017451 0.3984024 0.42 0.42 0.42 0.42 0.42 0.42 [3] 0.42 0.42 0.4379174 0.4637741 0.42 0.4469437 0.42 0.42 0.42 [4] 0.42 0.42 0.4158548 0.4862155 0.42 0.4655429 0.42 0.42 0.42 [5] 0.42 0.4207334 0.4004382 0.42 0.4119209 0.42 0.42 0.42 0.42 [6] 0.42 0.417438 0.42 0.4240861 0.42 0.42 0.42 0.42 0.42 [7] 0.42 0.42 0.4142588 0.42 0.42 0.4189578 0.42 0.42 0.42 [8] 0.42 0.42 0.42 0.4282786 0.42 0.42 0.42 0.42 0.42 [9] 0.42 0.4194725 0.42 0.4717866 0.42 0.42 0.42 0.42 0.42 [10] 0.42 0.42 0.407618 0.4400999 0.4605386 0.42 0.42 0.42 0.42 [11] 0.42 0.42 0.4258086 0.4221995 0.4187835 0.42 0.42 0.42 0.42 [12] 0.42 0.42 0.4312274 0.42 0.42 0.42 0.42 0.42 0.42 
[2] [0] 0.42 0.48943 0.4660975 0.4931578 0.4962934 0.4269769 0.42 0.42 0.42 [1] 0.42 0.5119901 0.4671744 0.42 0.42 0.42 0.42 0.42 0.42 [2] 0.42 0.4047295 0.3948331 0.42 0.42 0.42 0.42 0.42 0.42 [3] 0.42 0.42 0.4189298 0.4673278 0.42 0.4686337 0.42 0.42 0.42 [4] 0.42 0.42 0.4240974 0.5058845 0.42 0.4780693 0.42 0.42 0.42 [5] 0.42 0.4050386 0.4111052 0.42 0.4454364 0.42 0.42 0.42 0.42 [6] 0.42 0.4294587 0.42 0.4146469 0.42 0.42 0.42 0.42 0.42 [7] 0.42 0.42 0.4221108 0.42 0.42 0.4238753 0.42 0.42 0.42 [8] 0.42 0.42 0.42 0.5105622 0.42 0.42 0.42 0.42 0.42 [9] 0.42 0.4452469 0.42 0.5021321 0.42 0.42 0.42 0.42 0.42 [10] 0.42 0.42 0.4026897 0.4748542 0.4743516 0.42 0.42 0.42 0.42 [11] 0.42 0.42 0.4456066 0.4763304 0.4090415 0.42 0.42 0.42 0.42 [12] 0.42 0.4152586 0.4584807 0.42 0.42 0.42 0.42 0.42 0.42 
[9] 
[0] [0] 0.42 0.42 0.42 0.42 0.42 0.42 0.42 0.42 0.42 [1] 0.42 0.42 0.42 0.42 0.42 0.42 0.42 0.42 0.42 [2] 0.42 0.42 0.42 0.42 0.42 0.42 0.42 0.42 0.42 [3] 0.42 0.42 0.42 0.42 0.42 0.42 0.42 0.42 0.42 [4] 0.42 0.42 0.42 0.42 0.42 0.42 0.42 0.42 0.42 [5] 0.42 0.42 0.42 0.42 0.42 0.42 0.42 0.42 0.42 [6] 0.42 0.42 0.42 0.42 0.42 0.42 0.42 0.42 0.42 [7] 0.42 0.42 0.42 0.42 0.42 0.42 0.42 0.42 0.42 [8] 0.42 0.42 0.42 0.42 0.42 0.42 0.42 0.42 0.42 [9] 0.42 0.42 0.42 0.42 0.42 0.42 0.42 0.42 0.42 [10] 0.42 0.42 0.42 0.42 0.42 0.42 0.42 0.42 0.42 [11] 0.42 0.42 0.42 0.42 0.42 0.42 0.42 0.42 0.42 [12] 0.42 0.42 0.42 0.42 0.42 0.42 0.42 0.42 0.42 
[1] [0] 0.42 0.42 0.42 0.42 0.42 0.42 0.42 0.42 0.42 [1] 0.42 0.42 0.42 0.42 0.42 0.42 0.42 0.42 0.42 [2] 0.42 0.42 0.42 0.42 0.42 0.42 0.42 0.42 0.42 [3] 0.42 0.42 0.42 0.42 0.42 0.42 0.42 0.42 0.42 [4] 0.42 0.42 0.42 0.42 0.42 0.42 0.42 0.42 0.42 [5] 0.42 0.42 0.42 0.42 0.42 0.42 0.42 0.42 0.42 [6] 0.42 0.42 0.42 0.42 0.42 0.42 0.42 0.42 0.42 [7] 0.42 0.42 0.42 0.42 0.42 0.42 0.42 0.42 0.42 [8] 0.42 0.42 0.42 0.42 0.42 0.42 0.42 0.42 0.42 [9] 0.42 0.42 0.42 0.42 0.42 0.42 0.42 0.42 0.42 [10] 0.42 0.42 0.42 0.42 0.42 0.42 0.42 0.42 0.42 [11] 0.42 0.42 0.42 0.42 0.42 0.42 0.42 0.42 0.42 [12] 0.42 0.42 0.42 0.42 0.42 0.42 0.42 0.42 0.42 
[2] [0] 0.42 0.4185264 0.4123513 0.4160813 0.4248438 0.4210568 0.42 0.42 0.42 [1] 0.42 0.4149808 0.4212009 0.42 0.42 0.42 0.42 0.42 0.42 [2] 0.42 0.4193225 0.4193225 0.42 0.42 0.42 0.42 0.42 0.42 [3] 0.42 0.42 0.4173692 0.4205679 0.42 0.4226327 0.42 0.42 0.42 [4] 0.42 0.42 0.4193012 0.4057602 0.42 0.4218342 0.42 0.42 0.42 [5] 0.42 0.4200578 0.4184833 0.42 0.4189032 0.42 0.42 0.42 0.42 [6] 0.42 0.4199022 0.42 0.4200609 0.42 0.42 0.42 0.42 0.42 [7] 0.42 0.42 0.420916 0.42 0.42 0.41958 0.42 0.42 0.42 [8] 0.42 0.42 0.42 0.4201594 0.42 0.42 0.42 0.42 0.42 [9] 0.42 0.4220547 0.42 0.4205288 0.42 0.42 0.42 0.42 0.42 [10] 0.42 0.42 0.4193225 0.4192943 0.4186265 0.42 0.42 0.42 0.42 [11] 0.42 0.42 0.4184823 0.4192211 0.4201604 0.42 0.42 0.42 0.42 [12] 0.42 0.42 0.4184304 0.42 0.42 0.42 0.42 0.42 0.42 
[10] 
[0] [0] 0.42 0.42 0.42 0.42 0.42 0.42 0.42 0.42 0.42 [1] 0.42 0.42 0.42 0.42 0.42 0.42 0.42 0.42 0.42 [2] 0.42 0.42 0.42 0.42 0.42 0.42 0.42 0.42 0.42 [3] 0.42 0.42 0.42 0.42 0.42 0.42 0.42 0.42 0.42 [4] 0.42 0.42 0.42 0.42 0.42 0.42 0.42 0.42 0.42 [5] 0.42 0.42 0.42 0.42 0.42 0.42 0.42 0.42 0.42 [6] 0.42 0.42 0.42 0.42 0.42 0.42 0.42 0.42 0.42 [7] 0.42 0.42 0.42 0.42 0.42 0.42 0.42 0.42 0.42 [8] 0.42 0.42 0.42 0.42 0.42 0.42 0.42 0.42 0.42 [9] 0.42 0.42 0.42 0.42 0.42 0.42 0.42 0.42 0.42 [10] 0.42 0.42 0.42 0.42 0.42 0.42 0.42 0.42 0.42 [11] 0.42 0.42 0.42 0.42 0.42 0.42 0.42 0.42 0.42 [12] 0.42 0.42 0.42 0.42 0.42 0.42 0.42 0.42 0.42 
[1] [0] 0.42 0.4702651 0.4752224 0.4949799 0.4771848 0.4245859 0.42 0.42 0.42 [1] 0.42 0.4476846 0.4815685 0.42 0.42 0.42 0.42 0.42 0.42 [2] 0.42 0.4003043 0.3968192 0.42 0.42 0.42 0.42 0.42 0.42 [3] 0.42 0.42 0.4435974 0.4851964 0.42 0.4592451 0.42 0.42 0.42 [4] 0.42 0.42 0.4069645 0.4988303 0.42 0.4860703 0.42 0.42 0.42 [5] 0.42 0.4150951 0.4062811 0.42 0.4093368 0.42 0.42 0.42 0.42 [6] 0.42 0.4187718 0.42 0.4162723 0.42 0.42 0.42 0.42 0.42 [7] 0.42 0.42 0.4241079 0.42 0.42 0.4187264 0.42 0.42 0.42 [8] 0.42 0.42 0.42 0.4929462 0.42 0.42 0.42 0.42 0.42 [9] 0.42 0.4195338 0.42 0.4614964 0.42 0.42 0.42 0.42 0.42 [10] 0.42 0.42 0.4170396 0.4934973 0.4798875 0.42 0.42 0.42 0.42 [11] 0.42 0.42 0.42337 0.4648059 0.4168157 0.42 0.42 0.42 0.42 [12] 0.42 0.42 0.4912812 0.42 0.42 0.42 0.42 0.42 0.42 
[2] [0] 0.42 0.42 0.42 0.42 0.42 0.42 0.42 0.42 0.42 [1] 0.42 0.42 0.42 0.42 0.42 0.42 0.42 0.42 0.42 [2] 0.42 0.42 0.4 0.42 0.42 0.42 0.42 0.42 0.42 [3] 0.42 0.42 0.42 0.42 0.42 0.42 0.42 0.42 0.42 [4] 0.42 0.42 0.42 0.42 0.42 0.42 0.42 0.42 0.42 [5] 0.42 0.42 0.4 0.42 0.4113602 0.42 0.42 0.42 0.42 [6] 0.42 0.42 0.42 0.42 0.42 0.42 0.42 0.42 0.42 [7] 0.42 0.42 0.42 0.42 0.42 0.4168923 0.42 0.42 0.42 [8] 0.42 0.42 0.42 0.4 0.42 0.42 0.42 0.42 0.42 [9] 0.42 0.42 0.42 0.42 0.42 0.42 0.42 0.42 0.42 [10] 0.42 0.42 0.42 0.42 0.42 0.42 0.42 0.42 0.42 [11] 0.42 0.42 0.42 0.42 0.42 0.42 0.42 0.42 0.42 [12] 0.42 0.42 0.42 0.42 0.42 0.42 0.42 0.42 0.42 
[11] 
[0] [0] 0.42 0.4833758 0.4604222 0.4545192 0.4925782 0.4275974 0.42 0.42 0.42 [1] 0.42 0.4643982 0.4688674 0.42 0.42 0.42 0.42 0.42 0.42 [2] 0.42 0.4035582 0.3982064 0.42 0.42 0.42 0.42 0.42 0.42 [3] 0.42 0.42 0.4708319 0.5084289 0.42 0.4469578 0.42 0.42 0.42 [4] 0.42 0.42 0.4277585 0.4860786 0.42 0.4691313 0.42 0.42 0.42 [5] 0.42 0.4019731 0.4072123 0.42 0.4000868 0.4 0.42 0.42 0.42 [6] 0.42 0.4162972 0.42 0.4111079 0.42 0.42 0.42 0.42 0.42 [7] 0.42 0.42 0.4487962 0.42 0.42 0.4164423 0.42 0.42 0.42 [8] 0.42 0.42 0.42 0.4134899 0.42 0.42 0.42 0.42 0.42 [9] 0.42 0.4528621 0.42 0.4500054 0.42 0.42 0.42 0.42 0.42 [10] 0.42 0.42 0.4 0.449027 0.4849283 0.42 0.42 0.42 0.42 [11] 0.42 0.42 0.422522 0.4538655 0.4146295 0.42 0.42 0.42 0.42 [12] 0.42 0.4 0.4539521 0.42 0.42 0.42 0.42 0.42 0.42 
[1] [0] 0.42 0.42 0.42 0.42 0.42 0.42 0.42 0.42 0.42 [1] 0.42 0.42 0.42 0.42 0.42 0.42 0.42 0.42 0.42 [2] 0.42 0.42 0.42 0.42 0.42 0.42 0.42 0.42 0.42 [3] 0.42 0.42 0.42 0.42 0.42 0.42 0.42 0.42 0.42 [4] 0.42 0.42 0.42 0.42 0.42 0.42 0.42 0.42 0.42 [5] 0.42 0.42 0.42 0.42 0.42 0.42 0.42 0.42 0.42 [6] 0.42 0.42 0.42 0.42 0.42 0.42 0.42 0.42 0.42 [7] 0.42 0.42 0.42 0.42 0.42 0.42 0.42 0.42 0.42 [8] 0.42 0.42 0.42 0.42 0.42 0.42 0.42 0.42 0.42 [9] 0.42 0.42 0.42 0.42 0.42 0.42 0.42 0.42 0.42 [10] 0.42 0.42 0.42 0.42 0.42 0.42 0.42 0.42 0.42 [11] 0.42 0.42 0.42 0.42 0.42 0.42 0.42 0.42 0.42 [12] 0.42 0.42 0.42 0.42 0.42 0.42 0.42 0.42 0.42 
[2] [0] 0.42 0.42 0.42 0.42 0.42 0.42 0.42 0.42 0.42 [1] 0.42 0.42 0.42 0.42 0.42 0.42 0.42 0.42 0.42 [2] 0.42 0.42 0.42 0.42 0.42 0.42 0.42 0.42 0.42 [3] 0.42 0.42 0.42 0.42 0.42 0.42 0.42 0.42 0.42 [4] 0.42 0.42 0.42 0.42 0.42 0.42 0.42 0.42 0.42 [5] 0.42 0.42 0.42 0.42 0.42 0.42 0.42 0.42 0.42 [6] 0.42 0.42 0.42 0.42 0.42 0.42 0.42 0.42 0.42 [7] 0.42 0.42 0.42 0.42 0.42 0.42 0.42 0.42 0.42 [8] 0.42 0.42 0.42 0.42 0.42 0.42 0.42 0.42 0.42 [9] 0.42 0.42 0.42 0.42 0.42 0.42 0.42 0.42 0.42 [10] 0.42 0.42 0.42 0.42 0.42 0.42 0.42 0.42 0.42 [11] 0.42 0.42 0.42 0.42 0.42 0.42 0.42 0.42 0.42 [12] 0.42 0.42 0.42 0.42 0.42 0.42 0.42 0.42 0.42 
[12] 
[0] [0] 0.42 0.42 0.42 0.42 0.42 0.42 0.42 0.42 0.42 [1] 0.42 0.42 0.42 0.42 0.42 0.42 0.42 0.42 0.42 [2] 0.42 0.42 0.42 0.42 0.42 0.42 0.42 0.42 0.42 [3] 0.42 0.42 0.42 0.42 0.42 0.42 0.42 0.42 0.42 [4] 0.42 0.42 0.42 0.42 0.42 0.42 0.42 0.42 0.42 [5] 0.42 0.42 0.42 0.42 0.42 0.42 0.42 0.42 0.42 [6] 0.42 0.42 0.42 0.42 0.42 0.42 0.42 0.42 0.42 [7] 0.42 0.42 0.42 0.42 0.42 0.42 0.42 0.42 0.42 [8] 0.42 0.42 0.42 0.42 0.42 0.42 0.42 0.42 0.42 [9] 0.42 0.42 0.42 0.42 0.42 0.42 0.42 0.42 0.42 [10] 0.42 0.42 0.42 0.42 0.42 0.42 0.42 0.42 0.42 [11] 0.42 0.42 0.42 0.42 0.42 0.42 0.42 0.42 0.42 [12] 0.42 0.42 0.42 0.42 0.42 0.42 0.42 0.42 0.42 
[1] [0] 0.42 0.42 0.42 0.42 0.42 0.42 0.42 0.42 0.42 [1] 0.42 0.42 0.42 0.42 0.42 0.42 0.42 0.42 0.42 [2] 0.42 0.42 0.42 0.42 0.42 0.42 0.42 0.42 0.42 [3] 0.42 0.42 0.42 0.42 0.42 0.42 0.42 0.42 0.42 [4] 0.42 0.42 0.42 0.42 0.42 0.42 0.42 0.42 0.42 [5] 0.42 0.42 0.42 0.42 0.42 0.42 0.42 0.42 0.42 [6] 0.42 0.42 0.42 0.42 0.42 0.42 0.42 0.42 0.42 [7] 0.42 0.42 0.42 0.42 0.42 0.42 0.42 0.42 0.42 [8] 0.42 0.42 0.42 0.42 0.42 0.42 0.42 0.42 0.42 [9] 0.42 0.42 0.42 0.42 0.42 0.42 0.42 0.42 0.42 [10] 0.42 0.42 0.42 0.42 0.42 0.42 0.42 0.42 0.42 [11] 0.42 0.42 0.42 0.42 0.42 0.42 0.42 0.42 0.42 [12] 0.42 0.42 0.42 0.42 0.42 0.42 0.42 0.42 0.42 
[2] [0] 0.42 0.48731 0.4847479 0.4628406 0.4842464 0.4258933 0.42 0.42 0.42 [1] 0.42 0.4961995 0.4261971 0.42 0.42 0.42 0.42 0.42 0.42 [2] 0.42 0.4041784 0.3992004 0.42 0.42 0.42 0.42 0.42 0.42 [3] 0.42 0.42 0.4122238 0.4755913 0.42 0.4164232 0.42 0.42 0.42 [4] 0.42 0.42 0.4249866 0.4881715 0.42 0.4393599 0.42 0.42 0.42 [5] 0.42 0.4001994 0.4015811 0.42 0.4090026 0.42 0.42 0.42 0.42 [6] 0.42 0.4224082 0.42 0.4056205 0.42 0.42 0.42 0.42 0.42 [7] 0.42 0.42 0.41159 0.42 0.42 0.4004004 0.42 0.42 0.42 [8] 0.42 0.42 0.42 0.3976417 0.42 0.42 0.42 0.42 0.42 [9] 0.42 0.4354032 0.42 0.4982698 0.42 0.42 0.42 0.42 0.42 [10] 0.42 0.42 0.403523 0.4173274 0.4209574 0.42 0.42 0.42 0.42 [11] 0.42 0.42 0.4306968 0.4121789 0.41474 0.42 0.42 0.42 0.42 [12] 0.42 0.42 0.4377124 0.42 0.42 0.42 0.42 0.42 0.42 
[13] 
[0] [0] 0.42 0.42 0.42 0.42 0.42 0.42 0.42 0.42 0.42 [1] 0.42 0.42 0.42 0.42 0.42 0.42 0.42 0.42 0.42 [2] 0.42 0.42 0.42 0.42 0.42 0.42 0.42 0.42 0.42 [3] 0.42 0.42 0.42 0.42 0.42 0.42 0.42 0.42 0.42 [4] 0.42 0.42 0.42 0.42 0.42 0.42 0.42 0.42 0.42 [5] 0.42 0.42 0.42 0.42 0.42 0.42 0.42 0.42 0.42 [6] 0.42 0.42 0.42 0.42 0.42 0.42 0.42 0.42 0.42 [7] 0.42 0.42 0.42 0.42 0.42 0.42 0.42 0.42 0.42 [8] 0.42 0.42 0.42 0.42 0.42 0.42 0.42 0.42 0.42 [9] 0.42 0.42 0.42 0.42 0.42 0.42 0.42 0.42 0.42 [10] 0.42 0.42 0.42 0.42 0.42 0.42 0.42 0.42 0.42 [11] 0.42 0.42 0.42 0.42 0.42 0.42 0.42 0.42 0.42 [12] 0.42 0.42 0.42 0.42 0.42 0.42 0.42 0.42 0.42 
[1] [0] 0.42 0.4192694 0.4169941 0.4169456 0.4210814 0.4193195 0.42 0.42 0.42 [1] 0.42 0.4173921 0.4198992 0.42 0.42 0.42 0.42 0.42 0.42 [2] 0.42 0.4050463 0.3996 0.42 0.42 0.42 0.42 0.42 0.42 [3] 0.42 0.42 0.4180689 0.4217382 0.42 0.41958 0.42 0.42 0.42 [4] 0.42 0.42 0.4180688 0.4179448 0.42 0.4203176 0.42 0.42 0.42 [5] 0.42 0.42 0.4 0.42 0.4183225 0.42 0.42 0.42 0.42 [6] 0.42 0.4187412 0.42 0.4183225 0.42 0.42 0.42 0.42 0.42 [7] 0.42 0.42 0.4191604 0.42 0.42 0.41958 0.42 0.42 0.42 [8] 0.42 0.42 0.42 0.4189012 0.42 0.42 0.42 0.42 0.42 [9] 0.42 0.4191604 0.42 0.4194803 0.42 0.42 0.42 0.42 0.42 [10] 0.42 0.42 0.42 0.4182261 0.4226317 0.42 0.42 0.42 0.42 [11] 0.42 0.42 0.42 0.42058 0.4180658 0.42 0.42 0.42 0.42 [12] 0.42 0.42 0.4171381 0.42 0.42 0.42 0.42 0.42 0.42 
[2] [0] 0.42 0.4897314 0.4670439 0.4812202 0.4634004 0.430478 0.42 0.42 0.42 [1] 0.42 0.5055312 0.455027 0.42 0.42 0.42 0.42 0.42 0.42 [2] 0.42 0.4011994 0.398013 0.42 0.42 0.42 0.42 0.42 0.42 [3] 0.42 0.42 0.429159 0.4809162 0.42 0.4641852 0.42 0.42 0.42 [4] 0.42 0.42 0.4054519 0.5072125 0.42 0.5040234 0.42 0.42 0.42 [5] 0.42 0.4011904 0.3994161 0.42 0.4103649 0.42 0.42 0.42 0.42 [6] 0.42 0.4111032 0.42 0.4097638 0.42 0.42 0.42 0.42 0.42 [7] 0.42 0.42 0.4162961 0.42 0.42 0.4149268 0.42 0.42 0.42 [8] 0.42 0.42 0.42 0.4045427 0.42 0.42 0.42 0.42 0.42 [9] 0.42 0.4350727 0.42 0.4706126 0.42 0.42 0.42 0.42 0.42 [10] 0.42 0.42 0.4085681 0.4388149 0.4847506 0.42 0.42 0.42 0.42 [11] 0.42 0.42 0.4227041 0.4444295 0.4218065 0.42 0.42 0.42 0.42 [12] 0.42 0.4 0.4254091 0.42 0.42 0.42 0.42 0.42 0.42 
[14] 
[0] [0] 0.42 0.42 0.42 0.42 0.42 0.42 0.42 0.42 0.42 [1] 0.42 0.42 0.42 0.42 0.42 0.42 0.42 0.42 0.42 [2] 0.42 0.42 0.42 0.42 0.42 0.42 0.42 0.42 0.42 [3] 0.42 0.42 0.42 0.42 0.42 0.42 0.42 0.42 0.42 [4] 0.42 0.42 0.42 0.42 0.42 0.42 0.42 0.42 0.42 [5] 0.42 0.42 0.42 0.42 0.42 0.42 0.42 0.42 0.42 [6] 0.42 0.42 0.42 0.42 0.42 0.42 0.42 0.42 0.42 [7] 0.42 0.42 0.42 0.42 0.42 0.42 0.42 0.42 0.42 [8] 0.42 0.42 0.42 0.42 0.42 0.42 0.42 0.42 0.42 [9] 0.42 0.42 0.42 0.42 0.42 0.42 0.42 0.42 0.42 [10] 0.42 0.42 0.42 0.42 0.42 0.42 0.42 0.42 0.42 [11] 0.42 0.42 0.42 0.42 0.42 0.42 0.42 0.42 0.42 [12] 0.42 0.42 0.42 0.42 0.42 0.42 0.42 0.42 0.42 
[1] [0] 0.42 0.4217319 0.4625055 0.4576003 0.4810958 0.4201734 0.42 0.42 0.42 [1] 0.42 0.4246474 0.4715118 0.42 0.42 0.42 0.42 0.42 0.42 [2] 0.42 0.4165135 0.4031138 0.42 0.42 0.42 0.42 0.42 0.42 [3] 0.42 0.42 0.4246744 0.4609343 0.42 0.4545642 0.42 0.42 0.42 [4] 0.42 0.42 0.4293227 0.4764117 0.42 0.4495687 0.42 0.42 0.42 [5] 0.42 0.420495 0.4177263 0.42 0.4228718 0.42 0.42 0.42 0.42 [6] 0.42 0.4189627 0.42 0.425942 0.42 0.42 0.42 0.42 0.42 [7] 0.42 0.42 0.4243313 0.42 0.42 0.4261138 0.42 0.42 0.42 [8] 0.42 0.42 0.42 0.4239614 0.42 0.42 0.42 0.42 0.42 [9] 0.42 0.4205328 0.42 0.429744 0.42 0.42 0.42 0.42 0.42 [10] 0.42 0.42 0.4211594 0.4574924 0.4873864 0.42 0.42 0.42 0.42 [11] 0.42 0.42 0.4223194 0.4348364 0.4171953 0.42 0.42 0.42 0.42 [12] 0.42 0.42 0.4786521 0.42 0.42 0.42 0.42 0.42 0.42 
[2] [0] 0.42 0.42 0.4191604 0.4193215 0.42 0.42 0.42 0.42 0.42 [1] 0.42 0.41958 0.42 0.42 0.42 0.42 0.42 0.42 0.42 [2] 0.42 0.42 0.4057959 0.42 0.42 0.42 0.42 0.42 0.42 [3] 0.42 0.42 0.42 0.42 0.42 0.42 0.42 0.42 0.42 [4] 0.42 0.42 0.42 0.41958 0.42 0.41958 0.42 0.42 0.42 [5] 0.42 0.42 0.42 0.42 0.41958 0.42 0.42 0.42 0.42 [6] 0.42 0.42 0.42 0.41958 0.42 0.42 0.42 0.42 0.42 [7] 0.42 0.42 0.42 0.42 0.42 0.42 0.42 0.42 0.42 [8] 0.42 0.42 0.42 0.42 0.42 0.42 0.42 0.42 0.42 [9] 0.42 0.41958 0.42 0.42 0.42 0.42 0.42 0.42 0.42 [10] 0.42 0.42 0.42 0.42 0.42 0.42 0.42 0.42 0.42 [11] 0.42 0.42 0.42 0.42 0.42 0.42 0.42 0.42 0.42 [12] 0.42 0.42 0.42 0.42 0.42 0.42 0.42 0.42 0.42 
[15] 
[0] [0] 0.42 0.42 0.42 0.42 0.42 0.42 0.42 0.42 0.42 [1] 0.42 0.42 0.42 0.42 0.42 0.42 0.42 0.42 0.42 [2] 0.42 0.42 0.42 0.42 0.42 0.42 0.42 0.42 0.42 [3] 0.42 0.42 0.42 0.42 0.42 0.42 0.42 0.42 0.42 [4] 0.42 0.42 0.42 0.42 0.42 0.42 0.42 0.42 0.42 [5] 0.42 0.42 0.42 0.42 0.42 0.42 0.42 0.42 0.42 [6] 0.42 0.42 0.42 0.42 0.42 0.42 0.42 0.42 0.42 [7] 0.42 0.42 0.42 0.42 0.42 0.42 0.42 0.42 0.42 [8] 0.42 0.42 0.42 0.42 0.42 0.42 0.42 0.42 0.42 [9] 0.42 0.42 0.42 0.42 0.42 0.42 0.42 0.42 0.42 [10] 0.42 0.42 0.42 0.42 0.42 0.42 0.42 0.42 0.42 [11] 0.42 0.42 0.42 0.42 0.42 0.42 0.42 0.42 0.42 [12] 0.42 0.42 0.42 0.42 0.42 0.42 0.42 0.42 0.42 
[1] [0] 0.42 0.4182438 0.4266613 0.4415475 0.4637456 0.4233777 0.42 0.42 0.42 [1] 0.42 0.4177049 0.4522336 0.42 0.42 0.42 0.42 0.42 0.42 [2] 0.42 0.4193762 0.4173871 0.42 0.42 0.42 0.42 0.42 0.42 [3] 0.42 0.42 0.4257012 0.4335576 0.42 0.4203616 0.42 0.42 0.42 [4] 0.42 0.42 0.4248619 0.4205151 0.42 0.4151986 0.42 0.42 0.42 [5] 0.42 0.4203761 0.417729 0.42 0.415903 0.42 0.42 0.42 0.42 [6] 0.42 0.4203194 0.42 0.4191791 0.42 0.42 0.42 0.42 0.42 [7] 0.42 0.42 0.4193851 0.42 0.42 0.4207919 0.42 0.42 0.42 [8] 0.42 0.42 0.42 0.4200306 0.42 0.42 0.42 0.42 0.42 [9] 0.42 0.4182291 0.42 0.4159246 0.42 0.42 0.42 0.42 0.42 [10] 0.42 0.42 0.41958 0.4271938 0.4492486 0.42 0.42 0.42 0.42 [11] 0.42 0.42 0.4198048 0.4178555 0.4192311 0.42 0.42 0.42 0.42 [12] 0.42 0.42 0.4557503 0.42 0.42 0.42 0.42 0.42 0.42 
[2] [0] 0.42 0.4511954 0.4807067 0.4702753 0.4759355 0.4225144 0.42 0.42 0.42 [1] 0.42 0.4278661 0.4996264 0.42 0.42 0.42 0.42 0.42 0.42 [2] 0.42 0.4140466 0.4070324 0.42 0.42 0.42 0.42 0.42 0.42 [3] 0.42 0.42 0.4384538 0.4677328 0.42 0.4358741 0.42 0.42 0.42 [4] 0.42 0.42 0.4226993 0.4799396 0.42 0.4621682 0.42 0.42 0.42 [5] 0.42 0.417818 0.4180135 0.42 0.4218175 0.42 0.42 0.42 0.42 [6] 0.42 0.4204529 0.42 0.4153583 0.42 0.42 0.42 0.42 0.42 [7] 0.42 0.42 0.4216163 0.42 0.42 0.4246189 0.42 0.42 0.42 [8] 0.42 0.42 0.42 0.4551854 0.42 0.42 0.42 0.42 0.42 [9] 0.42 0.4223066 0.42 0.4527708 0.42 0.42 0.42 0.42 0.42 [10] 0.42 0.42 0.4191604 0.4718685 0.4921522 0.42 0.42 0.42 0.42 [11] 0.42 0.42 0.420108 0.4314618 0.4205608 0.42 0.42 0.42 0.42 [12] 0.42 0.42 0.4976706 0.42 0.42 0.42 0.42 0.42 0.42 
[16] 
[0] [0] 0.42 0.42 0.42 0.42 0.42 0.42 0.42 0.42 0.42 [1] 0.42 0.42 0.42 0.42 0.42 0.42 0.42 0.42 0.42 [2] 0.42 0.42 0.42 0.42 0.42 0.42 0.42 0.42 0.42 [3] 0.42 0.42 0.42 0.42 0.42 0.42 0.42 0.42 0.42 [4] 0.42 0.42 0.42 0.42 0.42 0.42 0.42 0.42 0.42 [5] 0.42 0.42 0.42 0.42 0.42 0.42 0.42 0.42 0.42 [6] 0.42 0.42 0.42 0.42 0.42 0.42 0.42 0.42 0.42 [7] 0.42 0.42 0.42 0.42 0.42 0.42 0.42 0.42 0.42 [8] 0.42 0.42 0.42 0.42 0.42 0.42 0.42 0.42 0.42 [9] 0.42 0.42 0.42 0.42 0.42 0.42 0.42 0.42 0.42 [10] 0.42 0.42 0.42 0.42 0.42 0.42 0.42 0.42 0.42 [11] 0.42 0.42 0.42 0.42 0.42 0.42 0.42 0.42 0.42 [12] 0.42 0.42 0.42 0.42 0.42 0.42 0.42 0.42 0.42 
[1] [0] 0.42 0.4312344 0.494581 0.4682444 0.4843303 0.4163136 0.42 0.42 0.42 [1] 0.42 0.4245668 0.4598716 0.42 0.42 0.42 0.42 0.42 0.42 [2] 0.42 0.3996538 0.398609 0.42 0.42 0.42 0.42 0.42 0.42 [3] 0.42 0.42 0.4419211 0.4735114 0.42 0.4316429 0.42 0.42 0.42 [4] 0.42 0.42 0.4172843 0.4963033 0.42 0.4592039 0.42 0.42 0.42 [5] 0.42 0.4139666 0.4014159 0.42 0.4034191 0.42 0.42 0.42 0.42 [6] 0.42 0.4190952 0.42 0.4261405 0.42 0.42 0.42 0.42 0.42 [7] 0.42 0.42 0.4182905 0.42 0.42 0.4233767 0.42 0.42 0.42 [8] 0.42 0.42 0.42 0.4326828 0.42 0.42 0.42 0.42 0.42 [9] 0.42 0.4238972 0.42 0.445584 0.42 0.42 0.42 0.42 0.42 [10] 0.42 0.42 0.4198843 0.4822252 0.478548 0.42 0.42 0.42 0.42 [11] 0.42 0.42 0.4214979 0.4432763 0.4149363 0.42 0.42 0.42 0.42 [12] 0.42 0.42 0.4972382 0.42 0.42 0.42 0.42 0.42 0.42 
[2] [0] 0.42 0.42 0.42 0.42 0.42 0.42 0.42 0.42 0.42 [1] 0.42 0.42 0.42 0.42 0.42 0.42 0.42 0.42 0.42 [2] 0.42 0.42 0.42 0.42 0.42 0.42 0.42 0.42 0.42 [3] 0.42 0.42 0.42 0.42 0.42 0.42 0.42 0.42 0.42 [4] 0.42 0.42 0.42 0.42 0.42 0.42 0.42 0.42 0.42 [5] 0.42 0.42 0.42 0.42 0.42 0.42 0.42 0.42 0.42 [6] 0.42 0.42 0.42 0.42 0.42 0.42 0.42 0.42 0.42 [7] 0.42 0.42 0.42 0.42 0.42 0.42 0.42 0.42 0.42 [8] 0.42 0.42 0.42 0.42 0.42 0.42 0.42 0.42 0.42 [9] 0.42 0.42 0.42 0.42 0.42 0.42 0.42 0.42 0.42 [10] 0.42 0.42 0.42 0.42 0.42 0.42 0.42 0.42 0.42 [11] 0.42 0.42 0.42 0.42 0.42 0.42 0.42 0.42 0.42 [12] 0.42 0.42 0.42 0.42 0.42 0.42 0.42 0.42 0.42 
[17] 
[0] [0] 0.42 0.42 0.42 0.42 0.42 0.42 0.42 0.42 0.42 [1] 0.42 0.42 0.42 0.42 0.42 0.42 0.42 0.42 0.42 [2] 0.42 0.42 0.42 0.42 0.42 0.42 0.42 0.42 0.42 [3] 0.42 0.42 0.42 0.42 0.42 0.42 0.42 0.42 0.42 [4] 0.42 0.42 0.42 0.42 0.42 0.42 0.42 0.42 0.42 [5] 0.42 0.42 0.42 0.42 0.42 0.42 0.42 0.42 0.42 [6] 0.42 0.42 0.42 0.42 0.42 0.42 0.42 0.42 0.42 [7] 0.42 0.42 0.42 0.42 0.42 0.42 0.42 0.42 0.42 [8] 0.42 0.42 0.42 0.42 0.42 0.42 0.42 0.42 0.42 [9] 0.42 0.42 0.42 0.42 0.42 0.42 0.42 0.42 0.42 [10] 0.42 0.42 0.42 0.42 0.42 0.42 0.42 0.42 0.42 [11] 0.42 0.42 0.42 0.42 0.42 0.42 0.42 0.42 0.42 [12] 0.42 0.42 0.42 0.42 0.42 0.42 0.42 0.42 0.42 
[1] [0] 0.42 0.4194823 0.4176458 0.4175577 0.4257569 0.4193225 0.42 0.42 0.42 [1] 0.42 0.4204832 0.4183225 0.42 0.42 0.42 0.42 0.42 0.42 [2] 0.42 0.4072288 0.4 0.42 0.42 0.42 0.42 0.42 0.42 [3] 0.42 0.42 0.4178119 0.4184813 0.42 0.4193225 0.42 0.42 0.42 [4] 0.42 0.42 0.4183226 0.4194813 0.42 0.4199002 0.42 0.42 0.42 [5] 0.42 0.41958 0.4 0.42 0.4193215 0.42 0.42 0.42 0.42 [6] 0.42 0.42 0.42 0.41958 0.42 0.42 0.42 0.42 0.42 [7] 0.42 0.42 0.41958 0.42 0.42 0.42058 0.42 0.42 0.42 [8] 0.42 0.42 0.42 0.4197412 0.42 0.42 0.42 0.42 0.42 [9] 0.42 0.42058 0.42 0.42058 0.42 0.42 0.42 0.42 0.42 [10] 0.42 0.42 0.42 0.4189012 0.4176508 0.42 0.42 0.42 0.42 [11] 0.42 0.42 0.41958 0.4197412 0.42 0.42 0.42 0.42 0.42 [12] 0.42 0.42 0.4195387 0.42 0.42 0.42 0.42 0.42 0.42 
[2] [0] 0.42 0.42 0.42 0.42 0.42 0.42 0.42 0.42 0.42 [1] 0.42 0.42 0.42 0.42 0.42 0.42 0.42 0.42 0.42 [2] 0.42 0.42 0.4085366 0.42 0.42 0.42 0.42 0.42 0.42 [3] 0.42 0.42 0.42 0.42 0.42 0.42 0.42 0.42 0.42 [4] 0.42 0.42 0.42 0.42 0.42 0.42 0.42 0.42 0.42 [5] 0.42 0.42 0.42 0.42 0.42 0.42 0.42 0.42 0.42 [6] 0.42 0.42 0.42 0.42 0.42 0.42 0.42 0.42 0.42 [7] 0.42 0.42 0.42 0.42 0.42 0.42 0.42 0.42 0.42 [8] 0.42 0.42 0.42 0.42 0.42 0.42 0.42 0.42 0.42 [9] 0.42 0.42 0.42 0.42 0.42 0.42 0.42 0.42 0.42 [10] 0.42 0.42 0.42 0.42 0.42 0.42 0.42 0.42 0.42 [11] 0.42 0.42 0.42 0.42 0.42 0.42 0.42 0.42 0.42 [12] 0.42 0.42 0.42 0.42 0.42 0.42 0.42 0.42 0.42 
[18] 
[0] [0] 0.42 0.42 0.42 0.42 0.42 0.42 0.42 0.42 0.42 [1] 0.42 0.42 0.42 0.42 0.42 0.42 0.42 0.42 0.42 [2] 0.42 0.42 0.42 0.42 0.42 0.42 0.42 0.42 0.42 [3] 0.42 0.42 0.42 0.42 0.42 0.42 0.42 0.42 0.42 [4] 0.42 0.42 0.42 0.42 0.42 0.42 0.42 0.42 0.42 [5] 0.42 0.42 0.42 0.42 0.42 0.42 0.42 0.42 0.42 [6] 0.42 0.42 0.42 0.42 0.42 0.42 0.42 0.42 0.42 [7] 0.42 0.42 0.42 0.42 0.42 0.42 0.42 0.42 0.42 [8] 0.42 0.42 0.42 0.42 0.42 0.42 0.42 0.42 0.42 [9] 0.42 0.42 0.42 0.42 0.42 0.42 0.42 0.42 0.42 [10] 0.42 0.42 0.42 0.42 0.42 0.42 0.42 0.42 0.42 [11] 0.42 0.42 0.42 0.42 0.42 0.42 0.42 0.42 0.42 [12] 0.42 0.42 0.42 0.42 0.42 0.42 0.42 0.42 0.42 
[1] [0] 0.42 0.4195437 0.4190768 0.4180638 0.415876 0.4189042 0.42 0.42 0.42 [1] 0.42 0.4192943 0.4211594 0.42 0.42 0.42 0.42 0.42 0.42 [2] 0.42 0.4189032 0.4 0.42 0.42 0.42 0.42 0.42 0.42 [3] 0.42 0.42 0.4180678 0.4155503 0.42 0.4207382 0.42 0.42 0.42 [4] 0.42 0.42 0.4197403 0.4170689 0.42 0.4199032 0.42 0.42 0.42 [5] 0.42 0.41958 0.42 0.42 0.42 0.42 0.42 0.42 0.42 [6] 0.42 0.42 0.42 0.4197412 0.42 0.42 0.42 0.42 0.42 [7] 0.42 0.42 0.41958 0.42 0.42 0.41958 0.42 0.42 0.42 [8] 0.42 0.42 0.42 0.42 0.42 0.42 0.42 0.42 0.42 [9] 0.42 0.4187412 0.42 0.4218951 0.42 0.42 0.42 0.42 0.42 [10] 0.42 0.42 0.4191604 0.42 0.4187413 0.42 0.42 0.42 0.42 [11] 0.42 0.42 0.4189032 0.4191604 0.42 0.42 0.42 0.42 0.42 [12] 0.42 0.42 0.4187412 0.42 0.42 0.42 0.42 0.42 0.42 
[2] [0] 0.42 0.42 0.42 0.42 0.42 0.42 0.42 0.42 0.42 [1] 0.42 0.42 0.42 0.42 0.42 0.42 0.42 0.42 0.42 [2] 0.42 0.42 0.42 0.42 0.42 0.42 0.42 0.42 0.42 [3] 0.42 0.42 0.42 0.42 0.42 0.42 0.42 0.42 0.42 [4] 0.42 0.42 0.42 0.42 0.42 0.42 0.42 0.42 0.42 [5] 0.42 0.42 0.42 0.42 0.42 0.42 0.42 0.42 0.42 [6] 0.42 0.42 0.42 0.42 0.42 0.42 0.42 0.42 0.42 [7] 0.42 0.42 0.42 0.42 0.42 0.42 0.42 0.42 0.42 [8] 0.42 0.42 0.42 0.42 0.42 0.42 0.42 0.42 0.42 [9] 0.42 0.42 0.42 0.42 0.42 0.42 0.42 0.42 0.42 [10] 0.42 0.42 0.42 0.42 0.42 0.42 0.42 0.42 0.42 [11] 0.42 0.42 0.42 0.42 0.42 0.42 0.42 0.42 0.42 [12] 0.42 0.42 0.42 0.42 0.42 0.42 0.42 0.42 0.42 
[19] 
[0] [0] 0.42 0.42 0.42 0.42 0.42 0.42 0.42 0.42 0.42 [1] 0.42 0.42 0.42 0.42 0.42 0.42 0.42 0.42 0.42 [2] 0.42 0.42 0.42 0.42 0.42 0.42 0.42 0.42 0.42 [3] 0.42 0.42 0.42 0.42 0.42 0.42 0.42 0.42 0.42 [4] 0.42 0.42 0.42 0.42 0.42 0.42 0.42 0.42 0.42 [5] 0.42 0.42 0.42 0.42 0.42 0.42 0.42 0.42 0.42 [6] 0.42 0.42 0.42 0.42 0.42 0.42 0.42 0.42 0.42 [7] 0.42 0.42 0.42 0.42 0.42 0.42 0.42 0.42 0.42 [8] 0.42 0.42 0.42 0.42 0.42 0.42 0.42 0.42 0.42 [9] 0.42 0.42 0.42 0.42 0.42 0.42 0.42 0.42 0.42 [10] 0.42 0.42 0.42 0.42 0.42 0.42 0.42 0.42 0.42 [11] 0.42 0.42 0.42 0.42 0.42 0.42 0.42 0.42 0.42 [12] 0.42 0.42 0.42 0.42 0.42 0.42 0.42 0.42 0.42 
[1] [0] 0.42 0.42 0.42 0.42 0.42 0.42 0.42 0.42 0.42 [1] 0.42 0.42 0.42 0.42 0.42 0.42 0.42 0.42 0.42 [2] 0.42 0.42 0.42 0.42 0.42 0.42 0.42 0.42 0.42 [3] 0.42 0.42 0.42 0.42 0.42 0.42 0.42 0.42 0.42 [4] 0.42 0.42 0.42 0.42 0.42 0.42 0.42 0.42 0.42 [5] 0.42 0.42 0.42 0.42 0.42 0.42 0.42 0.42 0.42 [6] 0.42 0.42 0.42 0.42 0.42 0.42 0.42 0.42 0.42 [7] 0.42 0.42 0.42 0.42 0.42 0.42 0.42 0.42 0.42 [8] 0.42 0.42 0.42 0.42 0.42 0.42 0.42 0.42 0.42 [9] 0.42 0.42 0.42 0.42 0.42 0.42 0.42 0.42 0.42 [10] 0.42 0.42 0.42 0.42 0.42 0.42 0.42 0.42 0.42 [11] 0.42 0.42 0.42 0.42 0.42 0.42 0.42 0.42 0.42 [12] 0.42 0.42 0.42 0.42 0.42 0.42 0.42 0.42 0.42 
[2] [0] 0.42 0.4411064 0.4742718 0.4897519 0.4761827 0.4229611 0.42 0.42 0.42 [1] 0.42 0.4203797 0.4631842 0.42 0.42 0.42 0.42 0.42 0.42 [2] 0.42 0.4186236 0.4020595 0.42 0.42 0.42 0.42 0.42 0.42 [3] 0.42 0.42 0.4412091 0.495914 0.42 0.4580252 0.42 0.42 0.42 [4] 0.42 0.42 0.4260368 0.4761365 0.42 0.4735046 0.42 0.42 0.42 [5] 0.42 0.4211932 0.4216853 0.42 0.4244618 0.42 0.42 0.42 0.42 [6] 0.42 0.42004 0.42 0.4271597 0.42 0.42 0.42 0.42 0.42 [7] 0.42 0.42 0.4230065 0.42 0.42 0.4282008 0.42 0.42 0.42 [8] 0.42 0.42 0.42 0.4219064 0.42 0.42 0.42 0.42 0.42 [9] 0.42 0.4185491 0.42 0.4697046 0.42 0.42 0.42 0.42 0.42 [10] 0.42 0.42 0.4191604 0.4750835 0.4695897 0.42 0.42 0.42 0.42 [11] 0.42 0.42 0.4271485 0.4442207 0.4214674 0.42 0.42 0.42 0.42 [12] 0.42 0.42 0.4785686 0.42 0.42 0.42 0.42 0.42 0.42 
[20] 
[0] [0] 0.42 0.42 0.42 0.42 0.42 0.42 0.42 0.42 0.42 [1] 0.42 0.42 0.42 0.42 0.42 0.42 0.42 0.42 0.42 [2] 0.42 0.42 0.42 0.42 0.42 0.42 0.42 0.42 0.42 [3] 0.42 0.42 0.42 0.42 0.42 0.42 0.42 0.42 0.42 [4] 0.42 0.42 0.42 0.42 0.42 0.42 0.42 0.42 0.42 [5] 0.42 0.42 0.42 0.42 0.42 0.42 0.42 0.42 0.42 [6] 0.42 0.42 0.42 0.42 0.42 0.42 0.42 0.42 0.42 [7] 0.42 0.42 0.42 0.42 0.42 0.42 0.42 0.42 0.42 [8] 0.42 0.42 0.42 0.42 0.42 0.42 0.42 0.42 0.42 [9] 0.42 0.42 0.42 0.42 0.42 0.42 0.42 0.42 0.42 [10] 0.42 0.42 0.42 0.42 0.42 0.42 0.42 0.42 0.42 [11] 0.42 0.42 0.42 0.42 0.42 0.42 0.42 0.42 0.42 [12] 0.42 0.42 0.42 0.42 0.42 0.42 0.42 0.42 0.42 
[1] [0] 0.42 0.42 0.42 0.42 0.42 0.42 0.42 0.42 0.42 [1] 0.42 0.42 0.42 0.42 0.42 0.42 0.42 0.42 0.42 [2] 0.42 0.42 0.42 0.42 0.42 0.42 0.42 0.42 0.42 [3] 0.42 0.42 0.42 0.42 0.42 0.42 0.42 0.42 0.42 [4] 0.42 0.42 0.42 0.42 0.42 0.42 0.42 0.42 0.42 [5] 0.42 0.42 0.42 0.42 0.42 0.42 0.42 0.42 0.42 [6] 0.42 0.42 0.42 0.42 0.42 0.42 0.42 0.42 0.42 [7] 0.42 0.42 0.42 0.42 0.42 0.42 0.42 0.42 0.42 [8] 0.42 0.42 0.42 0.42 0.42 0.42 0.42 0.42 0.42 [9] 0.42 0.42 0.42 0.42 0.42 0.42 0.42 0.42 0.42 [10] 0.42 0.42 0.42 0.42 0.42 0.42 0.42 0.42 0.42 [11] 0.42 0.42 0.42 0.42 0.42 0.42 0.42 0.42 0.42 [12] 0.42 0.42 0.42 0.42 0.42 0.42 0.42 0.42 0.42 
[2] [0] 0.42 0.4324891 0.4488576 0.4683937 0.4695776 0.4175199 0.42 0.42 0.42 [1] 0.42 0.4162963 0.441016 0.42 0.42 0.42 0.42 0.42 0.42 [2] 0.42 0.4169767 0.4186428 0.42 0.42 0.42 0.42 0.42 0.42 [3] 0.42 0.42 0.4149207 0.4329945 0.42 0.4396769 0.42 0.42 0.42 [4] 0.42 0.42 0.4167844 0.45779 0.42 0.4597234 0.42 0.42 0.42 [5] 0.42 0.4212201 0.4210773 0.42 0.4174627 0.42 0.42 0.42 0.42 [6] 0.42 0.4190638 0.42 0.419697 0.42 0.42 0.42 0.42 0.42 [7] 0.42 0.42 0.419393 0.42 0.42 0.421771 0.42 0.42 0.42 [8] 0.42 0.42 0.42 0.4264875 0.42 0.42 0.42 0.42 0.42 [9] 0.42 0.4186457 0.42 0.4199369 0.42 0.42 0.42 0.42 0.42 [10] 0.42 0.42 0.42 0.4320891 0.4503243 0.42 0.42 0.42 0.42 [11] 0.42 0.42 0.4231487 0.4183331 0.4189617 0.42 0.42 0.42 0.42 [12] 0.42 0.42 0.4492833 0.42 0.42 0.42 0.42 0.42 0.42 
[21] 
[0] [0] 0.42 0.42 0.42 0.42 0.42 0.42 0.42 0.42 0.42 [1] 0.42 0.42 0.42 0.42 0.42 0.42 0.42 0.42 0.42 [2] 0.42 0.42 0.42 0.42 0.42 0.42 0.42 0.42 0.42 [3] 0.42 0.42 0.42 0.42 0.42 0.42 0.42 0.42 0.42 [4] 0.42 0.42 0.42 0.42 0.42 0.42 0.42 0.42 0.42 [5] 0.42 0.42 0.42 0.42 0.42 0.42 0.42 0.42 0.42 [6] 0.42 0.42 0.42 0.42 0.42 0.42 0.42 0.42 0.42 [7] 0.42 0.42 0.42 0.42 0.42 0.42 0.42 0.42 0.42 [8] 0.42 0.42 0.42 0.42 0.42 0.42 0.42 0.42 0.42 [9] 0.42 0.42 0.42 0.42 0.42 0.42 0.42 0.42 0.42 [10] 0.42 0.42 0.42 0.42 0.42 0.42 0.42 0.42 0.42 [11] 0.42 0.42 0.42 0.42 0.42 0.42 0.42 0.42 0.42 [12] 0.42 0.42 0.42 0.42 0.42 0.42 0.42 0.42 0.42 
[1] [0] 0.42 0.42 0.42 0.42 0.42 0.42 0.42 0.42 0.42 [1] 0.42 0.42 0.42 0.42 0.42 0.42 0.42 0.42 0.42 [2] 0.42 0.42 0.42 0.42 0.42 0.42 0.42 0.42 0.42 [3] 0.42 0.42 0.42 0.42 0.42 0.42 0.42 0.42 0.42 [4] 0.42 0.42 0.42 0.42 0.42 0.42 0.42 0.42 0.42 [5] 0.42 0.42 0.42 0.42 0.42 0.42 0.42 0.42 0.42 [6] 0.42 0.42 0.42 0.42 0.42 0.42 0.42 0.42 0.42 [7] 0.42 0.42 0.42 0.42 0.42 0.42 0.42 0.42 0.42 [8] 0.42 0.42 0.42 0.42 0.42 0.42 0.42 0.42 0.42 [9] 0.42 0.42 0.42 0.42 0.42 0.42 0.42 0.42 0.42 [10] 0.42 0.42 0.42 0.42 0.42 0.42 0.42 0.42 0.42 [11] 0.42 0.42 0.42 0.42 0.42 0.42 0.42 0.42 0.42 [12] 0.42 0.42 0.42 0.42 0.42 0.42 0.42 0.42 0.42 
[2] [0] 0.42 0.4445429 0.4703354 0.46407 0.4684481 0.4250624 0.42 0.42 0.42 [1] 0.42 0.4253426 0.4323433 0.42 0.42 0.42 0.42 0.42 0.42 [2] 0.42 0.4157184 0.400998 0.42 0.42 0.42 0.42 0.42 0.42 [3] 0.42 0.42 0.4351957 0.4691109 0.42 0.4436768 0.42 0.42 0.42 [4] 0.42 0.42 0.4214393 0.4857262 0.42 0.4459192 0.42 0.42 0.42 [5] 0.42 0.4189989 0.404466 0.42 0.3965738 0.42 0.42 0.42 0.42 [6] 0.42 0.4119679 0.42 0.4106573 0.42 0.42 0.42 0.42 0.42 [7] 0.42 0.42 0.4188575 0.42 0.42 0.4141643 0.42 0.42 0.42 [8] 0.42 0.42 0.42 0.4076833 0.42 0.42 0.42 0.42 0.42 [9] 0.42 0.4174539 0.42 0.4354146 0.42 0.42 0.42 0.42 0.42 [10] 0.42 0.42 0.4116787 0.4344616 0.423529 0.42 0.42 0.42 0.42 [11] 0.42 0.42 0.416048 0.4204305 0.4161343 0.42 0.42 0.42 0.42 [12] 0.42 0.42 0.452446 0.42 0.42 0.42 0.42 0.42 0.42 
[22] 
[0] [0] 0.42 0.4587191 0.4955249 0.4786444 0.4746906 0.4290234 0.42 0.42 0.42 [1] 0.42 0.4213654 0.4791493 0.42 0.42 0.42 0.42 0.42 0.42 [2] 0.42 0.4157596 0.4062238 0.42 0.42 0.42 0.42 0.42 0.42 [3] 0.42 0.42 0.4444087 0.4612261 0.42 0.4579875 0.42 0.42 0.42 [4] 0.42 0.42 0.4500739 0.4955572 0.42 0.4770504 0.42 0.42 0.42 [5] 0.42 0.4246942 0.429116 0.42 0.4419559 0.42 0.42 0.42 0.42 [6] 0.42 0.4270636 0.42 0.4359301 0.42 0.42 0.42 0.42 0.42 [7] 0.42 0.42 0.4180187 0.42 0.42 0.4263449 0.42 0.42 0.42 [8] 0.42 0.42 0.42 0.4299171 0.42 0.42 0.42 0.42 0.42 [9] 0.42 0.4218914 0.42 0.4783529 0.42 0.42 0.42 0.42 0.42 [10] 0.42 0.42 0.42 0.4653727 0.4782758 0.42 0.42 0.42 0.42 [11] 0.42 0.42 0.4288568 0.4778284 0.4229057 0.42 0.42 0.42 0.42 [12] 0.42 0.42 0.462795 0.42 0.42 0.42 0.42 0.42 0.42 
[1] [0] 0.42 0.42 0.42 0.42 0.42 0.42 0.42 0.42 0.42 [1] 0.42 0.42 0.42 0.42 0.42 0.42 0.42 0.42 0.42 [2] 0.42 0.42 0.42 0.42 0.42 0.42 0.42 0.42 0.42 [3] 0.42 0.42 0.42 0.42 0.42 0.42 0.42 0.42 0.42 [4] 0.42 0.42 0.42 0.42 0.42 0.42 0.42 0.42 0.42 [5] 0.42 0.42 0.42 0.42 0.42 0.42 0.42 0.42 0.42 [6] 0.42 0.42 0.42 0.42 0.42 0.42 0.42 0.42 0.42 [7] 0.42 0.42 0.42 0.42 0.42 0.42 0.42 0.42 0.42 [8] 0.42 0.42 0.42 0.42 0.42 0.42 0.42 0.42 0.42 [9] 0.42 0.42 0.42 0.42 0.42 0.42 0.42 0.42 0.42 [10] 0.42 0.42 0.42 0.42 0.42 0.42 0.42 0.42 0.42 [11] 0.42 0.42 0.42 0.42 0.42 0.42 0.42 0.42 0.42 [12] 0.42 0.42 0.42 0.42 0.42 0.42 0.42 0.42 0.42 
[2] [0] 0.42 0.4975365 0.4729732 0.4387598 0.4424118 0.4525087 0.42 0.42 0.42 [1] 0.42 0.4690883 0.4223641 0.42 0.42 0.42 0.42 0.42 0.42 [2] 0.42 0.4 0.4 0.42 0.42 0.42 0.42 0.42 0.42 [3] 0.42 0.42 0.4273985 0.4850543 0.42 0.4556414 0.42 0.42 0.42 [4] 0.42 0.42 0.4 0.5072013 0.42 0.4468944 0.42 0.42 0.42 [5] 0.42 0.4081503 0.4 0.42 0.4 0.42 0.42 0.42 0.42 [6] 0.42 0.4155102 0.42 0.4060386 0.42 0.42 0.42 0.42 0.42 [7] 0.42 0.42 0.4524032 0.42 0.42 0.4130025 0.42 0.42 0.42 [8] 0.42 0.42 0.42 0.4 0.42 0.42 0.42 0.42 0.42 [9] 0.42 0.4688607 0.42 0.4806887 0.42 0.42 0.42 0.42 0.42 [10] 0.42 0.42 0.4136147 0.4072125 0.4228332 0.42 0.42 0.42 0.42 [11] 0.42 0.42 0.4197537 0.4113465 0.42 0.42 0.42 0.42 0.42 [12] 0.42 0.42 0.4690286 0.42 0.42 0.42 0.42 0.42 0.42 
[23] 
[0] [0] 0.42 0.42 0.42 0.42 0.42 0.42 0.42 0.42 0.42 [1] 0.42 0.42 0.42 0.42 0.42 0.42 0.42 0.42 0.42 [2] 0.42 0.42 0.42 0.42 0.42 0.42 0.42 0.42 0.42 [3] 0.42 0.42 0.42 0.42 0.42 0.42 0.42 0.42 0.42 [4] 0.42 0.42 0.42 0.42 0.42 0.42 0.42 0.42 0.42 [5] 0.42 0.42 0.42 0.42 0.42 0.42 0.42 0.42 0.42 [6] 0.42 0.42 0.42 0.42 0.42 0.42 0.42 0.42 0.42 [7] 0.42 0.42 0.42 0.42 0.42 0.42 0.42 0.42 0.42 [8] 0.42 0.42 0.42 0.42 0.42 0.42 0.42 0.42 0.42 [9] 0.42 0.42 0.42 0.42 0.42 0.42 0.42 0.42 0.42 [10] 0.42 0.42 0.42 0.42 0.42 0.42 0.42 0.42 0.42 [11] 0.42 0.42 0.42 0.42 0.42 0.42 0.42 0.42 0.42 [12] 0.42 0.42 0.42 0.42 0.42 0.42 0.42 0.42 0.42 
[1] [0] 0.42 0.42 0.42 0.42 0.42 0.42 0.42 0.42 0.42 [1] 0.42 0.42 0.42 0.42 0.42 0.42 0.42 0.42 0.42 [2] 0.42 0.42 0.42 0.42 0.42 0.42 0.42 0.42 0.42 [3] 0.42 0.42 0.42 0.42 0.42 0.42 0.42 0.42 0.42 [4] 0.42 0.42 0.42 0.42 0.42 0.42 0.42 0.42 0.42 [5] 0.42 0.42 0.42 0.42 0.42 0.42 0.42 0.42 0.42 [6] 0.42 0.42 0.42 0.42 0.42 0.42 0.42 0.42 0.42 [7] 0.42 0.42 0.42 0.42 0.42 0.42 0.42 0.42 0.42 [8] 0.42 0.42 0.42 0.42 0.42 0.42 0.42 0.42 0.42 [9] 0.42 0.42 0.42 0.42 0.42 0.42 0.42 0.42 0.42 [10] 0.42 0.42 0.42 0.42 0.42 0.42 0.42 0.42 0.42 [11] 0.42 0.42 0.42 0.42 0.42 0.42 0.42 0.42 0.42 [12] 0.42 0.42 0.42 0.42 0.42 0.42 0.42 0.42 0.42 
[2] [0] 0.42 0.462569 0.5187553 0.5006725 0.4885112 0.4123213 0.42 0.42 0.42 [1] 0.42 0.4310014 0.4881746 0.42 0.42 0.42 0.42 0.42 0.42 [2] 0.42 0.4021705 0.4007932 0.42 0.42 0.42 0.42 0.42 0.42 [3] 0.42 0.42 0.4510094 0.4811386 0.42 0.4809933 0.42 0.42 0.42 [4] 0.42 0.42 0.4231466 0.4954097 0.42 0.4790138 0.42 0.42 0.42 [5] 0.42 0.4162103 0.4016824 0.42 0.4245963 0.42 0.42 0.42 0.42 [6] 0.42 0.4201262 0.42 0.4129632 0.42 0.42 0.42 0.42 0.42 [7] 0.42 0.42 0.4037554 0.42 0.42 0.4240488 0.42 0.42 0.42 [8] 0.42 0.42 0.42 0.4398908 0.42 0.42 0.42 0.42 0.42 [9] 0.42 0.4178199 0.42 0.4814388 0.42 0.42 0.42 0.42 0.42 [10] 0.42 0.42 0.4141629 0.4642075 0.4972772 0.42 0.42 0.42 0.42 [11] 0.42 0.42 0.4373325 0.4663537 0.4185667 0.42 0.42 0.42 0.42 [12] 0.42 0.42 0.4937066 0.42 0.42 0.42 0.42 0.42 0.42 
[24] 
[0] [0] 0.42 0.42 0.42 0.42 0.42 0.42 0.42 0.42 0.42 [1] 0.42 0.42 0.42 0.42 0.42 0.42 0.42 0.42 0.42 [2] 0.42 0.42 0.42 0.42 0.42 0.42 0.42 0.42 0.42 [3] 0.42 0.42 0.42 0.42 0.42 0.42 0.42 0.42 0.42 [4] 0.42 0.42 0.42 0.42 0.42 0.42 0.42 0.42 0.42 [5] 0.42 0.42 0.42 0.42 0.42 0.42 0.42 0.42 0.42 [6] 0.42 0.42 0.42 0.42 0.42 0.42 0.42 0.42 0.42 [7] 0.42 0.42 0.42 0.42 0.42 0.42 0.42 0.42 0.42 [8] 0.42 0.42 0.42 0.42 0.42 0.42 0.42 0.42 0.42 [9] 0.42 0.42 0.42 0.42 0.42 0.42 0.42 0.42 0.42 [10] 0.42 0.42 0.42 0.42 0.42 0.42 0.42 0.42 0.42 [11] 0.42 0.42 0.42 0.42 0.42 0.42 0.42 0.42 0.42 [12] 0.42 0.42 0.42 0.42 0.42 0.42 0.42 0.42 0.42 
[1] [0] 0.42 0.42 0.42 0.42 0.42 0.42 0.42 0.42 0.42 [1] 0.42 0.42 0.42 0.42 0.42 0.42 0.42 0.42 0.42 [2] 0.42 0.42 0.42 0.42 0.42 0.42 0.42 0.42 0.42 [3] 0.42 0.42 0.42 0.42 0.42 0.42 0.42 0.42 0.42 [4] 0.42 0.42 0.42 0.42 0.42 0.42 0.42 0.42 0.42 [5] 0.42 0.42 0.42 0.42 0.42 0.42 0.42 0.42 0.42 [6] 0.42 0.42 0.42 0.42 0.42 0.42 0.42 0.42 0.42 [7] 0.42 0.42 0.42 0.42 0.42 0.42 0.42 0.42 0.42 [8] 0.42 0.42 0.42 0.42 0.42 0.42 0.42 0.42 0.42 [9] 0.42 0.42 0.42 0.42 0.42 0.42 0.42 0.42 0.42 [10] 0.42 0.42 0.42 0.42 0.42 0.42 0.42 0.42 0.42 [11] 0.42 0.42 0.42 0.42 0.42 0.42 0.42 0.42 0.42 [12] 0.42 0.42 0.42 0.42 0.42 0.42 0.42 0.42 0.42 
[2] [0] 0.42 0.4255539 0.4770816 0.4600767 0.4701565 0.4189733 0.42 0.42 0.42 [1] 0.42 0.4270551 0.4373234 0.42 0.42 0.42 0.42 0.42 0.42 [2] 0.42 0.4059564 0.400999 0.42 0.42 0.42 0.42 0.42 0.42 [3] 0.42 0.42 0.4176923 0.4475313 0.42 0.4234439 0.42 0.42 0.42 [4] 0.42 0.42 0.4167537 0.4700689 0.42 0.4299187 0.42 0.42 0.42 [5] 0.42 0.4197305 0.4027498 0.42 0.41264 0.42 0.42 0.42 0.42 [6] 0.42 0.4181204 0.42 0.4236935 0.42 0.42 0.42 0.42 0.42 [7] 0.42 0.42 0.4198433 0.42 0.42 0.4178275 0.42 0.42 0.42 [8] 0.42 0.42 0.42 0.4071768 0.42 0.42 0.42 0.42 0.42 [9] 0.42 0.418875 0.42 0.4477118 0.42 0.42 0.42 0.42 0.42 [10] 0.42 0.42 0.415944 0.4193673 0.4458733 0.42 0.42 0.42 0.42 [11] 0.42 0.42 0.4245521 0.4241065 0.4207461 0.42 0.42 0.42 0.42 [12] 0.42 0.42 0.4295942 0.42 0.42 0.42 0.42 0.42 0.42 
[25] 
[0] [0] 0.42 0.42 0.42 0.42 0.42 0.42 0.42 0.42 0.42 [1] 0.42 0.42 0.42 0.42 0.42 0.42 0.42 0.42 0.42 [2] 0.42 0.42 0.42 0.42 0.42 0.42 0.42 0.42 0.42 [3] 0.42 0.42 0.42 0.42 0.42 0.42 0.42 0.42 0.42 [4] 0.42 0.42 0.42 0.42 0.42 0.42 0.42 0.42 0.42 [5] 0.42 0.42 0.42 0.42 0.42 0.42 0.42 0.42 0.42 [6] 0.42 0.42 0.42 0.42 0.42 0.42 0.42 0.42 0.42 [7] 0.42 0.42 0.42 0.42 0.42 0.42 0.42 0.42 0.42 [8] 0.42 0.42 0.42 0.42 0.42 0.42 0.42 0.42 0.42 [9] 0.42 0.42 0.42 0.42 0.42 0.42 0.42 0.42 0.42 [10] 0.42 0.42 0.42 0.42 0.42 0.42 0.42 0.42 0.42 [11] 0.42 0.42 0.42 0.42 0.42 0.42 0.42 0.42 0.42 [12] 0.42 0.42 0.42 0.42 0.42 0.42 0.42 0.42 0.42 
[1] [0] 0.42 0.394123 0.4191197 0.4873966 0.5129905 0.3918936 0.42 0.42 0.42 [1] 0.42 0.4075817 0.5196404 0.42 0.42 0.42 0.42 0.42 0.42 [2] 0.42 0.3968193 0.3924908 0.42 0.42 0.42 0.42 0.42 0.42 [3] 0.42 0.42 0.4579649 0.4860019 0.42 0.3957282 0.42 0.42 0.42 [4] 0.42 0.42 0.4226528 0.4761806 0.42 0.3969456 0.42 0.42 0.42 [5] 0.42 0.3995394 0.3962799 0.42 0.3964028 0.42 0.42 0.42 0.42 [6] 0.42 0.4111233 0.42 0.4094243 0.42 0.42 0.42 0.42 0.42 [7] 0.42 0.42 0.4438999 0.42 0.42 0.4096026 0.42 0.42 0.42 [8] 0.42 0.42 0.42 0.4603554 0.42 0.42 0.42 0.42 0.42 [9] 0.42 0.4152591 0.42 0.4654881 0.42 0.42 0.42 0.42 0.42 [10] 0.42 0.42 0.4184521 0.5192957 0.5123307 0.42 0.42 0.42 0.42 [11] 0.42 0.42 0.4112259 0.4662361 0.4058636 0.42 0.42 0.42 0.42 [12] 0.42 0.42 0.449306 0.42 0.42 0.42 0.42 0.42 0.42 
[2] [0] 0.42 0.4641083 0.467319 0.4534724 0.4442617 0.4067911 0.42 0.42 0.42 [1] 0.42 0.4867259 0.4220693 0.42 0.42 0.42 0.42 0.42 0.42 [2] 0.42 0.399598 0.4 0.42 0.42 0.42 0.42 0.42 0.42 [3] 0.42 0.42 0.425516 0.4532772 0.42 0.4213665 0.42 0.42 0.42 [4] 0.42 0.42 0.4004014 0.4731753 0.42 0.4351703 0.42 0.42 0.42 [5] 0.42 0.3996 0.4011994 0.42 0.4003964 0.42 0.42 0.42 0.42 [6] 0.42 0.4066103 0.42 0.4006857 0.42 0.42 0.42 0.42 0.42 [7] 0.42 0.42 0.402994 0.42 0.42 0.401596 0.42 0.42 0.42 [8] 0.42 0.42 0.42 0.400601 0.42 0.42 0.42 0.42 0.42 [9] 0.42 0.433126 0.42 0.5082902 0.42 0.42 0.42 0.42 0.42 [10] 0.42 0.42 0.4053839 0.4230018 0.4141492 0.42 0.42 0.42 0.42 [11] 0.42 0.42 0.4222385 0.436624 0.4172351 0.42 0.42 0.42 0.42 [12] 0.42 0.4094634 0.4155061 0.42 0.42 0.42 0.42 0.42 0.42 
[26] 
[0] [0] 0.42 0.42 0.42 0.42 0.42 0.42 0.42 0.42 0.42 [1] 0.42 0.42 0.42 0.42 0.42 0.42 0.42 0.42 0.42 [2] 0.42 0.42 0.42 0.42 0.42 0.42 0.42 0.42 0.42 [3] 0.42 0.42 0.42 0.42 0.42 0.42 0.42 0.42 0.42 [4] 0.42 0.42 0.42 0.42 0.42 0.42 0.42 0.42 0.42 [5] 0.42 0.42 0.42 0.42 0.42 0.42 0.42 0.42 0.42 [6] 0.42 0.42 0.42 0.42 0.42 0.42 0.42 0.42 0.42 [7] 0.42 0.42 0.42 0.42 0.42 0.42 0.42 0.42 0.42 [8] 0.42 0.42 0.42 0.42 0.42 0.42 0.42 0.42 0.42 [9] 0.42 0.42 0.42 0.42 0.42 0.42 0.42 0.42 0.42 [10] 0.42 0.42 0.42 0.42 0.42 0.42 0.42 0.42 0.42 [11] 0.42 0.42 0.42 0.42 0.42 0.42 0.42 0.42 0.42 [12] 0.42 0.42 0.42 0.42 0.42 0.42 0.42 0.42 0.42 
[1] [0] 0.42 0.42 0.42 0.42 0.42 0.42 0.42 0.42 0.42 [1] 0.42 0.42 0.42 0.42 0.42 0.42 0.42 0.42 0.42 [2] 0.42 0.42 0.42 0.42 0.42 0.42 0.42 0.42 0.42 [3] 0.42 0.42 0.42 0.42 0.42 0.42 0.42 0.42 0.42 [4] 0.42 0.42 0.42 0.42 0.42 0.42 0.42 0.42 0.42 [5] 0.42 0.42 0.42 0.42 0.42 0.42 0.42 0.42 0.42 [6] 0.42 0.42 0.42 0.42 0.42 0.42 0.42 0.42 0.42 [7] 0.42 0.42 0.42 0.42 0.42 0.42 0.42 0.42 0.42 [8] 0.42 0.42 0.42 0.42 0.42 0.42 0.42 0.42 0.42 [9] 0.42 0.42 0.42 0.42 0.42 0.42 0.42 0.42 0.42 [10] 0.42 0.42 0.42 0.42 0.42 0.42 0.42 0.42 0.42 [11] 0.42 0.42 0.42 0.42 0.42 0.42 0.42 0.42 0.42 [12] 0.42 0.42 0.42 0.42 0.42 0.42 0.42 0.42 0.42 
[2] [0] 0.42 0.4198283 0.4338573 0.4222068 0.4682449 0.4195375 0.42 0.42 0.42 [1] 0.42 0.4200716 0.4315937 0.42 0.42 0.42 0.42 0.42 0.42 [2] 0.42 0.4002004 0.3992004 0.42 0.42 0.42 0.42 0.42 0.42 [3] 0.42 0.42 0.418752 0.4254138 0.42 0.4171386 0.42 0.42 0.42 [4] 0.42 0.42 0.4199485 0.4270525 0.42 0.4187952 0.42 0.42 0.42 [5] 0.42 0.4183835 0.4001884 0.42 0.3992004 0.42 0.42 0.42 0.42 [6] 0.42 0.4182281 0.42 0.4150321 0.42 0.42 0.42 0.42 0.42 [7] 0.42 0.42 0.4138886 0.42 0.42 0.4197021 0.42 0.42 0.42 [8] 0.42 0.42 0.42 0.4098587 0.42 0.42 0.42 0.42 0.42 [9] 0.42 0.4199793 0.42 0.4351735 0.42 0.42 0.42 0.42 0.42 [10] 0.42 0.42 0.4173721 0.4187004 0.416483 0.42 0.42 0.42 0.42 [11] 0.42 0.42 0.4190599 0.4165337 0.4179042 0.42 0.42 0.42 0.42 [12] 0.42 0.42 0.4099891 0.42 0.42 0.42 0.42 0.42 0.42 
[27] 
[0] [0] 0.42 0.42 0.42 0.42 0.42 0.42 0.42 0.42 0.42 [1] 0.42 0.42 0.42 0.42 0.42 0.42 0.42 0.42 0.42 [2] 0.42 0.42 0.42 0.42 0.42 0.42 0.42 0.42 0.42 [3] 0.42 0.42 0.42 0.42 0.42 0.42 0.42 0.42 0.42 [4] 0.42 0.42 0.42 0.42 0.42 0.42 0.42 0.42 0.42 [5] 0.42 0.42 0.42 0.42 0.42 0.42 0.42 0.42 0.42 [6] 0.42 0.42 0.42 0.42 0.42 0.42 0.42 0.42 0.42 [7] 0.42 0.42 0.42 0.42 0.42 0.42 0.42 0.42 0.42 [8] 0.42 0.42 0.42 0.42 0.42 0.42 0.42 0.42 0.42 [9] 0.42 0.42 0.42 0.42 0.42 0.42 0.42 0.42 0.42 [10] 0.42 0.42 0.42 0.42 0.42 0.42 0.42 0.42 0.42 [11] 0.42 0.42 0.42 0.42 0.42 0.42 0.42 0.42 0.42 [12] 0.42 0.42 0.42 0.42 0.42 0.42 0.42 0.42 0.42 
[1] [0] 0.42 0.42 0.42 0.42 0.42 0.42 0.42 0.42 0.42 [1] 0.42 0.42 0.42 0.42 0.42 0.42 0.42 0.42 0.42 [2] 0.42 0.42 0.42 0.42 0.42 0.42 0.42 0.42 0.42 [3] 0.42 0.42 0.42 0.42 0.42 0.42 0.42 0.42 0.42 [4] 0.42 0.42 0.42 0.42 0.42 0.42 0.42 0.42 0.42 [5] 0.42 0.42 0.42 0.42 0.42 0.42 0.42 0.42 0.42 [6] 0.42 0.42 0.42 0.42 0.42 0.42 0.42 0.42 0.42 [7] 0.42 0.42 0.42 0.42 0.42 0.42 0.42 0.42 0.42 [8] 0.42 0.42 0.42 0.42 0.42 0.42 0.42 0.42 0.42 [9] 0.42 0.42 0.42 0.42 0.42 0.42 0.42 0.42 0.42 [10] 0.42 0.42 0.42 0.42 0.42 0.42 0.42 0.42 0.42 [11] 0.42 0.42 0.42 0.42 0.42 0.42 0.42 0.42 0.42 [12] 0.42 0.42 0.42 0.42 0.42 0.42 0.42 0.42 0.42 
[2] [0] 0.42 0.421699 0.4216623 0.4212076 0.4143883 0.4169756 0.42 0.42 0.42 [1] 0.42 0.417717 0.4225158 0.42 0.42 0.42 0.42 0.42 0.42 [2] 0.42 0.4188119 0.402135 0.42 0.42 0.42 0.42 0.42 0.42 [3] 0.42 0.42 0.4196245 0.423205 0.42 0.4206367 0.42 0.42 0.42 [4] 0.42 0.42 0.4207979 0.4212948 0.42 0.419707 0.42 0.42 0.42 [5] 0.42 0.4189042 0.41958 0.42 0.4230498 0.42 0.42 0.42 0.42 [6] 0.42 0.4191604 0.42 0.4200628 0.42 0.42 0.42 0.42 0.42 [7] 0.42 0.42 0.4201594 0.42 0.42 0.42058 0.42 0.42 0.42 [8] 0.42 0.42 0.42 0.4190638 0.42 0.42 0.42 0.42 0.42 [9] 0.42 0.42058 0.42 0.4193841 0.42 0.42 0.42 0.42 0.42 [10] 0.42 0.42 0.41958 0.4193205 0.4216851 0.42 0.42 0.42 0.42 [11] 0.42 0.42 0.4197403 0.4170688 0.4179042 0.42 0.42 0.42 0.42 [12] 0.42 0.42 0.413742 0.42 0.42 0.42 0.42 0.42 0.42 
[28] 
[0] [0] 0.42 0.42 0.42 0.42 0.42 0.42 0.42 0.42 0.42 [1] 0.42 0.42 0.42 0.42 0.42 0.42 0.42 0.42 0.42 [2] 0.42 0.42 0.42 0.42 0.42 0.42 0.42 0.42 0.42 [3] 0.42 0.42 0.42 0.42 0.42 0.42 0.42 0.42 0.42 [4] 0.42 0.42 0.42 0.42 0.42 0.42 0.42 0.42 0.42 [5] 0.42 0.42 0.42 0.42 0.42 0.42 0.42 0.42 0.42 [6] 0.42 0.42 0.42 0.42 0.42 0.42 0.42 0.42 0.42 [7] 0.42 0.42 0.42 0.42 0.42 0.42 0.42 0.42 0.42 [8] 0.42 0.42 0.42 0.42 0.42 0.42 0.42 0.42 0.42 [9] 0.42 0.42 0.42 0.42 0.42 0.42 0.42 0.42 0.42 [10] 0.42 0.42 0.42 0.42 0.42 0.42 0.42 0.42 0.42 [11] 0.42 0.42 0.42 0.42 0.42 0.42 0.42 0.42 0.42 [12] 0.42 0.42 0.42 0.42 0.42 0.42 0.42 0.42 0.42 
[1] [0] 0.42 0.42 0.42 0.42 0.42 0.42 0.42 0.42 0.42 [1] 0.42 0.42 0.42 0.42 0.42 0.42 0.42 0.42 0.42 [2] 0.42 0.42 0.42 0.42 0.42 0.42 0.42 0.42 0.42 [3] 0.42 0.42 0.42 0.42 0.42 0.42 0.42 0.42 0.42 [4] 0.42 0.42 0.42 0.42 0.42 0.42 0.42 0.42 0.42 [5] 0.42 0.42 0.42 0.42 0.42 0.42 0.42 0.42 0.42 [6] 0.42 0.42 0.42 0.42 0.42 0.42 0.42 0.42 0.42 [7] 0.42 0.42 0.42 0.42 0.42 0.42 0.42 0.42 0.42 [8] 0.42 0.42 0.42 0.42 0.42 0.42 0.42 0.42 0.42 [9] 0.42 0.42 0.42 0.42 0.42 0.42 0.42 0.42 0.42 [10] 0.42 0.42 0.42 0.42 0.42 0.42 0.42 0.42 0.42 [11] 0.42 0.42 0.42 0.42 0.42 0.42 0.42 0.42 0.42 [12] 0.42 0.42 0.42 0.42 0.42 0.42 0.42 0.42 0.42 
[2] [0] 0.42 0.4683124 0.4992211 0.4843899 0.4694205 0.4181824 0.42 0.42 0.42 [1] 0.42 0.4376318 0.5020227 0.42 0.42 0.42 0.42 0.42 0.42 [2] 0.42 0.4162547 0.397611 0.42 0.42 0.42 0.42 0.42 0.42 [3] 0.42 0.42 0.4551472 0.5055086 0.42 0.4746593 0.42 0.42 0.42 [4] 0.42 0.42 0.4441656 0.4813734 0.42 0.4991201 0.42 0.42 0.42 [5] 0.42 0.4173318 0.416788 0.42 0.4200197 0.42 0.42 0.42 0.42 [6] 0.42 0.4185973 0.42 0.4215719 0.42 0.42 0.42 0.42 0.42 [7] 0.42 0.42 0.419246 0.42 0.42 0.4160365 0.42 0.42 0.42 [8] 0.42 0.42 0.42 0.4490913 0.42 0.42 0.42 0.42 0.42 [9] 0.42 0.4144225 0.42 0.4687804 0.42 0.42 0.42 0.42 0.42 [10] 0.42 0.42 0.42 0.461232 0.5206804 0.42 0.42 0.42 0.42 [11] 0.42 0.42 0.4240092 0.4585482 0.4217865 0.42 0.42 0.42 0.42 [12] 0.42 0.42 0.4865334 0.42 0.42 0.42 0.42 0.42 0.42 
[29] 
[0] [0] 0.42 0.42 0.42 0.42 0.42 0.42 0.42 0.42 0.42 [1] 0.42 0.42 0.42 0.42 0.42 0.42 0.42 0.42 0.42 [2] 0.42 0.42 0.42 0.42 0.42 0.42 0.42 0.42 0.42 [3] 0.42 0.42 0.42 0.42 0.42 0.42 0.42 0.42 0.42 [4] 0.42 0.42 0.42 0.42 0.42 0.42 0.42 0.42 0.42 [5] 0.42 0.42 0.42 0.42 0.42 0.42 0.42 0.42 0.42 [6] 0.42 0.42 0.42 0.42 0.42 0.42 0.42 0.42 0.42 [7] 0.42 0.42 0.42 0.42 0.42 0.42 0.42 0.42 0.42 [8] 0.42 0.42 0.42 0.42 0.42 0.42 0.42 0.42 0.42 [9] 0.42 0.42 0.42 0.42 0.42 0.42 0.42 0.42 0.42 [10] 0.42 0.42 0.42 0.42 0.42 0.42 0.42 0.42 0.42 [11] 0.42 0.42 0.42 0.42 0.42 0.42 0.42 0.42 0.42 [12] 0.42 0.42 0.42 0.42 0.42 0.42 0.42 0.42 0.42 
[1] [0] 0.42 0.42 0.42 0.42 0.42 0.42 0.42 0.42 0.42 [1] 0.42 0.42 0.42 0.42 0.42 0.42 0.42 0.42 0.42 [2] 0.42 0.42 0.42 0.42 0.42 0.42 0.42 0.42 0.42 [3] 0.42 0.42 0.42 0.42 0.42 0.42 0.42 0.42 0.42 [4] 0.42 0.42 0.42 0.42 0.42 0.42 0.42 0.42 0.42 [5] 0.42 0.42 0.42 0.42 0.42 0.42 0.42 0.42 0.42 [6] 0.42 0.42 0.42 0.42 0.42 0.42 0.42 0.42 0.42 [7] 0.42 0.42 0.42 0.42 0.42 0.42 0.42 0.42 0.42 [8] 0.42 0.42 0.42 0.42 0.42 0.42 0.42 0.42 0.42 [9] 0.42 0.42 0.42 0.42 0.42 0.42 0.42 0.42 0.42 [10] 0.42 0.42 0.42 0.42 0.42 0.42 0.42 0.42 0.42 [11] 0.42 0.42 0.42 0.42 0.42 0.42 0.42 0.42 0.42 [12] 0.42 0.42 0.42 0.42 0.42 0.42 0.42 0.42 0.42 
[2] [0] 0.42 0.41958 0.4216338 0.4165587 0.4194413 0.4191604 0.42 0.42 0.42 [1] 0.42 0.41958 0.4208972 0.42 0.42 0.42 0.42 0.42 0.42 [2] 0.42 0.42058 0.41958 0.42 0.42 0.42 0.42 0.42 0.42 [3] 0.42 0.42 0.4201604 0.4191604 0.42 0.4201594 0.42 0.42 0.42 [4] 0.42 0.42 0.4184823 0.4194833 0.42 0.41958 0.42 0.42 0.42 [5] 0.42 0.42 0.42 0.42 0.42 0.42 0.42 0.42 0.42 [6] 0.42 0.42 0.42 0.42 0.42 0.42 0.42 0.42 0.42 [7] 0.42 0.42 0.42058 0.42 0.42 0.41958 0.42 0.42 0.42 [8] 0.42 0.42 0.42 0.41958 0.42 0.42 0.42 0.42 0.42 [9] 0.42 0.41958 0.42 0.4198992 0.42 0.42 0.42 0.42 0.42 [10] 0.42 0.42 0.4191604 0.4187413 0.41958 0.42 0.42 0.42 0.42 [11] 0.42 0.42 0.4201604 0.41958 0.42 0.42 0.42 0.42 0.42 [12] 0.42 0.42 0.4183225 0.42 0.42 0.42 0.42 0.42 0.42 
[30] 
[0] [0] 0.42 0.42 0.42 0.42 0.42 0.42 0.42 0.42 0.42 [1] 0.42 0.42 0.42 0.42 0.42 0.42 0.42 0.42 0.42 [2] 0.42 0.42 0.42 0.42 0.42 0.42 0.42 0.42 0.42 [3] 0.42 0.42 0.42 0.42 0.42 0.42 0.42 0.42 0.42 [4] 0.42 0.42 0.42 0.42 0.42 0.42 0.42 0.42 0.42 [5] 0.42 0.42 0.42 0.42 0.42 0.42 0.42 0.42 0.42 [6] 0.42 0.42 0.42 0.42 0.42 0.42 0.42 0.42 0.42 [7] 0.42 0.42 0.42 0.42 0.42 0.42 0.42 0.42 0.42 [8] 0.42 0.42 0.42 0.42 0.42 0.42 0.42 0.42 0.42 [9] 0.42 0.42 0.42 0.42 0.42 0.42 0.42 0.42 0.42 [10] 0.42 0.42 0.42 0.42 0.42 0.42 0.42 0.42 0.42 [11] 0.42 0.42 0.42 0.42 0.42 0.42 0.42 0.42 0.42 [12] 0.42 0.42 0.42 0.42 0.42 0.42 0.42 0.42 0.42 
[1] [0] 0.42 0.42 0.42 0.42 0.42 0.42 0.42 0.42 0.42 [1] 0.42 0.42 0.42 0.42 0.42 0.42 0.42 0.42 0.42 [2] 0.42 0.42 0.42 0.42 0.42 0.42 0.42 0.42 0.42 [3] 0.42 0.42 0.42 0.42 0.42 0.42 0.42 0.42 0.42 [4] 0.42 0.42 0.42 0.42 0.42 0.42 0.42 0.42 0.42 [5] 0.42 0.42 0.42 0.42 0.42 0.42 0.42 0.42 0.42 [6] 0.42 0.42 0.42 0.42 0.42 0.42 0.42 0.42 0.42 [7] 0.42 0.42 0.42 0.42 0.42 0.42 0.42 0.42 0.42 [8] 0.42 0.42 0.42 0.42 0.42 0.42 0.42 0.42 0.42 [9] 0.42 0.42 0.42 0.42 0.42 0.42 0.42 0.42 0.42 [10] 0.42 0.42 0.42 0.42 0.42 0.42 0.42 0.42 0.42 [11] 0.42 0.42 0.42 0.42 0.42 0.42 0.42 0.42 0.42 [12] 0.42 0.42 0.42 0.42 0.42 0.42 0.42 0.42 0.42 
[2] [0] 0.42 0.4704961 0.4714378 0.4205796 0.4062181 0.4423515 0.42 0.42 0.42 [1] 0.42 0.4978299 0.4211948 0.42 0.42 0.42 0.42 0.42 0.42 [2] 0.42 0.3992004 0.4 0.42 0.42 0.42 0.42 0.42 0.42 [3] 0.42 0.42 0.4089465 0.4692659 0.42 0.4199681 0.42 0.42 0.42 [4] 0.42 0.42 0.4198758 0.459232 0.42 0.449548 0.42 0.42 0.42 [5] 0.42 0.4109754 0.4209981 0.42 0.4171093 0.42 0.42 0.42 0.42 [6] 0.42 0.4212234 0.42 0.4149692 0.42 0.42 0.42 0.42 0.42 [7] 0.42 0.42 0.4237942 0.42 0.42 0.4283168 0.42 0.42 0.42 [8] 0.42 0.42 0.42 0.4108981 0.42 0.42 0.42 0.42 0.42 [9] 0.42 0.4568727 0.42 0.4480653 0.42 0.42 0.42 0.42 0.42 [10] 0.42 0.42 0.415549 0.4212141 0.4110221 0.42 0.42 0.42 0.42 [11] 0.42 0.42 0.4202624 0.4155769 0.4189031 0.42 0.42 0.42 0.42 [12] 0.42 0.42 0.4510417 0.42 0.42 0.42 0.42 0.42 0.42 
[31] 
[0] [0] 0.42 0.42 0.42 0.42 0.42 0.42 0.42 0.42 0.42 [1] 0.42 0.42 0.42 0.42 0.42 0.42 0.42 0.42 0.42 [2] 0.42 0.42 0.42 0.42 0.42 0.42 0.42 0.42 0.42 [3] 0.42 0.42 0.42 0.42 0.42 0.42 0.42 0.42 0.42 [4] 0.42 0.42 0.42 0.42 0.42 0.42 0.42 0.42 0.42 [5] 0.42 0.42 0.42 0.42 0.42 0.42 0.42 0.42 0.42 [6] 0.42 0.42 0.42 0.42 0.42 0.42 0.42 0.42 0.42 [7] 0.42 0.42 0.42 0.42 0.42 0.42 0.42 0.42 0.42 [8] 0.42 0.42 0.42 0.42 0.42 0.42 0.42 0.42 0.42 [9] 0.42 0.42 0.42 0.42 0.42 0.42 0.42 0.42 0.42 [10] 0.42 0.42 0.42 0.42 0.42 0.42 0.42 0.42 0.42 [11] 0.42 0.42 0.42 0.42 0.42 0.42 0.42 0.42 0.42 [12] 0.42 0.42 0.42 0.42 0.42 0.42 0.42 0.42 0.42 
[1] [0] 0.42 0.42 0.42 0.42 0.42 0.42 0.42 0.42 0.42 [1] 0.42 0.42 0.42 0.42 0.42 0.42 0.42 0.42 0.42 [2] 0.42 0.42 0.42 0.42 0.42 0.42 0.42 0.42 0.42 [3] 0.42 0.42 0.42 0.42 0.42 0.42 0.42 0.42 0.42 [4] 0.42 0.42 0.42 0.42 0.42 0.42 0.42 0.42 0.42 [5] 0.42 0.42 0.42 0.42 0.42 0.42 0.42 0.42 0.42 [6] 0.42 0.42 0.42 0.42 0.42 0.42 0.42 0.42 0.42 [7] 0.42 0.42 0.42 0.42 0.42 0.42 0.42 0.42 0.42 [8] 0.42 0.42 0.42 0.42 0.42 0.42 0.42 0.42 0.42 [9] 0.42 0.42 0.42 0.42 0.42 0.42 0.42 0.42 0.42 [10] 0.42 0.42 0.42 0.42 0.42 0.42 0.42 0.42 0.42 [11] 0.42 0.42 0.42 0.42 0.42 0.42 0.42 0.42 0.42 [12] 0.42 0.42 0.42 0.42 0.42 0.42 0.42 0.42 0.42 
[2] [0] 0.42 0.4205377 0.4163021 0.4187019 0.4173488 0.4183225 0.42 0.42 0.42 [1] 0.42 0.4214743 0.4198982 0.42 0.42 0.42 0.42 0.42 0.42 [2] 0.42 0.41958 0.4187412 0.42 0.42 0.42 0.42 0.42 0.42 [3] 0.42 0.42 0.4193801 0.4181302 0.42 0.4197412 0.42 0.42 0.42 [4] 0.42 0.42 0.4189032 0.4212784 0.42 0.4206358 0.42 0.42 0.42 [5] 0.42 0.4213195 0.4191604 0.42 0.4187413 0.42 0.42 0.42 0.42 [6] 0.42 0.42 0.42 0.41958 0.42 0.42 0.42 0.42 0.42 [7] 0.42 0.42 0.42 0.42 0.42 0.4201594 0.42 0.42 0.42 [8] 0.42 0.42 0.42 0.4197402 0.42 0.42 0.42 0.42 0.42 [9] 0.42 0.42058 0.42 0.4202141 0.42 0.42 0.42 0.42 0.42 [10] 0.42 0.42 0.42 0.4207402 0.4186458 0.42 0.42 0.42 0.42 [11] 0.42 0.42 0.4189042 0.4197403 0.4197402 0.42 0.42 0.42 0.42 [12] 0.42 0.42 0.4201102 0.42 0.42 0.42 0.42 0.42 0.42 
[32] 
[0] [0] 0.42 0.42 0.42 0.42 0.42 0.42 0.42 0.42 0.42 [1] 0.42 0.42 0.42 0.42 0.42 0.42 0.42 0.42 0.42 [2] 0.42 0.42 0.42 0.42 0.42 0.42 0.42 0.42 0.42 [3] 0.42 0.42 0.42 0.42 0.42 0.42 0.42 0.42 0.42 [4] 0.42 0.42 0.42 0.42 0.42 0.42 0.42 0.42 0.42 [5] 0.42 0.42 0.42 0.42 0.42 0.42 0.42 0.42 0.42 [6] 0.42 0.42 0.42 0.42 0.42 0.42 0.42 0.42 0.42 [7] 0.42 0.42 0.42 0.42 0.42 0.42 0.42 0.42 0.42 [8] 0.42 0.42 0.42 0.42 0.42 0.42 0.42 0.42 0.42 [9] 0.42 0.42 0.42 0.42 0.42 0.42 0.42 0.42 0.42 [10] 0.42 0.42 0.42 0.42 0.42 0.42 0.42 0.42 0.42 [11] 0.42 0.42 0.42 0.42 0.42 0.42 0.42 0.42 0.42 [12] 0.42 0.42 0.42 0.42 0.42 0.42 0.42 0.42 0.42 
[1] [0] 0.42 0.42 0.42 0.42 0.42 0.42 0.42 0.42 0.42 [1] 0.42 0.42 0.42 0.42 0.42 0.42 0.42 0.42 0.42 [2] 0.42 0.42 0.42 0.42 0.42 0.42 0.42 0.42 0.42 [3] 0.42 0.42 0.42 0.42 0.42 0.42 0.42 0.42 0.42 [4] 0.42 0.42 0.42 0.42 0.42 0.42 0.42 0.42 0.42 [5] 0.42 0.42 0.42 0.42 0.42 0.42 0.42 0.42 0.42 [6] 0.42 0.42 0.42 0.42 0.42 0.42 0.42 0.42 0.42 [7] 0.42 0.42 0.42 0.42 0.42 0.42 0.42 0.42 0.42 [8] 0.42 0.42 0.42 0.42 0.42 0.42 0.42 0.42 0.42 [9] 0.42 0.42 0.42 0.42 0.42 0.42 0.42 0.42 0.42 [10] 0.42 0.42 0.42 0.42 0.42 0.42 0.42 0.42 0.42 [11] 0.42 0.42 0.42 0.42 0.42 0.42 0.42 0.42 0.42 [12] 0.42 0.42 0.42 0.42 0.42 0.42 0.42 0.42 0.42 
[2] [0] 0.42 0.4244292 0.4331241 0.4359274 0.451933 0.4200236 0.42 0.42 0.42 [1] 0.42 0.418713 0.4298668 0.42 0.42 0.42 0.42 0.42 0.42 [2] 0.42 0.4199001 0.4170688 0.42 0.42 0.42 0.42 0.42 0.42 [3] 0.42 0.42 0.42093 0.4226965 0.42 0.4259315 0.42 0.42 0.42 [4] 0.42 0.42 0.4196275 0.4358819 0.42 0.4228796 0.42 0.42 0.42 [5] 0.42 0.4207402 0.4204823 0.42 0.4163202 0.42 0.42 0.42 0.42 [6] 0.42 0.4216406 0.42 0.4169776 0.42 0.42 0.42 0.42 0.42 [7] 0.42 0.42 0.4200609 0.42 0.42 0.4214763 0.42 0.42 0.42 [8] 0.42 0.42 0.42 0.4178413 0.42 0.42 0.42 0.42 0.42 [9] 0.42 0.4203215 0.42 0.4196959 0.42 0.42 0.42 0.42 0.42 [10] 0.42 0.42 0.42058 0.427117 0.4474482 0.42 0.42 0.42 0.42 [11] 0.42 0.42 0.4204773 0.4169389 0.4228942 0.42 0.42 0.42 0.42 [12] 0.42 0.42 0.4126738 0.42 0.42 0.42 0.42 0.42 0.42 
[33] 
[0] [0] 0.42 0.42 0.42 0.42 0.42 0.42 0.42 0.42 0.42 [1] 0.42 0.42 0.42 0.42 0.42 0.42 0.42 0.42 0.42 [2] 0.42 0.42 0.42 0.42 0.42 0.42 0.42 0.42 0.42 [3] 0.42 0.42 0.42 0.42 0.42 0.42 0.42 0.42 0.42 [4] 0.42 0.42 0.42 0.42 0.42 0.42 0.42 0.42 0.42 [5] 0.42 0.42 0.42 0.42 0.42 0.42 0.42 0.42 0.42 [6] 0.42 0.42 0.42 0.42 0.42 0.42 0.42 0.42 0.42 [7] 0.42 0.42 0.42 0.42 0.42 0.42 0.42 0.42 0.42 [8] 0.42 0.42 0.42 0.42 0.42 0.42 0.42 0.42 0.42 [9] 0.42 0.42 0.42 0.42 0.42 0.42 0.42 0.42 0.42 [10] 0.42 0.42 0.42 0.42 0.42 0.42 0.42 0.42 0.42 [11] 0.42 0.42 0.42 0.42 0.42 0.42 0.42 0.42 0.42 [12] 0.42 0.42 0.42 0.42 0.42 0.42 0.42 0.42 0.42 
[1] [0] 0.42 0.4212251 0.4230343 0.4173383 0.4099222 0.4193215 0.42 0.42 0.42 [1] 0.42 0.4132265 0.4184853 0.42 0.42 0.42 0.42 0.42 0.42 [2] 0.42 0.41958 0.4184853 0.42 0.42 0.42 0.42 0.42 0.42 [3] 0.42 0.42 0.4199032 0.4200598 0.42 0.4197393 0.42 0.42 0.42 [4] 0.42 0.42 0.4194793 0.4211417 0.42 0.4193215 0.42 0.42 0.42 [5] 0.42 0.4193206 0.4189022 0.42 0.4197412 0.42 0.42 0.42 0.42 [6] 0.42 0.4176458 0.42 0.4191604 0.42 0.42 0.42 0.42 0.42 [7] 0.42 0.42 0.4187412 0.42 0.42 0.41958 0.42 0.42 0.42 [8] 0.42 0.42 0.42 0.41958 0.42 0.42 0.42 0.42 0.42 [9] 0.42 0.4197392 0.42 0.42058 0.42 0.42 0.42 0.42 0.42 [10] 0.42 0.42 0.4211594 0.4207402 0.4211594 0.42 0.42 0.42 0.42 [11] 0.42 0.42 0.4187413 0.42 0.41958 0.42 0.42 0.42 0.42 [12] 0.42 0.42 0.4131194 0.42 0.42 0.42 0.42 0.42 0.42 
[2] [0] 0.42 0.42 0.41958 0.4224733 0.4194402 0.42 0.42 0.42 0.42 [1] 0.42 0.4193215 0.4207392 0.42 0.42 0.42 0.42 0.42 0.42 [2] 0.42 0.42 0.41958 0.42 0.42 0.42 0.42 0.42 0.42 [3] 0.42 0.42 0.4187412 0.41958 0.42 0.4191604 0.42 0.42 0.42 [4] 0.42 0.42 0.4191604 0.4204813 0.42 0.42058 0.42 0.42 0.42 [5] 0.42 0.42 0.41958 0.42 0.4191604 0.42 0.42 0.42 0.42 [6] 0.42 0.42 0.42 0.42058 0.42 0.42 0.42 0.42 0.42 [7] 0.42 0.42 0.42 0.42 0.42 0.41958 0.42 0.42 0.42 [8] 0.42 0.42 0.42 0.42 0.42 0.42 0.42 0.42 0.42 [9] 0.42 0.42 0.42 0.42 0.42 0.42 0.42 0.42 0.42 [10] 0.42 0.42 0.41958 0.4207402 0.4191604 0.42 0.42 0.42 0.42 [11] 0.42 0.42 0.42 0.41958 0.4201604 0.42 0.42 0.42 0.42 [12] 0.42 0.42 0.4187413 0.42 0.42 0.42 0.42 0.42 0.42 
[34] 
[0] [0] 0.42 0.42 0.42 0.42 0.42 0.42 0.42 0.42 0.42 [1] 0.42 0.42 0.42 0.42 0.42 0.42 0.42 0.42 0.42 [2] 0.42 0.42 0.42 0.42 0.42 0.42 0.42 0.42 0.42 [3] 0.42 0.42 0.42 0.42 0.42 0.42 0.42 0.42 0.42 [4] 0.42 0.42 0.42 0.42 0.42 0.42 0.42 0.42 0.42 [5] 0.42 0.42 0.42 0.42 0.42 0.42 0.42 0.42 0.42 [6] 0.42 0.42 0.42 0.42 0.42 0.42 0.42 0.42 0.42 [7] 0.42 0.42 0.42 0.42 0.42 0.42 0.42 0.42 0.42 [8] 0.42 0.42 0.42 0.42 0.42 0.42 0.42 0.42 0.42 [9] 0.42 0.42 0.42 0.42 0.42 0.42 0.42 0.42 0.42 [10] 0.42 0.42 0.42 0.42 0.42 0.42 0.42 0.42 0.42 [11] 0.42 0.42 0.42 0.42 0.42 0.42 0.42 0.42 0.42 [12] 0.42 0.42 0.42 0.42 0.42 0.42 0.42 0.42 0.42 
[1] [0] 0.42 0.42 0.42 0.42 0.42 0.42 0.42 0.42 0.42 [1] 0.42 0.42 0.42 0.42 0.42 0.42 0.42 0.42 0.42 [2] 0.42 0.42 0.42 0.42 0.42 0.42 0.42 0.42 0.42 [3] 0.42 0.42 0.42 0.42 0.42 0.42 0.42 0.42 0.42 [4] 0.42 0.42 0.42 0.42 0.42 0.42 0.42 0.42 0.42 [5] 0.42 0.42 0.42 0.42 0.42 0.42 0.42 0.42 0.42 [6] 0.42 0.42 0.42 0.42 0.42 0.42 0.42 0.42 0.42 [7] 0.42 0.42 0.42 0.42 0.42 0.42 0.42 0.42 0.42 [8] 0.42 0.42 0.42 0.42 0.42 0.42 0.42 0.42 0.42 [9] 0.42 0.42 0.42 0.42 0.42 0.42 0.42 0.42 0.42 [10] 0.42 0.42 0.42 0.42 0.42 0.42 0.42 0.42 0.42 [11] 0.42 0.42 0.42 0.42 0.42 0.42 0.42 0.42 0.42 [12] 0.42 0.42 0.42 0.42 0.42 0.42 0.42 0.42 0.42 
[2] [0] 0.42 0.4697183 0.479032 0.4990716 0.4644086 0.426508 0.42 0.42 0.42 [1] 0.42 0.4213207 0.4548376 0.42 0.42 0.42 0.42 0.42 0.42 [2] 0.42 0.413178 0.4003954 0.42 0.42 0.42 0.42 0.42 0.42 [3] 0.42 0.42 0.4148361 0.4777523 0.42 0.4421284 0.42 0.42 0.42 [4] 0.42 0.42 0.4158621 0.4955873 0.42 0.4861661 0.42 0.42 0.42 [5] 0.42 0.4192746 0.4145542 0.42 0.4275835 0.42 0.42 0.42 0.42 [6] 0.42 0.4176341 0.42 0.4233421 0.42 0.42 0.42 0.42 0.42 [7] 0.42 0.42 0.4179566 0.42 0.42 0.418305 0.42 0.42 0.42 [8] 0.42 0.42 0.42 0.4220586 0.42 0.42 0.42 0.42 0.42 [9] 0.42 0.4157798 0.42 0.449984 0.42 0.42 0.42 0.42 0.42 [10] 0.42 0.42 0.42 0.4708306 0.4773812 0.42 0.42 0.42 0.42 [11] 0.42 0.42 0.4290414 0.4506091 0.4213064 0.42 0.42 0.42 0.42 [12] 0.42 0.42 0.4903982 0.42 0.42 0.42 0.42 0.42 0.42 
[35] 
[0] [0] 0.5 0.5 0.5 0.5 0.5 0.5 0.5 0.5 0.5 [1] 0.5 0.5 0.5 0.5 0.5 0.5 0.5 0.5 0.5 [2] 0.5 0.5 0.5 0.5 0.5 0.5 0.5 0.5 0.5 [3] 0.5 0.5 0.5 0.5 0.5 0.5 0.5 0.5 0.5 [4] 0.5 0.5 0.5 0.5 0.5 0.5 0.5 0.5 0.5 [5] 0.5 0.5 0.5 0.5 0.5 0.5 0.5 0.5 0.5 [6] 0.5 0.5 0.5 0.5 0.5 0.5 0.5 0.5 0.5 [7] 0.5 0.5 0.5 0.5 0.5 0.5 0.5 0.5 0.5 [8] 0.5 0.5 0.5 0.5 0.5 0.5 0.5 0.5 0.5 [9] 0.5 0.5 0.5 0.5 0.5 0.5 0.5 0.5 0.5 [10] 0.5 0.5 0.5 0.5 0.5 0.5 0.5 0.5 0.5 [11] 0.5 0.5 0.5 0.5 0.5 0.5 0.5 0.5 0.5 [12] 0.5 0.5 0.5 0.5 0.5 0.5 0.5 0.5 0.5 
[1] [0] 0.5 0.5 0.5 0.5 0.5 0.5 0.5 0.5 0.5 [1] 0.5 0.5 0.5 0.5 0.5 0.5 0.5 0.5 0.5 [2] 0.5 0.5 0.5 0.5 0.5 0.5 0.5 0.5 0.5 [3] 0.5 0.5 0.5 0.5 0.5 0.5 0.5 0.5 0.5 [4] 0.5 0.5 0.5 0.5 0.5 0.5 0.5 0.5 0.5 [5] 0.5 0.5 0.5 0.5 0.5 0.5 0.5 0.5 0.5 [6] 0.5 0.5 0.5 0.5 0.5 0.5 0.5 0.5 0.5 [7] 0.5 0.5 0.5 0.5 0.5 0.5 0.5 0.5 0.5 [8] 0.5 0.5 0.5 0.5 0.5 0.5 0.5 0.5 0.5 [9] 0.5 0.5 0.5 0.5 0.5 0.5 0.5 0.5 0.5 [10] 0.5 0.5 0.5 0.5 0.5 0.5 0.5 0.5 0.5 [11] 0.5 0.5 0.5 0.5 0.5 0.5 0.5 0.5 0.5 [12] 0.5 0.5 0.5 0.5 0.5 0.5 0.5 0.5 0.5 
[2] [0] 0.5 0.502837 0.4779512 0.4865208 0.4752487 0.4936997 0.5 0.5 0.5 [1] 0.5 0.4903445 0.4985262 0.5 0.5 0.5 0.5 0.5 0.5 [2] 0.5 0.4955685 0.4945399 0.5 0.5 0.5 0.5 0.5 0.5 [3] 0.5 0.5 0.4932631 0.4933078 0.5 0.4970329 0.5 0.5 0.5 [4] 0.5 0.5 0.4955282 0.4883131 0.5 0.4896972 0.5 0.5 0.5 [5] 0.5 0.4990036 0.5004956 0.5 0.4980313 0.5 0.5 0.5 0.5 [6] 0.5 0.4965294 0.5 0.4950661 0.5 0.5 0.5 0.5 0.5 [7] 0.5 0.5 0.4965175 0.5 0.5 0.4990125 0.5 0.5 0.5 [8] 0.5 0.5 0.5 0.4990065 0.5 0.5 0.5 0.5 0.5 [9] 0.5 0.5014915 0.5 0.4990894 0.5 0.5 0.5 0.5 0.5 [10] 0.5 0.5 0.5 0.4995426 0.5019246 0.5 0.5 0.5 0.5 [11] 0.5 0.5 0.5004936 0.4970323 0.4926163 0.5 0.5 0.5 0.5 [12] 0.5 0.5 0.4806195 0.5 0.5 0.5 0.5 0.5 0.5 
[36] 
[0] [0] 0.5 0.5 0.5 0.5 0.5 0.5 0.5 0.5 0.5 [1] 0.5 0.5 0.5 0.5 0.5 0.5 0.5 0.5 0.5 [2] 0.5 0.5 0.5 0.5 0.5 0.5 0.5 0.5 0.5 [3] 0.5 0.5 0.5 0.5 0.5 0.5 0.5 0.5 0.5 [4] 0.5 0.5 0.5 0.5 0.5 0.5 0.5 0.5 0.5 [5] 0.5 0.5 0.5 0.5 0.5 0.5 0.5 0.5 0.5 [6] 0.5 0.5 0.5 0.5 0.5 0.5 0.5 0.5 0.5 [7] 0.5 0.5 0.5 0.5 0.5 0.5 0.5 0.5 0.5 [8] 0.5 0.5 0.5 0.5 0.5 0.5 0.5 0.5 0.5 [9] 0.5 0.5 0.5 0.5 0.5 0.5 0.5 0.5 0.5 [10] 0.5 0.5 0.5 0.5 0.5 0.5 0.5 0.5 0.5 [11] 0.5 0.5 0.5 0.5 0.5 0.5 0.5 0.5 0.5 [12] 0.5 0.5 0.5 0.5 0.5 0.5 0.5 0.5 0.5 
[1] [0] 0.5 0.5 0.5 0.5 0.5 0.5 0.5 0.5 0.5 [1] 0.5 0.5 0.5 0.5 0.5 0.5 0.5 0.5 0.5 [2] 0.5 0.5 0.5 0.5 0.5 0.5 0.5 0.5 0.5 [3] 0.5 0.5 0.5 0.5 0.5 0.5 0.5 0.5 0.5 [4] 0.5 0.5 0.5 0.5 0.5 0.5 0.5 0.5 0.5 [5] 0.5 0.5 0.5 0.5 0.5 0.5 0.5 0.5 0.5 [6] 0.5 0.5 0.5 0.5 0.5 0.5 0.5 0.5 0.5 [7] 0.5 0.5 0.5 0.5 0.5 0.5 0.5 0.5 0.5 [8] 0.5 0.5 0.5 0.5 0.5 0.5 0.5 0.5 0.5 [9] 0.5 0.5 0.5 0.5 0.5 0.5 0.5 0.5 0.5 [10] 0.5 0.5 0.5 0.5 0.5 0.5 0.5 0.5 0.5 [11] 0.5 0.5 0.5 0.5 0.5 0.5 0.5 0.5 0.5 [12] 0.5 0.5 0.5 0.5 0.5 0.5 0.5 0.5 0.5 
[2] [0] 0.5 0.4741794 0.4918261 0.4738396 0.4979818 0.4826152 0.5 0.5 0.5 [1] 0.5 0.4670438 0.4951252 0.5 0.5 0.5 0.5 0.5 0.5 [2] 0.5 0.486488 0.4694495 0.5 0.5 0.5 0.5 0.5 0.5 [3] 0.5 0.5 0.4973324 0.4763637 0.5 0.4964876 0.5 0.5 0.5 [4] 0.5 0.5 0.48445 0.502266 0.5 0.4999849 0.5 0.5 0.5 [5] 0.5 0.4962986 0.4919667 0.5 0.4865289 0.5 0.5 0.5 0.5 [6] 0.5 0.4953021 0.5 0.4812486 0.5 0.5 0.5 0.5 0.5 [7] 0.5 0.5 0.4890462 0.5 0.5 0.4847159 0.5 0.5 0.5 [8] 0.5 0.5 0.5 0.4901005 0.5 0.5 0.5 0.5 0.5 [9] 0.5 0.489691 0.5 0.4727505 0.5 0.5 0.5 0.5 0.5 [10] 0.5 0.5 0.5 0.4810714 0.4881764 0.5 0.5 0.5 0.5 [11] 0.5 0.5 0.4907539 0.484517 0.4898214 0.5 0.5 0.5 0.5 [12] 0.5 0.5 0.463541 0.5 0.5 0.5 0.5 0.5 0.5 
[37] 
[0] [0] 0.5 0.5 0.5 0.5 0.5 0.5 0.5 0.5 0.5 [1] 0.5 0.5 0.5 0.5 0.5 0.5 0.5 0.5 0.5 [2] 0.5 0.5 0.5 0.5 0.5 0.5 0.5 0.5 0.5 [3] 0.5 0.5 0.5 0.5 0.5 0.5 0.5 0.5 0.5 [4] 0.5 0.5 0.5 0.5 0.5 0.5 0.5 0.5 0.5 [5] 0.5 0.5 0.5 0.5 0.5 0.5 0.5 0.5 0.5 [6] 0.5 0.5 0.5 0.5 0.5 0.5 0.5 0.5 0.5 [7] 0.5 0.5 0.5 0.5 0.5 0.5 0.5 0.5 0.5 [8] 0.5 0.5 0.5 0.5 0.5 0.5 0.5 0.5 0.5 [9] 0.5 0.5 0.5 0.5 0.5 0.5 0.5 0.5 0.5 [10] 0.5 0.5 0.5 0.5 0.5 0.5 0.5 0.5 0.5 [11] 0.5 0.5 0.5 0.5 0.5 0.5 0.5 0.5 0.5 [12] 0.5 0.5 0.5 0.5 0.5 0.5 0.5 0.5 0.5 
[1] [0] 0.5 0.5 0.5 0.5 0.5 0.5 0.5 0.5 0.5 [1] 0.5 0.5 0.5 0.5 0.5 0.5 0.5 0.5 0.5 [2] 0.5 0.5 0.5 0.5 0.5 0.5 0.5 0.5 0.5 [3] 0.5 0.5 0.5 0.5 0.5 0.5 0.5 0.5 0.5 [4] 0.5 0.5 0.5 0.5 0.5 0.5 0.5 0.5 0.5 [5] 0.5 0.5 0.5 0.5 0.5 0.5 0.5 0.5 0.5 [6] 0.5 0.5 0.5 0.5 0.5 0.5 0.5 0.5 0.5 [7] 0.5 0.5 0.5 0.5 0.5 0.5 0.5 0.5 0.5 [8] 0.5 0.5 0.5 0.5 0.5 0.5 0.5 0.5 0.5 [9] 0.5 0.5 0.5 0.5 0.5 0.5 0.5 0.5 0.5 [10] 0.5 0.5 0.5 0.5 0.5 0.5 0.5 0.5 0.5 [11] 0.5 0.5 0.5 0.5 0.5 0.5 0.5 0.5 0.5 [12] 0.5 0.5 0.5 0.5 0.5 0.5 0.5 0.5 0.5 
[2] [0] 0.5 0.493402 0.5023704 0.4911657 0.4883381 0.4959015 0.5 0.5 0.5 [1] 0.5 0.4698115 0.4620008 0.5 0.5 0.5 0.5 0.5 0.5 [2] 0.5 0.4843851 0.4662208 0.5 0.5 0.5 0.5 0.5 0.5 [3] 0.5 0.5 0.4630981 0.4931134 0.5 0.4717608 0.5 0.5 0.5 [4] 0.5 0.5 0.4759249 0.4834985 0.5 0.4958531 0.5 0.5 0.5 [5] 0.5 0.4911671 0.4882746 0.5 0.4722018 0.5 0.5 0.5 0.5 [6] 0.5 0.4918541 0.5 0.4954264 0.5 0.5 0.5 0.5 0.5 [7] 0.5 0.5 0.4818183 0.5 0.5 0.4828791 0.5 0.5 0.5 [8] 0.5 0.5 0.5 0.5068367 0.5 0.5 0.5 0.5 0.5 [9] 0.5 0.4984135 0.5 0.4918886 0.5 0.5 0.5 0.5 0.5 [10] 0.5 0.5 0.5 0.5009283 0.5040237 0.5 0.5 0.5 0.5 [11] 0.5 0.5 0.4895956 0.4732043 0.4860826 0.5 0.5 0.5 0.5 [12] 0.5 0.5 0.4854028 0.5 0.5 0.5 0.5 0.5 0.5 
[38] 
[0] [0] 0.5 0.4935998 0.4884638 0.4895603 0.4679582 0.4955434 0.5 0.5 0.5 [1] 0.5 0.4935624 0.4965667 0.5 0.5 0.5 0.5 0.5 0.5 [2] 0.5 0.4955265 0.4960299 0.5 0.5 0.5 0.5 0.5 0.5 [3] 0.5 0.5 0.4935573 0.4960948 0.5 0.4965279 0.5 0.5 0.5 [4] 0.5 0.5 0.492084 0.4928094 0.5 0.4893413 0.5 0.5 0.5 [5] 0.5 0.499998 0.4994995 0.5 0.4970075 0.5 0.5 0.5 0.5 [6] 0.5 0.499 0.5 0.4985085 0.5 0.5 0.5 0.5 0.5 [7] 0.5 0.5 0.5000045 0.5 0.5 0.4970075 0.5 0.5 0.5 [8] 0.5 0.5 0.5 0.4985011 0.5 0.5 0.5 0.5 0.5 [9] 0.5 0.495518 0.5 0.4980205 0.5 0.5 0.5 0.5 0.5 [10] 0.5 0.5 0.5 0.5014781 0.4941418 0.5 0.5 0.5 0.5 [11] 0.5 0.5 0.4989981 0.4965225 0.4950255 0.5 0.5 0.5 0.5 [12] 0.5 0.5 0.4855085 0.5 0.5 0.5 0.5 0.5 0.5 
[1] [0] 0.5 0.5 0.5 0.5 0.5 0.5 0.5 0.5 0.5 [1] 0.5 0.5 0.5 0.5 0.5 0.5 0.5 0.5 0.5 [2] 0.5 0.5 0.5 0.5 0.5 0.5 0.5 0.5 0.5 [3] 0.5 0.5 0.5 0.5 0.5 0.5 0.5 0.5 0.5 [4] 0.5 0.5 0.5 0.5 0.5 0.5 0.5 0.5 0.5 [5] 0.5 0.5 0.5 0.5 0.5 0.5 0.5 0.5 0.5 [6] 0.5 0.5 0.5 0.5 0.5 0.5 0.5 0.5 0.5 [7] 0.5 0.5 0.5 0.5 0.5 0.5 0.5 0.5 0.5 [8] 0.5 0.5 0.5 0.5 0.5 0.5 0.5 0.5 0.5 [9] 0.5 0.5 0.5 0.5 0.5 0.5 0.5 0.5 0.5 [10] 0.5 0.5 0.5 0.5 0.5 0.5 0.5 0.5 0.5 [11] 0.5 0.5 0.5 0.5 0.5 0.5 0.5 0.5 0.5 [12] 0.5 0.5 0.5 0.5 0.5 0.5 0.5 0.5 0.5 
[2] [0] 0.5 0.5 0.5 0.5 0.5 0.5 0.5 0.5 0.5 [1] 0.5 0.5 0.5 0.5 0.5 0.5 0.5 0.5 0.5 [2] 0.5 0.5 0.5 0.5 0.5 0.5 0.5 0.5 0.5 [3] 0.5 0.5 0.5 0.5 0.5 0.5 0.5 0.5 0.5 [4] 0.5 0.5 0.5 0.5 0.5 0.5 0.5 0.5 0.5 [5] 0.5 0.5 0.5 0.5 0.5 0.5 0.5 0.5 0.5 [6] 0.5 0.5 0.5 0.5 0.5 0.5 0.5 0.5 0.5 [7] 0.5 0.5 0.5 0.5 0.5 0.5 0.5 0.5 0.5 [8] 0.5 0.5 0.5 0.5 0.5 0.5 0.5 0.5 0.5 [9] 0.5 0.5 0.5 0.5 0.5 0.5 0.5 0.5 0.5 [10] 0.5 0.5 0.5 0.5 0.5 0.5 0.5 0.5 0.5 [11] 0.5 0.5 0.5 0.5 0.5 0.5 0.5 0.5 0.5 [12] 0.5 0.5 0.5 0.5 0.5 0.5 0.5 0.5 0.5 
