[0] [0] 0.4914798 0.4877432 0.4760868 0.4722248 0.4483155 0.42 0.42 0.42 0.42 0.42 [1] 0.42 0.42 0.42 0.42 0.42 0.42 0.42 0.42 0.42 0.42 [2] 0.42 0.42 0.42 0.42 0.42 0.42 0.42 0.42 0.42 0.42 
[1] [0] 0.42 0.42 0.42 0.42 0.42 0.42 0.42 0.42 0.42 0.42 [1] 0.4942207 0.453869 0.4652168 0.4549867 0.4355237 0.42 0.42 0.42 0.42 0.42 [2] 0.508906 0.4812469 0.4494679 0.4516647 0.4346741 0.42 0.42 0.42 0.42 0.42 
[2] [0] 0.42 0.42 0.42 0.42 0.42 0.42 0.42 0.42 0.42 0.42 [1] 0.4691919 0.4329277 0.4510213 0.4708296 0.4632349 0.42 0.42 0.42 0.42 0.42 [2] 0.3791099 0.4019711 0.399597 0.4178501 0.4201663 0.42 0.42 0.42 0.42 0.42 
[3] [0] 0.42 0.42 0.42 0.42 0.42 0.42 0.42 0.42 0.42 0.42 [1] 0.4943911 0.5091238 0.4795997 0.4444959 0.4639562 0.42 0.42 0.42 0.42 0.42 [2] 0.42 0.42 0.42 0.42 0.42 0.42 0.42 0.42 0.42 0.42 
[4] [0] 0.42 0.42 0.42 0.42 0.42 0.42 0.42 0.42 0.42 0.42 [1] 0.42 0.42 0.42 0.42 0.42 0.42 0.42 0.42 0.42 0.42 [2] 0.4991247 0.4983423 0.4804685 0.4756508 0.4465124 0.42 0.42 0.42 0.42 0.42 
[5] [0] 0.42 0.42 0.42 0.42 0.42 0.42 0.42 0.42 0.42 0.42 [1] 0.4436606 0.4215742 0.4232818 0.4142948 0.4035901 0.42 0.42 0.42 0.42 0.42 [2] 0.4420407 0.4601616 0.4760388 0.4722759 0.4582783 0.42 0.42 0.42 0.42 0.42 
[6] [0] 0.42 0.42 0.42 0.42 0.42 0.42 0.42 0.42 0.42 0.42 [1] 0.4958695 0.5034494 0.4801461 0.4639074 0.4550405 0.42 0.42 0.42 0.42 0.42 [2] 0.4958117 0.5106111 0.4549487 0.4601046 0.427517 0.42 0.42 0.42 0.42 0.42 
[7] [0] 0.42 0.42 0.42 0.42 0.42 0.42 0.42 0.42 0.42 0.42 [1] 0.4587548 0.4594555 0.4666296 0.447977 0.4567982 0.42 0.42 0.42 0.42 0.42 [2] 0.453656 0.4715733 0.4408373 0.4459846 0.4425739 0.42 0.42 0.42 0.42 0.42 
[8] [0] 0.42 0.42 0.42 0.42 0.42 0.42 0.42 0.42 0.42 0.42 [1] 0.5079224 0.5091674 0.4658322 0.4525361 0.4576093 0.42 0.42 0.42 0.42 0.42 [2] 0.522219 0.4898904 0.4697672 0.4416974 0.4425811 0.42 0.42 0.42 0.42 0.42 
[9] [0] 0.42 0.42 0.42 0.42 0.42 0.42 0.42 0.42 0.42 0.42 [1] 0.42 0.42 0.42 0.42 0.42 0.42 0.42 0.42 0.42 0.42 [2] 0.4479426 0.4275472 0.4206445 0.4228837 0.402225 0.42 0.42 0.42 0.42 0.42 
[10] [0] 0.42 0.42 0.42 0.42 0.42 0.42 0.42 0.42 0.42 0.42 [1] 0.4992707 0.482722 0.4712167 0.4652748 0.4634355 0.42 0.42 0.42 0.42 0.42 [2] 0.42 0.42 0.42 0.42 0.42 0.42 0.42 0.42 0.42 0.42 
[11] [0] 0.4919976 0.505299 0.4529294 0.44708 0.4506607 0.42 0.42 0.42 0.42 0.42 [1] 0.42 0.42 0.42 0.42 0.42 0.42 0.42 0.42 0.42 0.42 [2] 0.42 0.42 0.42 0.42 0.42 0.42 0.42 0.42 0.42 0.42 
[12] [0] 0.42 0.42 0.42 0.42 0.42 0.42 0.42 0.42 0.42 0.42 [1] 0.42 0.42 0.42 0.42 0.42 0.42 0.42 0.42 0.42 0.42 [2] 0.506171 0.4759944 0.4660494 0.4644718 0.4603089 0.42 0.42 0.42 0.42 0.42 
[13] [0] 0.42 0.42 0.42 0.42 0.42 0.42 0.42 0.42 0.42 0.42 [1] 0.4473269 0.4182824 0.419912 0.4144797 0.4167041 0.42 0.42 0.42 0.42 0.42 [2] 0.4969839 0.4932067 0.4835519 0.4499913 0.438336 0.42 0.42 0.42 0.42 0.42 
[14] [0] 0.42 0.42 0.42 0.42 0.42 0.42 0.42 0.42 0.42 0.42 [1] 0.5013185 0.4853131 0.4672815 0.4714926 0.451917 0.42 0.42 0.42 0.42 0.42 [2] 0.4 0.4198992 0.41958 0.42 0.42 0.42 0.42 0.42 0.42 0.42 
[15] [0] 0.42 0.42 0.42 0.42 0.42 0.42 0.42 0.42 0.42 0.42 [1] 0.4720121 0.4706106 0.4694825 0.4406541 0.4226384 0.42 0.42 0.42 0.42 0.42 [2] 0.489363 0.4958217 0.4718732 0.4623106 0.4534603 0.42 0.42 0.42 0.42 0.42 
[16] [0] 0.42 0.42 0.42 0.42 0.42 0.42 0.42 0.42 0.42 0.42 [1] 0.5000536 0.4998248 0.4831508 0.4647348 0.4642624 0.42 0.42 0.42 0.42 0.42 [2] 0.42 0.42 0.42 0.42 0.42 0.42 0.42 0.42 0.42 0.42 
[17] [0] 0.42 0.42 0.42 0.42 0.42 0.42 0.42 0.42 0.42 0.42 [1] 0.3875798 0.4159533 0.4181879 0.4147554 0.4192397 0.42 0.42 0.42 0.42 0.42 [2] 0.4 0.42 0.42 0.42 0.42 0.42 0.42 0.42 0.42 0.42 
[18] [0] 0.42 0.42 0.42 0.42 0.42 0.42 0.42 0.42 0.42 0.42 [1] 0.4377542 0.4165328 0.4217274 0.4193928 0.4107886 0.42 0.42 0.42 0.42 0.42 [2] 0.42 0.42 0.42 0.42 0.42 0.42 0.42 0.42 0.42 0.42 
[19] [0] 0.42 0.42 0.42 0.42 0.42 0.42 0.42 0.42 0.42 0.42 [1] 0.42 0.42 0.42 0.42 0.42 0.42 0.42 0.42 0.42 0.42 [2] 0.5133836 0.4839839 0.4756333 0.4469995 0.4744607 0.42 0.42 0.42 0.42 0.42 
[20] [0] 0.42 0.42 0.42 0.42 0.42 0.42 0.42 0.42 0.42 0.42 [1] 0.42 0.42 0.42 0.42 0.42 0.42 0.42 0.42 0.42 0.42 [2] 0.4820836 0.4745 0.4686759 0.4624185 0.4607396 0.42 0.42 0.42 0.42 0.42 
[21] [0] 0.42 0.42 0.42 0.42 0.42 0.42 0.42 0.42 0.42 0.42 [1] 0.42 0.42 0.42 0.42 0.42 0.42 0.42 0.42 0.42 0.42 [2] 0.5090464 0.4670263 0.4783995 0.4518304 0.4238868 0.42 0.42 0.42 0.42 0.42 
[22] [0] 0.497799 0.5085241 0.4515868 0.4654641 0.4316083 0.42 0.42 0.42 0.42 0.42 [1] 0.42 0.42 0.42 0.42 0.42 0.42 0.42 0.42 0.42 0.42 [2] 0.5002025 0.471873 0.4818933 0.4972476 0.5144027 0.42 0.42 0.42 0.42 0.42 
[23] [0] 0.42 0.42 0.42 0.42 0.42 0.42 0.42 0.42 0.42 0.42 [1] 0.42 0.42 0.42 0.42 0.42 0.42 0.42 0.42 0.42 0.42 [2] 0.5075147 0.4863912 0.4772993 0.4776828 0.4668117 0.42 0.42 0.42 0.42 0.42 
[24] [0] 0.42 0.42 0.42 0.42 0.42 0.42 0.42 0.42 0.42 0.42 [1] 0.42 0.42 0.42 0.42 0.42 0.42 0.42 0.42 0.42 0.42 [2] 0.480487 0.482527 0.4692268 0.4315774 0.435614 0.42 0.42 0.42 0.42 0.42 
[25] [0] 0.42 0.42 0.42 0.42 0.42 0.42 0.42 0.42 0.42 0.42 [1] 0.5482264 0.5093378 0.4576496 0.4432625 0.4417116 0.42 0.42 0.42 0.42 0.42 [2] 0.5012473 0.4701838 0.4712671 0.4562936 0.4140817 0.42 0.42 0.42 0.42 0.42 
[26] [0] 0.42 0.42 0.42 0.42 0.42 0.42 0.42 0.42 0.42 0.42 [1] 0.42 0.42 0.42 0.42 0.42 0.42 0.42 0.42 0.42 0.42 [2] 0.4791008 0.4481108 0.4475489 0.4528474 0.4226652 0.42 0.42 0.42 0.42 0.42 
[27] [0] 0.42 0.42 0.42 0.42 0.42 0.42 0.42 0.42 0.42 0.42 [1] 0.42 0.42 0.42 0.42 0.42 0.42 0.42 0.42 0.42 0.42 [2] 0.4572218 0.4238227 0.4177254 0.4149108 0.4164776 0.42 0.42 0.42 0.42 0.42 
[28] [0] 0.42 0.42 0.42 0.42 0.42 0.42 0.42 0.42 0.42 0.42 [1] 0.42 0.42 0.42 0.42 0.42 0.42 0.42 0.42 0.42 0.42 [2] 0.5040684 0.5032063 0.4766715 0.4668713 0.458872 0.42 0.42 0.42 0.42 0.42 
[29] [0] 0.42 0.42 0.42 0.42 0.42 0.42 0.42 0.42 0.42 0.42 [1] 0.42 0.42 0.42 0.42 0.42 0.42 0.42 0.42 0.42 0.42 [2] 0.4175329 0.400008 0.417711 0.4193431 0.4156386 0.42 0.42 0.42 0.42 0.42 
[30] [0] 0.42 0.42 0.42 0.42 0.42 0.42 0.42 0.42 0.42 0.42 [1] 0.42 0.42 0.42 0.42 0.42 0.42 0.42 0.42 0.42 0.42 [2] 0.491545 0.4587174 0.4592659 0.4706686 0.4569136 0.42 0.42 0.42 0.42 0.42 
[31] [0] 0.42 0.42 0.42 0.42 0.42 0.42 0.42 0.42 0.42 0.42 [1] 0.42 0.42 0.42 0.42 0.42 0.42 0.42 0.42 0.42 0.42 [2] 0.3975746 0.4081668 0.4154407 0.4140657 0.416461 0.42 0.42 0.42 0.42 0.42 
[32] [0] 0.42 0.42 0.42 0.42 0.42 0.42 0.42 0.42 0.42 0.42 [1] 0.42 0.42 0.42 0.42 0.42 0.42 0.42 0.42 0.42 0.42 [2] 0.4973283 0.4665921 0.458166 0.4277478 0.4260082 0.42 0.42 0.42 0.42 0.42 
[33] [0] 0.42 0.42 0.42 0.42 0.42 0.42 0.42 0.42 0.42 0.42 [1] 0.4248412 0.4172662 0.4178404 0.4175319 0.4061693 0.42 0.42 0.42 0.42 0.42 [2] 0.3927311 0.4138747 0.4193215 0.4214263 0.4166397 0.42 0.42 0.42 0.42 0.42 
[34] [0] 0.42 0.42 0.42 0.42 0.42 0.42 0.42 0.42 0.42 0.42 [1] 0.42 0.42 0.42 0.42 0.42 0.42 0.42 0.42 0.42 0.42 [2] 0.5018885 0.4986351 0.4702178 0.4632523 0.4656886 0.42 0.42 0.42 0.42 0.42 
[35] [0] 0.5 0.5 0.5 0.5 0.5 0.5 0.5 0.5 0.5 0.5 [1] 0.5 0.5 0.5 0.5 0.5 0.5 0.5 0.5 0.5 0.5 [2] 0.4346069 0.4536045 0.4669794 0.4632535 0.4750092 0.5 0.5 0.5 0.5 0.5 
[36] [0] 0.5 0.5 0.5 0.5 0.5 0.5 0.5 0.5 0.5 0.5 [1] 0.5 0.5 0.5 0.5 0.5 0.5 0.5 0.5 0.5 0.5 [2] 0.5161302 0.4986455 0.4728395 0.4639756 0.4573762 0.5 0.5 0.5 0.5 0.5 
[37] [0] 0.5 0.5 0.5 0.5 0.5 0.5 0.5 0.5 0.5 0.5 [1] 0.5 0.5 0.5 0.5 0.5 0.5 0.5 0.5 0.5 0.5 [2] 0.5163929 0.5102199 0.4683006 0.4717736 0.4667893 0.5 0.5 0.5 0.5 0.5 
[38] [0] 0.3999423 0.456384 0.4657772 0.4555005 0.4689933 0.5 0.5 0.5 0.5 0.5 [1] 0.5 0.5 0.5 0.5 0.5 0.5 0.5 0.5 0.5 0.5 [2] 0.5 0.5 0.5 0.5 0.5 0.5 0.5 0.5 0.5 0.5 
