[0] 
[0] [0] 0.42 0.4681052 0.4462199 0.4500136 0.4512467 0.436392 0.42 0.42 0.42 [1] 0.42 0.4304092 0.4638948 0.42 0.42 0.42 0.42 0.42 0.42 [2] 0.42 0.4088558 0.352023 0.42 0.42 0.42 0.42 0.42 0.42 [3] 0.42 0.42 0.4616185 0.4391974 0.42 0.4650109 0.42 0.42 0.42 [4] 0.42 0.42 0.4536332 0.4561113 0.42 0.4704013 0.42 0.42 0.42 [5] 0.42 0.409797 0.4316756 0.42 0.456058 0.42 0.42 0.42 0.42 [6] 0.42 0.4210083 0.42 0.4346398 0.42 0.42 0.42 0.42 0.42 [7] 0.42 0.42 0.4270046 0.42 0.42 0.4379959 0.42 0.42 0.42 [8] 0.42 0.42 0.42 0.4518126 0.42 0.42 0.42 0.42 0.42 [9] 0.42 0.4229623 0.42 0.468281 0.42 0.42 0.42 0.42 0.42 [10] 0.42 0.42 0.4 0.4600036 0.4575721 0.42 0.42 0.42 0.42 [11] 0.42 0.42 0.4680777 0.4639532 0.3965946 0.42 0.42 0.42 0.42 [12] 0.42 0.42 0.461547 0.42 0.42 0.42 0.42 0.42 0.42 
[1] [0] 0.42 0.42 0.42 0.42 0.42 0.42 0.42 0.42 0.42 [1] 0.42 0.42 0.42 0.42 0.42 0.42 0.42 0.42 0.42 [2] 0.42 0.42 0.42 0.42 0.42 0.42 0.42 0.42 0.42 [3] 0.42 0.42 0.42 0.42 0.42 0.42 0.42 0.42 0.42 [4] 0.42 0.42 0.42 0.42 0.42 0.42 0.42 0.42 0.42 [5] 0.42 0.42 0.42 0.42 0.42 0.42 0.42 0.42 0.42 [6] 0.42 0.42 0.42 0.42 0.42 0.42 0.42 0.42 0.42 [7] 0.42 0.42 0.42 0.42 0.42 0.42 0.42 0.42 0.42 [8] 0.42 0.42 0.42 0.42 0.42 0.42 0.42 0.42 0.42 [9] 0.42 0.42 0.42 0.42 0.42 0.42 0.42 0.42 0.42 [10] 0.42 0.42 0.42 0.42 0.42 0.42 0.42 0.42 0.42 [11] 0.42 0.42 0.42 0.42 0.42 0.42 0.42 0.42 0.42 [12] 0.42 0.42 0.42 0.42 0.42 0.42 0.42 0.42 0.42 
[2] [0] 0.42 0.42 0.42 0.42 0.42 0.42 0.42 0.42 0.42 [1] 0.42 0.42 0.42 0.42 0.42 0.42 0.42 0.42 0.42 [2] 0.42 0.42 0.42 0.42 0.42 0.42 0.42 0.42 0.42 [3] 0.42 0.42 0.42 0.42 0.42 0.42 0.42 0.42 0.42 [4] 0.42 0.42 0.42 0.42 0.42 0.42 0.42 0.42 0.42 [5] 0.42 0.42 0.42 0.42 0.42 0.42 0.42 0.42 0.42 [6] 0.42 0.42 0.42 0.42 0.42 0.42 0.42 0.42 0.42 [7] 0.42 0.42 0.42 0.42 0.42 0.42 0.42 0.42 0.42 [8] 0.42 0.42 0.42 0.42 0.42 0.42 0.42 0.42 0.42 [9] 0.42 0.42 0.42 0.42 0.42 0.42 0.42 0.42 0.42 [10] 0.42 0.42 0.42 0.42 0.42 0.42 0.42 0.42 0.42 [11] 0.42 0.42 0.42 0.42 0.42 0.42 0.42 0.42 0.42 [12] 0.42 0.42 0.42 0.42 0.42 0.42 0.42 0.42 0.42 
[1] 
[0] [0] 0.42 0.42 0.42 0.42 0.42 0.42 0.42 0.42 0.42 [1] 0.42 0.42 0.42 0.42 0.42 0.42 0.42 0.42 0.42 [2] 0.42 0.42 0.42 0.42 0.42 0.42 0.42 0.42 0.42 [3] 0.42 0.42 0.42 0.42 0.42 0.42 0.42 0.42 0.42 [4] 0.42 0.42 0.42 0.42 0.42 0.42 0.42 0.42 0.42 [5] 0.42 0.42 0.42 0.42 0.42 0.42 0.42 0.42 0.42 [6] 0.42 0.42 0.42 0.42 0.42 0.42 0.42 0.42 0.42 [7] 0.42 0.42 0.42 0.42 0.42 0.42 0.42 0.42 0.42 [8] 0.42 0.42 0.42 0.42 0.42 0.42 0.42 0.42 0.42 [9] 0.42 0.42 0.42 0.42 0.42 0.42 0.42 0.42 0.42 [10] 0.42 0.42 0.42 0.42 0.42 0.42 0.42 0.42 0.42 [11] 0.42 0.42 0.42 0.42 0.42 0.42 0.42 0.42 0.42 [12] 0.42 0.42 0.42 0.42 0.42 0.42 0.42 0.42 0.42 
[1] [0] 0.42 0.4461027 0.4836392 0.469622 0.4700183 0.402023 0.42 0.42 0.42 [1] 0.42 0.4228773 0.4541703 0.42 0.42 0.42 0.42 0.42 0.42 [2] 0.42 0.3963302 0.3885145 0.42 0.42 0.42 0.42 0.42 0.42 [3] 0.42 0.42 0.4425327 0.4633879 0.42 0.4596729 0.42 0.42 0.42 [4] 0.42 0.42 0.4008097 0.4764764 0.42 0.4804952 0.42 0.42 0.42 [5] 0.42 0.398173 0.4042495 0.42 0.4175507 0.42 0.42 0.42 0.42 [6] 0.42 0.4024194 0.42 0.4000576 0.42 0.42 0.42 0.42 0.42 [7] 0.42 0.42 0.4061936 0.42 0.42 0.4050234 0.42 0.42 0.42 [8] 0.42 0.42 0.42 0.462418 0.42 0.42 0.42 0.42 0.42 [9] 0.42 0.4225755 0.42 0.4582077 0.42 0.42 0.42 0.42 0.42 [10] 0.42 0.42 0.4 0.4754713 0.4776771 0.42 0.42 0.42 0.42 [11] 0.42 0.42 0.4148371 0.454541 0.3984228 0.42 0.42 0.42 0.42 [12] 0.42 0.42 0.4729674 0.42 0.42 0.42 0.42 0.42 0.42 
[2] [0] 0.42 0.4639764 0.4670642 0.468592 0.4703806 0.4062061 0.42 0.42 0.42 [1] 0.42 0.4568934 0.470114 0.42 0.42 0.42 0.42 0.42 0.42 [2] 0.42 0.4018188 0.3934937 0.42 0.42 0.42 0.42 0.42 0.42 [3] 0.42 0.42 0.4417292 0.4826673 0.42 0.4537917 0.42 0.42 0.42 [4] 0.42 0.42 0.4267378 0.4804173 0.42 0.4980141 0.42 0.42 0.42 [5] 0.42 0.4039378 0.3975743 0.42 0.4141135 0.42 0.42 0.42 0.42 [6] 0.42 0.4023539 0.42 0.4079379 0.42 0.42 0.42 0.42 0.42 [7] 0.42 0.42 0.4221799 0.42 0.42 0.4070749 0.42 0.42 0.42 [8] 0.42 0.42 0.42 0.4499969 0.42 0.42 0.42 0.42 0.42 [9] 0.42 0.4188593 0.42 0.4523586 0.42 0.42 0.42 0.42 0.42 [10] 0.42 0.42 0.4 0.4922087 0.4841432 0.42 0.42 0.42 0.42 [11] 0.42 0.42 0.4363547 0.4894742 0.3999871 0.42 0.42 0.42 0.42 [12] 0.42 0.4 0.4841863 0.42 0.42 0.42 0.42 0.42 0.42 
[2] 
[0] [0] 0.42 0.42 0.42 0.42 0.42 0.42 0.42 0.42 0.42 [1] 0.42 0.42 0.42 0.42 0.42 0.42 0.42 0.42 0.42 [2] 0.42 0.42 0.42 0.42 0.42 0.42 0.42 0.42 0.42 [3] 0.42 0.42 0.42 0.42 0.42 0.42 0.42 0.42 0.42 [4] 0.42 0.42 0.42 0.42 0.42 0.42 0.42 0.42 0.42 [5] 0.42 0.42 0.42 0.42 0.42 0.42 0.42 0.42 0.42 [6] 0.42 0.42 0.42 0.42 0.42 0.42 0.42 0.42 0.42 [7] 0.42 0.42 0.42 0.42 0.42 0.42 0.42 0.42 0.42 [8] 0.42 0.42 0.42 0.42 0.42 0.42 0.42 0.42 0.42 [9] 0.42 0.42 0.42 0.42 0.42 0.42 0.42 0.42 0.42 [10] 0.42 0.42 0.42 0.42 0.42 0.42 0.42 0.42 0.42 [11] 0.42 0.42 0.42 0.42 0.42 0.42 0.42 0.42 0.42 [12] 0.42 0.42 0.42 0.42 0.42 0.42 0.42 0.42 0.42 
[1] [0] 0.42 0.4266448 0.4361184 0.4714441 0.4482132 0.4254456 0.42 0.42 0.42 [1] 0.42 0.4021171 0.4508476 0.42 0.42 0.42 0.42 0.42 0.42 [2] 0.42 0.4014152 0.3936705 0.42 0.42 0.42 0.42 0.42 0.42 [3] 0.42 0.42 0.400995 0.458826 0.42 0.4311025 0.42 0.42 0.42 [4] 0.42 0.42 0.4100226 0.451914 0.42 0.4605987 0.42 0.42 0.42 [5] 0.42 0.4019791 0.3998113 0.42 0.403672 0.42 0.42 0.42 0.42 [6] 0.42 0.4171102 0.42 0.4131576 0.42 0.42 0.42 0.42 0.42 [7] 0.42 0.42 0.4376883 0.42 0.42 0.4100648 0.42 0.42 0.42 [8] 0.42 0.42 0.42 0.43316 0.42 0.42 0.42 0.42 0.42 [9] 0.42 0.4455948 0.42 0.4133477 0.42 0.42 0.42 0.42 0.42 [10] 0.42 0.42 0.4054704 0.4479297 0.4570552 0.42 0.42 0.42 0.42 [11] 0.42 0.42 0.3982536 0.436674 0.4066817 0.42 0.42 0.42 0.42 [12] 0.42 0.42 0.4628187 0.42 0.42 0.42 0.42 0.42 0.42 
[2] [0] 0.42 0.3988415 0.3737567 0.3794756 0.334347 0.3968112 0.42 0.42 0.42 [1] 0.42 0.3972084 0.3795598 0.42 0.42 0.42 0.42 0.42 0.42 [2] 0.42 0.4001994 0.3988012 0.42 0.42 0.42 0.42 0.42 0.42 [3] 0.42 0.42 0.3972234 0.3927482 0.42 0.4013924 0.42 0.42 0.42 [4] 0.42 0.42 0.4010247 0.3819086 0.42 0.392127 0.42 0.42 0.42 [5] 0.42 0.4 0.399003 0.42 0.3968082 0.42 0.42 0.42 0.42 [6] 0.42 0.3998012 0.42 0.3994004 0.42 0.42 0.42 0.42 0.42 [7] 0.42 0.42 0.399001 0.42 0.42 0.3984024 0.42 0.42 0.42 [8] 0.42 0.42 0.42 0.3960447 0.42 0.42 0.42 0.42 0.42 [9] 0.42 0.4003974 0.42 0.3962363 0.42 0.42 0.42 0.42 0.42 [10] 0.42 0.42 0.4 0.39438 0.3794813 0.42 0.42 0.42 0.42 [11] 0.42 0.42 0.3992004 0.4075163 0.4153241 0.42 0.42 0.42 0.42 [12] 0.42 0.4067734 0.3772132 0.4 0.42 0.42 0.42 0.42 0.42 
[3] 
[0] [0] 0.42 0.42 0.42 0.42 0.42 0.42 0.42 0.42 0.42 [1] 0.42 0.42 0.42 0.42 0.42 0.42 0.42 0.42 0.42 [2] 0.42 0.42 0.42 0.42 0.42 0.42 0.42 0.42 0.42 [3] 0.42 0.42 0.42 0.42 0.42 0.42 0.42 0.42 0.42 [4] 0.42 0.42 0.42 0.42 0.42 0.42 0.42 0.42 0.42 [5] 0.42 0.42 0.42 0.42 0.42 0.42 0.42 0.42 0.42 [6] 0.42 0.42 0.42 0.42 0.42 0.42 0.42 0.42 0.42 [7] 0.42 0.42 0.42 0.42 0.42 0.42 0.42 0.42 0.42 [8] 0.42 0.42 0.42 0.42 0.42 0.42 0.42 0.42 0.42 [9] 0.42 0.42 0.42 0.42 0.42 0.42 0.42 0.42 0.42 [10] 0.42 0.42 0.42 0.42 0.42 0.42 0.42 0.42 0.42 [11] 0.42 0.42 0.42 0.42 0.42 0.42 0.42 0.42 0.42 [12] 0.42 0.42 0.42 0.42 0.42 0.42 0.42 0.42 0.42 
[1] [0] 0.42 0.4688507 0.4483663 0.4782533 0.4905158 0.4287778 0.42 0.42 0.42 [1] 0.42 0.4231004 0.4638426 0.42 0.42 0.42 0.42 0.42 0.42 [2] 0.42 0.4015182 0.379967 0.42 0.42 0.42 0.42 0.42 0.42 [3] 0.42 0.42 0.4448362 0.462866 0.42 0.4686342 0.42 0.42 0.42 [4] 0.42 0.42 0.4360048 0.4939194 0.42 0.4769542 0.42 0.42 0.42 [5] 0.42 0.401528 0.4126579 0.42 0.4307692 0.42 0.42 0.42 0.42 [6] 0.42 0.4250166 0.42 0.4337149 0.42 0.42 0.42 0.42 0.42 [7] 0.42 0.42 0.4301403 0.42 0.42 0.4201238 0.42 0.42 0.42 [8] 0.42 0.42 0.42 0.4738729 0.42 0.42 0.42 0.42 0.42 [9] 0.42 0.4116364 0.42 0.4634424 0.42 0.42 0.42 0.42 0.42 [10] 0.42 0.42 0.4154584 0.4755997 0.4760759 0.42 0.42 0.42 0.42 [11] 0.42 0.42 0.4568417 0.4797056 0.399138 0.42 0.42 0.42 0.42 [12] 0.42 0.42 0.4723817 0.42 0.42 0.42 0.42 0.42 0.42 
[2] [0] 0.42 0.42 0.42 0.42 0.42 0.42 0.42 0.42 0.42 [1] 0.42 0.42 0.42 0.42 0.42 0.42 0.42 0.42 0.42 [2] 0.42 0.42 0.42 0.42 0.42 0.42 0.42 0.42 0.42 [3] 0.42 0.42 0.42 0.42 0.42 0.42 0.42 0.42 0.42 [4] 0.42 0.42 0.42 0.42 0.42 0.42 0.42 0.42 0.42 [5] 0.42 0.42 0.42 0.42 0.42 0.42 0.42 0.42 0.42 [6] 0.42 0.42 0.42 0.42 0.42 0.42 0.42 0.42 0.42 [7] 0.42 0.42 0.42 0.42 0.42 0.42 0.42 0.42 0.42 [8] 0.42 0.42 0.42 0.42 0.42 0.42 0.42 0.42 0.42 [9] 0.42 0.42 0.42 0.42 0.42 0.42 0.42 0.42 0.42 [10] 0.42 0.42 0.42 0.42 0.42 0.42 0.42 0.42 0.42 [11] 0.42 0.42 0.42 0.42 0.42 0.42 0.42 0.42 0.42 [12] 0.42 0.42 0.42 0.42 0.42 0.42 0.42 0.42 0.42 
[4] 
[0] [0] 0.42 0.42 0.42 0.42 0.42 0.42 0.42 0.42 0.42 [1] 0.42 0.42 0.42 0.42 0.42 0.42 0.42 0.42 0.42 [2] 0.42 0.42 0.42 0.42 0.42 0.42 0.42 0.42 0.42 [3] 0.42 0.42 0.42 0.42 0.42 0.42 0.42 0.42 0.42 [4] 0.42 0.42 0.42 0.42 0.42 0.42 0.42 0.42 0.42 [5] 0.42 0.42 0.42 0.42 0.42 0.42 0.42 0.42 0.42 [6] 0.42 0.42 0.42 0.42 0.42 0.42 0.42 0.42 0.42 [7] 0.42 0.42 0.42 0.42 0.42 0.42 0.42 0.42 0.42 [8] 0.42 0.42 0.42 0.42 0.42 0.42 0.42 0.42 0.42 [9] 0.42 0.42 0.42 0.42 0.42 0.42 0.42 0.42 0.42 [10] 0.42 0.42 0.42 0.42 0.42 0.42 0.42 0.42 0.42 [11] 0.42 0.42 0.42 0.42 0.42 0.42 0.42 0.42 0.42 [12] 0.42 0.42 0.42 0.42 0.42 0.42 0.42 0.42 0.42 
[1] [0] 0.42 0.42 0.42 0.42 0.42 0.42 0.42 0.42 0.42 [1] 0.42 0.42 0.42 0.42 0.42 0.42 0.42 0.42 0.42 [2] 0.42 0.42 0.42 0.42 0.42 0.42 0.42 0.42 0.42 [3] 0.42 0.42 0.42 0.42 0.42 0.42 0.42 0.42 0.42 [4] 0.42 0.42 0.42 0.42 0.42 0.42 0.42 0.42 0.42 [5] 0.42 0.42 0.42 0.42 0.42 0.42 0.42 0.42 0.42 [6] 0.42 0.42 0.42 0.42 0.42 0.42 0.42 0.42 0.42 [7] 0.42 0.42 0.42 0.42 0.42 0.42 0.42 0.42 0.42 [8] 0.42 0.42 0.42 0.42 0.42 0.42 0.42 0.42 0.42 [9] 0.42 0.42 0.42 0.42 0.42 0.42 0.42 0.42 0.42 [10] 0.42 0.42 0.42 0.42 0.42 0.42 0.42 0.42 0.42 [11] 0.42 0.42 0.42 0.42 0.42 0.42 0.42 0.42 0.42 [12] 0.42 0.42 0.42 0.42 0.42 0.42 0.42 0.42 0.42 
[2] [0] 0.42 0.4760048 0.4726815 0.4545735 0.4843229 0.4401828 0.42 0.42 0.42 [1] 0.42 0.424036 0.480314 0.42 0.42 0.42 0.42 0.42 0.42 [2] 0.42 0.4063411 0.3809156 0.42 0.42 0.42 0.42 0.42 0.42 [3] 0.42 0.42 0.4561325 0.4762813 0.42 0.4555131 0.42 0.42 0.42 [4] 0.42 0.42 0.4480116 0.4864335 0.42 0.4878596 0.42 0.42 0.42 [5] 0.42 0.4099697 0.4104828 0.42 0.438867 0.42 0.42 0.42 0.42 [6] 0.42 0.4207279 0.42 0.4270735 0.42 0.42 0.42 0.42 0.42 [7] 0.42 0.42 0.4284978 0.42 0.42 0.4224133 0.42 0.42 0.42 [8] 0.42 0.42 0.42 0.4683476 0.42 0.42 0.42 0.42 0.42 [9] 0.42 0.4198942 0.42 0.4565667 0.42 0.42 0.42 0.42 0.42 [10] 0.42 0.42 0.4161046 0.4704303 0.4807846 0.42 0.42 0.42 0.42 [11] 0.42 0.42 0.4382109 0.4680318 0.3976765 0.42 0.42 0.42 0.42 [12] 0.42 0.42 0.4687531 0.42 0.42 0.42 0.42 0.42 0.42 
[5] 
[0] [0] 0.42 0.42 0.42 0.42 0.42 0.42 0.42 0.42 0.42 [1] 0.42 0.42 0.42 0.42 0.42 0.42 0.42 0.42 0.42 [2] 0.42 0.42 0.42 0.42 0.42 0.42 0.42 0.42 0.42 [3] 0.42 0.42 0.42 0.42 0.42 0.42 0.42 0.42 0.42 [4] 0.42 0.42 0.42 0.42 0.42 0.42 0.42 0.42 0.42 [5] 0.42 0.42 0.42 0.42 0.42 0.42 0.42 0.42 0.42 [6] 0.42 0.42 0.42 0.42 0.42 0.42 0.42 0.42 0.42 [7] 0.42 0.42 0.42 0.42 0.42 0.42 0.42 0.42 0.42 [8] 0.42 0.42 0.42 0.42 0.42 0.42 0.42 0.42 0.42 [9] 0.42 0.42 0.42 0.42 0.42 0.42 0.42 0.42 0.42 [10] 0.42 0.42 0.42 0.42 0.42 0.42 0.42 0.42 0.42 [11] 0.42 0.42 0.42 0.42 0.42 0.42 0.42 0.42 0.42 [12] 0.42 0.42 0.42 0.42 0.42 0.42 0.42 0.42 0.42 
[1] [0] 0.42 0.4095689 0.4435917 0.4213669 0.4274889 0.415376 0.42 0.42 0.42 [1] 0.42 0.4215914 0.4392654 0.42 0.42 0.42 0.42 0.42 0.42 [2] 0.42 0.3984064 0.3988012 0.42 0.42 0.42 0.42 0.42 0.42 [3] 0.42 0.42 0.3999813 0.428332 0.42 0.408734 0.42 0.42 0.42 [4] 0.42 0.42 0.4239897 0.4550478 0.42 0.4160229 0.42 0.42 0.42 [5] 0.42 0.4099772 0.3992054 0.42 0.4011282 0.42 0.42 0.42 0.42 [6] 0.42 0.4119981 0.42 0.4065338 0.42 0.42 0.42 0.42 0.42 [7] 0.42 0.42 0.4168111 0.42 0.42 0.402999 0.42 0.42 0.42 [8] 0.42 0.42 0.42 0.4049168 0.42 0.42 0.42 0.42 0.42 [9] 0.42 0.4074865 0.42 0.4386236 0.42 0.42 0.42 0.42 0.42 [10] 0.42 0.42 0.4210558 0.4305001 0.4201859 0.42 0.42 0.42 0.42 [11] 0.42 0.42 0.4097121 0.422413 0.4196721 0.42 0.42 0.42 0.42 [12] 0.42 0.42 0.4299583 0.42 0.42 0.42 0.42 0.42 0.42 
[2] [0] 0.42 0.4170903 0.4147619 0.416895 0.4245739 0.429215 0.42 0.42 0.42 [1] 0.42 0.445669 0.4335019 0.42 0.42 0.42 0.42 0.42 0.42 [2] 0.42 0.4011994 0.3992044 0.42 0.42 0.42 0.42 0.42 0.42 [3] 0.42 0.42 0.4004036 0.4202413 0.42 0.417744 0.42 0.42 0.42 [4] 0.42 0.42 0.4029889 0.4356976 0.42 0.4503869 0.42 0.42 0.42 [5] 0.42 0.4007982 0.399599 0.42 0.4037583 0.42 0.42 0.42 0.42 [6] 0.42 0.4070798 0.42 0.400002 0.42 0.42 0.42 0.42 0.42 [7] 0.42 0.42 0.4245678 0.42 0.42 0.436477 0.42 0.42 0.42 [8] 0.42 0.42 0.42 0.4075266 0.42 0.42 0.42 0.42 0.42 [9] 0.42 0.4310418 0.42 0.4470327 0.42 0.42 0.42 0.42 0.42 [10] 0.42 0.42 0.4 0.4091498 0.4334089 0.42 0.42 0.42 0.42 [11] 0.42 0.42 0.4472337 0.4472422 0.4043475 0.42 0.42 0.42 0.42 [12] 0.42 0.4 0.4130123 0.42 0.42 0.42 0.42 0.42 0.42 
[6] 
[0] [0] 0.42 0.42 0.42 0.42 0.42 0.42 0.42 0.42 0.42 [1] 0.42 0.42 0.42 0.42 0.42 0.42 0.42 0.42 0.42 [2] 0.42 0.42 0.42 0.42 0.42 0.42 0.42 0.42 0.42 [3] 0.42 0.42 0.42 0.42 0.42 0.42 0.42 0.42 0.42 [4] 0.42 0.42 0.42 0.42 0.42 0.42 0.42 0.42 0.42 [5] 0.42 0.42 0.42 0.42 0.42 0.42 0.42 0.42 0.42 [6] 0.42 0.42 0.42 0.42 0.42 0.42 0.42 0.42 0.42 [7] 0.42 0.42 0.42 0.42 0.42 0.42 0.42 0.42 0.42 [8] 0.42 0.42 0.42 0.42 0.42 0.42 0.42 0.42 0.42 [9] 0.42 0.42 0.42 0.42 0.42 0.42 0.42 0.42 0.42 [10] 0.42 0.42 0.42 0.42 0.42 0.42 0.42 0.42 0.42 [11] 0.42 0.42 0.42 0.42 0.42 0.42 0.42 0.42 0.42 [12] 0.42 0.42 0.42 0.42 0.42 0.42 0.42 0.42 0.42 
[1] [0] 0.42 0.4857236 0.4606693 0.4731182 0.4607918 0.4312206 0.42 0.42 0.42 [1] 0.42 0.4415528 0.4782527 0.42 0.42 0.42 0.42 0.42 0.42 [2] 0.42 0.4008633 0.3607378 0.42 0.42 0.42 0.42 0.42 0.42 [3] 0.42 0.42 0.4605253 0.4699092 0.42 0.4567 0.42 0.42 0.42 [4] 0.42 0.42 0.450688 0.4781577 0.42 0.4870149 0.42 0.42 0.42 [5] 0.42 0.4134969 0.4190621 0.42 0.4523127 0.42 0.42 0.42 0.42 [6] 0.42 0.437303 0.42 0.4398529 0.42 0.42 0.42 0.42 0.42 [7] 0.42 0.42 0.4492308 0.42 0.42 0.4289086 0.42 0.42 0.42 [8] 0.42 0.42 0.42 0.4611185 0.42 0.42 0.42 0.42 0.42 [9] 0.42 0.4275443 0.42 0.4726872 0.42 0.42 0.42 0.42 0.42 [10] 0.42 0.42 0.415532 0.4723706 0.4215649 0.42 0.42 0.42 0.42 [11] 0.42 0.42 0.4747067 0.4738382 0.3979264 0.42 0.42 0.42 0.42 [12] 0.42 0.42 0.4641908 0.42 0.42 0.42 0.42 0.42 0.42 
[2] [0] 0.42 0.4998837 0.4680561 0.4881829 0.4836517 0.4244903 0.42 0.42 0.42 [1] 0.42 0.4223891 0.4864867 0.42 0.42 0.42 0.42 0.42 0.42 [2] 0.42 0.3997459 0.3734331 0.42 0.42 0.42 0.42 0.42 0.42 [3] 0.42 0.42 0.4580981 0.4740588 0.42 0.4563638 0.42 0.42 0.42 [4] 0.42 0.42 0.4651042 0.4908603 0.42 0.4486136 0.42 0.42 0.42 [5] 0.42 0.4027061 0.4175507 0.42 0.4446267 0.42 0.42 0.42 0.42 [6] 0.42 0.4335897 0.42 0.4377374 0.42 0.42 0.42 0.42 0.42 [7] 0.42 0.42 0.4458088 0.42 0.42 0.4200857 0.42 0.42 0.42 [8] 0.42 0.42 0.42 0.4644424 0.42 0.42 0.42 0.42 0.42 [9] 0.42 0.4115568 0.42 0.4703839 0.42 0.42 0.42 0.42 0.42 [10] 0.42 0.42 0.4 0.4749771 0.4824418 0.42 0.42 0.42 0.42 [11] 0.42 0.42 0.468807 0.4744268 0.4006964 0.42 0.42 0.42 0.42 [12] 0.42 0.42 0.4827893 0.42 0.42 0.42 0.42 0.42 0.42 
[7] 
[0] [0] 0.42 0.42 0.42 0.42 0.42 0.42 0.42 0.42 0.42 [1] 0.42 0.42 0.42 0.42 0.42 0.42 0.42 0.42 0.42 [2] 0.42 0.42 0.42 0.42 0.42 0.42 0.42 0.42 0.42 [3] 0.42 0.42 0.42 0.42 0.42 0.42 0.42 0.42 0.42 [4] 0.42 0.42 0.42 0.42 0.42 0.42 0.42 0.42 0.42 [5] 0.42 0.42 0.42 0.42 0.42 0.42 0.42 0.42 0.42 [6] 0.42 0.42 0.42 0.42 0.42 0.42 0.42 0.42 0.42 [7] 0.42 0.42 0.42 0.42 0.42 0.42 0.42 0.42 0.42 [8] 0.42 0.42 0.42 0.42 0.42 0.42 0.42 0.42 0.42 [9] 0.42 0.42 0.42 0.42 0.42 0.42 0.42 0.42 0.42 [10] 0.42 0.42 0.42 0.42 0.42 0.42 0.42 0.42 0.42 [11] 0.42 0.42 0.42 0.42 0.42 0.42 0.42 0.42 0.42 [12] 0.42 0.42 0.42 0.42 0.42 0.42 0.42 0.42 0.42 
[1] [0] 0.42 0.4141959 0.4459729 0.4417304 0.4474283 0.3986551 0.42 0.42 0.42 [1] 0.42 0.4315007 0.4643126 0.42 0.42 0.42 0.42 0.42 0.42 [2] 0.42 0.39584 0.3988003 0.42 0.42 0.42 0.42 0.42 0.42 [3] 0.42 0.42 0.4008172 0.4378801 0.42 0.4262 0.42 0.42 0.42 [4] 0.42 0.42 0.4112648 0.453187 0.42 0.4531418 0.42 0.42 0.42 [5] 0.42 0.4044182 0.3986199 0.42 0.4057963 0.42 0.42 0.42 0.42 [6] 0.42 0.4177524 0.42 0.4021846 0.42 0.42 0.42 0.42 0.42 [7] 0.42 0.42 0.4323232 0.42 0.42 0.3983759 0.42 0.42 0.42 [8] 0.42 0.42 0.42 0.4243883 0.42 0.42 0.42 0.42 0.42 [9] 0.42 0.4478252 0.42 0.4450418 0.42 0.42 0.42 0.42 0.42 [10] 0.42 0.42 0.40996 0.4443436 0.4552311 0.42 0.42 0.42 0.42 [11] 0.42 0.42 0.4341546 0.4285366 0.4090989 0.42 0.42 0.42 0.42 [12] 0.42 0.42 0.4489444 0.42 0.42 0.42 0.42 0.42 0.42 
[2] [0] 0.42 0.433005 0.4500004 0.4277383 0.4230505 0.4031951 0.42 0.42 0.42 [1] 0.42 0.418765 0.4526083 0.42 0.42 0.42 0.42 0.42 0.42 [2] 0.42 0.398013 0.397606 0.42 0.42 0.42 0.42 0.42 0.42 [3] 0.42 0.42 0.4199184 0.4233538 0.42 0.422795 0.42 0.42 0.42 [4] 0.42 0.42 0.4211103 0.4595526 0.42 0.4476152 0.42 0.42 0.42 [5] 0.42 0.4003974 0.4055613 0.42 0.4001636 0.42 0.42 0.42 0.42 [6] 0.42 0.4157311 0.42 0.4106888 0.42 0.42 0.42 0.42 0.42 [7] 0.42 0.42 0.4270068 0.42 0.42 0.4163601 0.42 0.42 0.42 [8] 0.42 0.42 0.42 0.4197789 0.42 0.42 0.42 0.42 0.42 [9] 0.42 0.4440285 0.42 0.4316241 0.42 0.42 0.42 0.42 0.42 [10] 0.42 0.42 0.4 0.4160195 0.4394341 0.42 0.42 0.42 0.42 [11] 0.42 0.42 0.431096 0.4484278 0.401577 0.42 0.42 0.42 0.42 [12] 0.42 0.4 0.4370121 0.42 0.42 0.42 0.42 0.42 0.42 
[8] 
[0] [0] 0.42 0.42 0.42 0.42 0.42 0.42 0.42 0.42 0.42 [1] 0.42 0.42 0.42 0.42 0.42 0.42 0.42 0.42 0.42 [2] 0.42 0.42 0.42 0.42 0.42 0.42 0.42 0.42 0.42 [3] 0.42 0.42 0.42 0.42 0.42 0.42 0.42 0.42 0.42 [4] 0.42 0.42 0.42 0.42 0.42 0.42 0.42 0.42 0.42 [5] 0.42 0.42 0.42 0.42 0.42 0.42 0.42 0.42 0.42 [6] 0.42 0.42 0.42 0.42 0.42 0.42 0.42 0.42 0.42 [7] 0.42 0.42 0.42 0.42 0.42 0.42 0.42 0.42 0.42 [8] 0.42 0.42 0.42 0.42 0.42 0.42 0.42 0.42 0.42 [9] 0.42 0.42 0.42 0.42 0.42 0.42 0.42 0.42 0.42 [10] 0.42 0.42 0.42 0.42 0.42 0.42 0.42 0.42 0.42 [11] 0.42 0.42 0.42 0.42 0.42 0.42 0.42 0.42 0.42 [12] 0.42 0.42 0.42 0.42 0.42 0.42 0.42 0.42 0.42 
[1] [0] 0.42 0.4599407 0.4787301 0.4568866 0.4681778 0.4299427 0.42 0.42 0.42 [1] 0.42 0.4370107 0.4833109 0.42 0.42 0.42 0.42 0.42 0.42 [2] 0.42 0.3991811 0.3879335 0.42 0.42 0.42 0.42 0.42 0.42 [3] 0.42 0.42 0.4417114 0.4814028 0.42 0.4814383 0.42 0.42 0.42 [4] 0.42 0.42 0.4393508 0.493488 0.42 0.4904941 0.42 0.42 0.42 [5] 0.42 0.41055 0.3978243 0.42 0.4320209 0.42 0.42 0.42 0.42 [6] 0.42 0.4157768 0.42 0.427702 0.42 0.42 0.42 0.42 0.42 [7] 0.42 0.42 0.4071344 0.42 0.42 0.4047242 0.42 0.42 0.42 [8] 0.42 0.42 0.42 0.4787056 0.42 0.42 0.42 0.42 0.42 [9] 0.42 0.4245947 0.42 0.4631218 0.42 0.42 0.42 0.42 0.42 [10] 0.42 0.42 0.4 0.4816984 0.4872696 0.42 0.42 0.42 0.42 [11] 0.42 0.42 0.4401 0.472991 0.3985094 0.42 0.42 0.42 0.42 [12] 0.42 0.42 0.4908563 0.42 0.42 0.42 0.42 0.42 0.42 
[2] [0] 0.42 0.4704421 0.4577616 0.4778435 0.4627932 0.4314897 0.42 0.42 0.42 [1] 0.42 0.4615904 0.4779158 0.42 0.42 0.42 0.42 0.42 0.42 [2] 0.42 0.4067138 0.369644 0.42 0.42 0.42 0.42 0.42 0.42 [3] 0.42 0.42 0.4612263 0.4698719 0.42 0.4541264 0.42 0.42 0.42 [4] 0.42 0.42 0.4520631 0.4794717 0.42 0.4843995 0.42 0.42 0.42 [5] 0.42 0.3974872 0.4217183 0.42 0.4777115 0.42 0.42 0.42 0.42 [6] 0.42 0.4310858 0.42 0.4203922 0.42 0.42 0.42 0.42 0.42 [7] 0.42 0.42 0.4383878 0.42 0.42 0.4346234 0.42 0.42 0.42 [8] 0.42 0.42 0.42 0.4658188 0.42 0.42 0.42 0.42 0.42 [9] 0.42 0.4289763 0.42 0.4598478 0.42 0.42 0.42 0.42 0.42 [10] 0.42 0.42 0.4 0.4835421 0.4789091 0.42 0.42 0.42 0.42 [11] 0.42 0.42 0.4668388 0.473317 0.3942551 0.42 0.42 0.42 0.42 [12] 0.42 0.4 0.4650626 0.42 0.42 0.42 0.42 0.42 0.42 
[9] 
[0] [0] 0.42 0.42 0.42 0.42 0.42 0.42 0.42 0.42 0.42 [1] 0.42 0.42 0.42 0.42 0.42 0.42 0.42 0.42 0.42 [2] 0.42 0.42 0.42 0.42 0.42 0.42 0.42 0.42 0.42 [3] 0.42 0.42 0.42 0.42 0.42 0.42 0.42 0.42 0.42 [4] 0.42 0.42 0.42 0.42 0.42 0.42 0.42 0.42 0.42 [5] 0.42 0.42 0.42 0.42 0.42 0.42 0.42 0.42 0.42 [6] 0.42 0.42 0.42 0.42 0.42 0.42 0.42 0.42 0.42 [7] 0.42 0.42 0.42 0.42 0.42 0.42 0.42 0.42 0.42 [8] 0.42 0.42 0.42 0.42 0.42 0.42 0.42 0.42 0.42 [9] 0.42 0.42 0.42 0.42 0.42 0.42 0.42 0.42 0.42 [10] 0.42 0.42 0.42 0.42 0.42 0.42 0.42 0.42 0.42 [11] 0.42 0.42 0.42 0.42 0.42 0.42 0.42 0.42 0.42 [12] 0.42 0.42 0.42 0.42 0.42 0.42 0.42 0.42 0.42 
[1] [0] 0.42 0.42 0.42 0.42 0.42 0.42 0.42 0.42 0.42 [1] 0.42 0.42 0.42 0.42 0.42 0.42 0.42 0.42 0.42 [2] 0.42 0.42 0.42 0.42 0.42 0.42 0.42 0.42 0.42 [3] 0.42 0.42 0.42 0.42 0.42 0.42 0.42 0.42 0.42 [4] 0.42 0.42 0.42 0.42 0.42 0.42 0.42 0.42 0.42 [5] 0.42 0.42 0.42 0.42 0.42 0.42 0.42 0.42 0.42 [6] 0.42 0.42 0.42 0.42 0.42 0.42 0.42 0.42 0.42 [7] 0.42 0.42 0.42 0.42 0.42 0.42 0.42 0.42 0.42 [8] 0.42 0.42 0.42 0.42 0.42 0.42 0.42 0.42 0.42 [9] 0.42 0.42 0.42 0.42 0.42 0.42 0.42 0.42 0.42 [10] 0.42 0.42 0.42 0.42 0.42 0.42 0.42 0.42 0.42 [11] 0.42 0.42 0.42 0.42 0.42 0.42 0.42 0.42 0.42 [12] 0.42 0.42 0.42 0.42 0.42 0.42 0.42 0.42 0.42 
[2] [0] 0.42 0.4206784 0.4370996 0.4494336 0.4465157 0.4070391 0.42 0.42 0.42 [1] 0.42 0.4140387 0.4509075 0.42 0.42 0.42 0.42 0.42 0.42 [2] 0.42 0.3998052 0.4013964 0.42 0.42 0.42 0.42 0.42 0.42 [3] 0.42 0.42 0.3954775 0.4402066 0.42 0.4057561 0.42 0.42 0.42 [4] 0.42 0.42 0.4075885 0.4432005 0.42 0.4288754 0.42 0.42 0.42 [5] 0.42 0.4042592 0.3992932 0.42 0.4019495 0.42 0.42 0.42 0.42 [6] 0.42 0.4065333 0.42 0.406827 0.42 0.42 0.42 0.42 0.42 [7] 0.42 0.42 0.4099236 0.42 0.42 0.4005438 0.42 0.42 0.42 [8] 0.42 0.42 0.42 0.4125757 0.42 0.42 0.42 0.42 0.42 [9] 0.42 0.4097433 0.42 0.4437955 0.42 0.42 0.42 0.42 0.42 [10] 0.42 0.42 0.4089428 0.4356871 0.4556724 0.42 0.42 0.42 0.42 [11] 0.42 0.42 0.4018596 0.4180038 0.4180002 0.42 0.42 0.42 0.42 [12] 0.42 0.42 0.4492115 0.42 0.42 0.42 0.42 0.42 0.42 
[10] 
[0] [0] 0.42 0.42 0.42 0.42 0.42 0.42 0.42 0.42 0.42 [1] 0.42 0.42 0.42 0.42 0.42 0.42 0.42 0.42 0.42 [2] 0.42 0.42 0.42 0.42 0.42 0.42 0.42 0.42 0.42 [3] 0.42 0.42 0.42 0.42 0.42 0.42 0.42 0.42 0.42 [4] 0.42 0.42 0.42 0.42 0.42 0.42 0.42 0.42 0.42 [5] 0.42 0.42 0.42 0.42 0.42 0.42 0.42 0.42 0.42 [6] 0.42 0.42 0.42 0.42 0.42 0.42 0.42 0.42 0.42 [7] 0.42 0.42 0.42 0.42 0.42 0.42 0.42 0.42 0.42 [8] 0.42 0.42 0.42 0.42 0.42 0.42 0.42 0.42 0.42 [9] 0.42 0.42 0.42 0.42 0.42 0.42 0.42 0.42 0.42 [10] 0.42 0.42 0.42 0.42 0.42 0.42 0.42 0.42 0.42 [11] 0.42 0.42 0.42 0.42 0.42 0.42 0.42 0.42 0.42 [12] 0.42 0.42 0.42 0.42 0.42 0.42 0.42 0.42 0.42 
[1] [0] 0.42 0.4640614 0.4562453 0.4509447 0.4308358 0.4305338 0.42 0.42 0.42 [1] 0.42 0.440667 0.4678207 0.42 0.42 0.42 0.42 0.42 0.42 [2] 0.42 0.4030307 0.3793983 0.42 0.42 0.42 0.42 0.42 0.42 [3] 0.42 0.42 0.4700483 0.4625846 0.42 0.4622243 0.42 0.42 0.42 [4] 0.42 0.42 0.4590169 0.4590482 0.42 0.4657915 0.42 0.42 0.42 [5] 0.42 0.4070292 0.4137543 0.42 0.4546573 0.42 0.42 0.42 0.42 [6] 0.42 0.4295826 0.42 0.4412948 0.42 0.42 0.42 0.42 0.42 [7] 0.42 0.42 0.4276308 0.42 0.42 0.4154524 0.42 0.42 0.42 [8] 0.42 0.42 0.42 0.4686545 0.42 0.42 0.42 0.42 0.42 [9] 0.42 0.4209739 0.42 0.4688786 0.42 0.42 0.42 0.42 0.42 [10] 0.42 0.42 0.4 0.464831 0.4576335 0.42 0.42 0.42 0.42 [11] 0.42 0.42 0.4547955 0.4766175 0.3940772 0.42 0.42 0.42 0.42 [12] 0.42 0.4 0.4584074 0.42 0.42 0.42 0.42 0.42 0.42 
[2] [0] 0.42 0.42 0.42 0.42 0.42 0.42 0.42 0.42 0.42 [1] 0.42 0.42 0.42 0.42 0.42 0.42 0.42 0.42 0.42 [2] 0.42 0.42 0.42 0.42 0.42 0.42 0.42 0.42 0.42 [3] 0.42 0.42 0.42 0.42 0.42 0.42 0.42 0.42 0.42 [4] 0.42 0.42 0.42 0.42 0.42 0.42 0.42 0.42 0.42 [5] 0.42 0.42 0.42 0.42 0.42 0.42 0.42 0.42 0.42 [6] 0.42 0.42 0.42 0.42 0.42 0.42 0.42 0.42 0.42 [7] 0.42 0.42 0.42 0.42 0.42 0.42 0.42 0.42 0.42 [8] 0.42 0.42 0.42 0.42 0.42 0.42 0.42 0.42 0.42 [9] 0.42 0.42 0.42 0.42 0.42 0.42 0.42 0.42 0.42 [10] 0.42 0.42 0.42 0.42 0.42 0.42 0.42 0.42 0.42 [11] 0.42 0.42 0.42 0.42 0.42 0.42 0.42 0.42 0.42 [12] 0.42 0.42 0.42 0.42 0.42 0.42 0.42 0.42 0.42 
[11] 
[0] [0] 0.42 0.4929134 0.4650845 0.4803451 0.4899569 0.4227646 0.42 0.42 0.42 [1] 0.42 0.4276556 0.4797688 0.42 0.42 0.42 0.42 0.42 0.42 [2] 0.42 0.4150958 0.3737564 0.42 0.42 0.42 0.42 0.42 0.42 [3] 0.42 0.42 0.4625505 0.4764274 0.42 0.4427328 0.42 0.42 0.42 [4] 0.42 0.42 0.4202003 0.4696392 0.42 0.4888837 0.42 0.42 0.42 [5] 0.42 0.4145074 0.4252988 0.42 0.4288693 0.42 0.42 0.42 0.42 [6] 0.42 0.419709 0.42 0.4370449 0.42 0.42 0.42 0.42 0.42 [7] 0.42 0.42 0.4238191 0.42 0.42 0.4097588 0.42 0.42 0.42 [8] 0.42 0.42 0.42 0.4556922 0.42 0.42 0.42 0.42 0.42 [9] 0.42 0.427613 0.42 0.4602768 0.42 0.42 0.42 0.42 0.42 [10] 0.42 0.42 0.4 0.4727263 0.4797703 0.42 0.42 0.42 0.42 [11] 0.42 0.42 0.4537602 0.4680165 0.398861 0.42 0.42 0.42 0.42 [12] 0.42 0.4068539 0.4638722 0.42 0.42 0.42 0.42 0.42 0.42 
[1] [0] 0.42 0.42 0.42 0.42 0.42 0.42 0.42 0.42 0.42 [1] 0.42 0.42 0.42 0.42 0.42 0.42 0.42 0.42 0.42 [2] 0.42 0.42 0.42 0.42 0.42 0.42 0.42 0.42 0.42 [3] 0.42 0.42 0.42 0.42 0.42 0.42 0.42 0.42 0.42 [4] 0.42 0.42 0.42 0.42 0.42 0.42 0.42 0.42 0.42 [5] 0.42 0.42 0.42 0.42 0.42 0.42 0.42 0.42 0.42 [6] 0.42 0.42 0.42 0.42 0.42 0.42 0.42 0.42 0.42 [7] 0.42 0.42 0.42 0.42 0.42 0.42 0.42 0.42 0.42 [8] 0.42 0.42 0.42 0.42 0.42 0.42 0.42 0.42 0.42 [9] 0.42 0.42 0.42 0.42 0.42 0.42 0.42 0.42 0.42 [10] 0.42 0.42 0.42 0.42 0.42 0.42 0.42 0.42 0.42 [11] 0.42 0.42 0.42 0.42 0.42 0.42 0.42 0.42 0.42 [12] 0.42 0.42 0.42 0.42 0.42 0.42 0.42 0.42 0.42 
[2] [0] 0.42 0.42 0.42 0.42 0.42 0.42 0.42 0.42 0.42 [1] 0.42 0.42 0.42 0.42 0.42 0.42 0.42 0.42 0.42 [2] 0.42 0.42 0.42 0.42 0.42 0.42 0.42 0.42 0.42 [3] 0.42 0.42 0.42 0.42 0.42 0.42 0.42 0.42 0.42 [4] 0.42 0.42 0.42 0.42 0.42 0.42 0.42 0.42 0.42 [5] 0.42 0.42 0.42 0.42 0.42 0.42 0.42 0.42 0.42 [6] 0.42 0.42 0.42 0.42 0.42 0.42 0.42 0.42 0.42 [7] 0.42 0.42 0.42 0.42 0.42 0.42 0.42 0.42 0.42 [8] 0.42 0.42 0.42 0.42 0.42 0.42 0.42 0.42 0.42 [9] 0.42 0.42 0.42 0.42 0.42 0.42 0.42 0.42 0.42 [10] 0.42 0.42 0.42 0.42 0.42 0.42 0.42 0.42 0.42 [11] 0.42 0.42 0.42 0.42 0.42 0.42 0.42 0.42 0.42 [12] 0.42 0.42 0.42 0.42 0.42 0.42 0.42 0.42 0.42 
[12] 
[0] [0] 0.42 0.42 0.42 0.42 0.42 0.42 0.42 0.42 0.42 [1] 0.42 0.42 0.42 0.42 0.42 0.42 0.42 0.42 0.42 [2] 0.42 0.42 0.42 0.42 0.42 0.42 0.42 0.42 0.42 [3] 0.42 0.42 0.42 0.42 0.42 0.42 0.42 0.42 0.42 [4] 0.42 0.42 0.42 0.42 0.42 0.42 0.42 0.42 0.42 [5] 0.42 0.42 0.42 0.42 0.42 0.42 0.42 0.42 0.42 [6] 0.42 0.42 0.42 0.42 0.42 0.42 0.42 0.42 0.42 [7] 0.42 0.42 0.42 0.42 0.42 0.42 0.42 0.42 0.42 [8] 0.42 0.42 0.42 0.42 0.42 0.42 0.42 0.42 0.42 [9] 0.42 0.42 0.42 0.42 0.42 0.42 0.42 0.42 0.42 [10] 0.42 0.42 0.42 0.42 0.42 0.42 0.42 0.42 0.42 [11] 0.42 0.42 0.42 0.42 0.42 0.42 0.42 0.42 0.42 [12] 0.42 0.42 0.42 0.42 0.42 0.42 0.42 0.42 0.42 
[1] [0] 0.42 0.42 0.42 0.42 0.42 0.42 0.42 0.42 0.42 [1] 0.42 0.42 0.42 0.42 0.42 0.42 0.42 0.42 0.42 [2] 0.42 0.42 0.42 0.42 0.42 0.42 0.42 0.42 0.42 [3] 0.42 0.42 0.42 0.42 0.42 0.42 0.42 0.42 0.42 [4] 0.42 0.42 0.42 0.42 0.42 0.42 0.42 0.42 0.42 [5] 0.42 0.42 0.42 0.42 0.42 0.42 0.42 0.42 0.42 [6] 0.42 0.42 0.42 0.42 0.42 0.42 0.42 0.42 0.42 [7] 0.42 0.42 0.42 0.42 0.42 0.42 0.42 0.42 0.42 [8] 0.42 0.42 0.42 0.42 0.42 0.42 0.42 0.42 0.42 [9] 0.42 0.42 0.42 0.42 0.42 0.42 0.42 0.42 0.42 [10] 0.42 0.42 0.42 0.42 0.42 0.42 0.42 0.42 0.42 [11] 0.42 0.42 0.42 0.42 0.42 0.42 0.42 0.42 0.42 [12] 0.42 0.42 0.42 0.42 0.42 0.42 0.42 0.42 0.42 
[2] [0] 0.42 0.4534369 0.4693865 0.4785648 0.4788709 0.4320637 0.42 0.42 0.42 [1] 0.42 0.4575532 0.4892864 0.42 0.42 0.42 0.42 0.42 0.42 [2] 0.42 0.4065707 0.3955017 0.42 0.42 0.42 0.42 0.42 0.42 [3] 0.42 0.42 0.4205893 0.46346 0.42 0.462447 0.42 0.42 0.42 [4] 0.42 0.42 0.4308196 0.4873502 0.42 0.4950908 0.42 0.42 0.42 [5] 0.42 0.3988033 0.4080808 0.42 0.4115982 0.42 0.42 0.42 0.42 [6] 0.42 0.4119951 0.42 0.4028942 0.42 0.42 0.42 0.42 0.42 [7] 0.42 0.42 0.4301007 0.42 0.42 0.4280419 0.42 0.42 0.42 [8] 0.42 0.42 0.42 0.4330817 0.42 0.42 0.42 0.42 0.42 [9] 0.42 0.4265957 0.42 0.4619804 0.42 0.42 0.42 0.42 0.42 [10] 0.42 0.42 0.4 0.4739058 0.481683 0.42 0.42 0.42 0.42 [11] 0.42 0.42 0.4432769 0.4633024 0.3966279 0.42 0.42 0.42 0.42 [12] 0.42 0.4 0.4907735 0.42 0.42 0.42 0.42 0.42 0.42 
[13] 
[0] [0] 0.42 0.42 0.42 0.42 0.42 0.42 0.42 0.42 0.42 [1] 0.42 0.42 0.42 0.42 0.42 0.42 0.42 0.42 0.42 [2] 0.42 0.42 0.42 0.42 0.42 0.42 0.42 0.42 0.42 [3] 0.42 0.42 0.42 0.42 0.42 0.42 0.42 0.42 0.42 [4] 0.42 0.42 0.42 0.42 0.42 0.42 0.42 0.42 0.42 [5] 0.42 0.42 0.42 0.42 0.42 0.42 0.42 0.42 0.42 [6] 0.42 0.42 0.42 0.42 0.42 0.42 0.42 0.42 0.42 [7] 0.42 0.42 0.42 0.42 0.42 0.42 0.42 0.42 0.42 [8] 0.42 0.42 0.42 0.42 0.42 0.42 0.42 0.42 0.42 [9] 0.42 0.42 0.42 0.42 0.42 0.42 0.42 0.42 0.42 [10] 0.42 0.42 0.42 0.42 0.42 0.42 0.42 0.42 0.42 [11] 0.42 0.42 0.42 0.42 0.42 0.42 0.42 0.42 0.42 [12] 0.42 0.42 0.42 0.42 0.42 0.42 0.42 0.42 0.42 
[1] [0] 0.42 0.4010713 0.4427047 0.4278986 0.4441938 0.3994014 0.42 0.42 0.42 [1] 0.42 0.406264 0.4235989 0.42 0.42 0.42 0.42 0.42 0.42 [2] 0.42 0.4010115 0.3984034 0.42 0.42 0.42 0.42 0.42 0.42 [3] 0.42 0.42 0.3970336 0.4239081 0.42 0.4076059 0.42 0.42 0.42 [4] 0.42 0.42 0.4032049 0.4446208 0.42 0.4321031 0.42 0.42 0.42 [5] 0.42 0.4085648 0.399001 0.42 0.4026744 0.42 0.42 0.42 0.42 [6] 0.42 0.4083387 0.42 0.4001968 0.42 0.42 0.42 0.42 0.42 [7] 0.42 0.42 0.4093904 0.42 0.42 0.4095028 0.42 0.42 0.42 [8] 0.42 0.42 0.42 0.4018349 0.42 0.42 0.42 0.42 0.42 [9] 0.42 0.4021884 0.42 0.4095932 0.42 0.42 0.42 0.42 0.42 [10] 0.42 0.42 0.4047369 0.427832 0.4390541 0.42 0.42 0.42 0.42 [11] 0.42 0.42 0.4100289 0.4122507 0.4097883 0.42 0.42 0.42 0.42 [12] 0.42 0.42 0.4475786 0.42 0.42 0.42 0.42 0.42 0.42 
[2] [0] 0.42 0.4860821 0.458897 0.4607657 0.4504516 0.4154212 0.42 0.42 0.42 [1] 0.42 0.4408822 0.4760908 0.42 0.42 0.42 0.42 0.42 0.42 [2] 0.42 0.401185 0.3807636 0.42 0.42 0.42 0.42 0.42 0.42 [3] 0.42 0.42 0.4563413 0.4684343 0.42 0.4537877 0.42 0.42 0.42 [4] 0.42 0.42 0.4439055 0.476478 0.42 0.4837798 0.42 0.42 0.42 [5] 0.42 0.4034894 0.3904953 0.42 0.4296947 0.42 0.42 0.42 0.42 [6] 0.42 0.4122921 0.42 0.431832 0.42 0.42 0.42 0.42 0.42 [7] 0.42 0.42 0.4311933 0.42 0.42 0.4185242 0.42 0.42 0.42 [8] 0.42 0.42 0.42 0.4562239 0.42 0.42 0.42 0.42 0.42 [9] 0.42 0.437952 0.42 0.476956 0.42 0.42 0.42 0.42 0.42 [10] 0.42 0.42 0.4 0.4808007 0.4755101 0.42 0.42 0.42 0.42 [11] 0.42 0.42 0.4557261 0.4705356 0.3908528 0.42 0.42 0.42 0.42 [12] 0.42 0.4 0.4843715 0.42 0.42 0.42 0.42 0.42 0.42 
[14] 
[0] [0] 0.42 0.42 0.42 0.42 0.42 0.42 0.42 0.42 0.42 [1] 0.42 0.42 0.42 0.42 0.42 0.42 0.42 0.42 0.42 [2] 0.42 0.42 0.42 0.42 0.42 0.42 0.42 0.42 0.42 [3] 0.42 0.42 0.42 0.42 0.42 0.42 0.42 0.42 0.42 [4] 0.42 0.42 0.42 0.42 0.42 0.42 0.42 0.42 0.42 [5] 0.42 0.42 0.42 0.42 0.42 0.42 0.42 0.42 0.42 [6] 0.42 0.42 0.42 0.42 0.42 0.42 0.42 0.42 0.42 [7] 0.42 0.42 0.42 0.42 0.42 0.42 0.42 0.42 0.42 [8] 0.42 0.42 0.42 0.42 0.42 0.42 0.42 0.42 0.42 [9] 0.42 0.42 0.42 0.42 0.42 0.42 0.42 0.42 0.42 [10] 0.42 0.42 0.42 0.42 0.42 0.42 0.42 0.42 0.42 [11] 0.42 0.42 0.42 0.42 0.42 0.42 0.42 0.42 0.42 [12] 0.42 0.42 0.42 0.42 0.42 0.42 0.42 0.42 0.42 
[1] [0] 0.42 0.4648558 0.4629155 0.4614773 0.4402716 0.424979 0.42 0.42 0.42 [1] 0.42 0.431352 0.454195 0.42 0.42 0.42 0.42 0.42 0.42 [2] 0.42 0.4019324 0.3801802 0.42 0.42 0.42 0.42 0.42 0.42 [3] 0.42 0.42 0.4380118 0.459536 0.42 0.464492 0.42 0.42 0.42 [4] 0.42 0.42 0.4486173 0.4605751 0.42 0.4740869 0.42 0.42 0.42 [5] 0.42 0.4108011 0.4180911 0.42 0.4436621 0.42 0.42 0.42 0.42 [6] 0.42 0.4258089 0.42 0.4202007 0.42 0.42 0.42 0.42 0.42 [7] 0.42 0.42 0.4247199 0.42 0.42 0.4305921 0.42 0.42 0.42 [8] 0.42 0.42 0.42 0.4586048 0.42 0.42 0.42 0.42 0.42 [9] 0.42 0.4081728 0.42 0.4599586 0.42 0.42 0.42 0.42 0.42 [10] 0.42 0.42 0.4221383 0.4746147 0.4703254 0.42 0.42 0.42 0.42 [11] 0.42 0.42 0.4213757 0.4747733 0.4038077 0.42 0.42 0.42 0.42 [12] 0.42 0.42 0.465565 0.42 0.42 0.42 0.42 0.42 0.42 
[2] [0] 0.42 0.4 0.4 0.4 0.4 0.4038211 0.42 0.42 0.42 [1] 0.42 0.4 0.4 0.42 0.42 0.42 0.42 0.42 0.42 [2] 0.42 0.4 0.4 0.42 0.42 0.42 0.42 0.42 0.42 [3] 0.42 0.42 0.4 0.4 0.42 0.4157773 0.42 0.42 0.42 [4] 0.42 0.42 0.4091147 0.4 0.42 0.4029577 0.42 0.42 0.42 [5] 0.42 0.4174649 0.408033 0.42 0.4030837 0.42 0.42 0.42 0.42 [6] 0.42 0.4 0.42 0.4195507 0.42 0.42 0.42 0.42 0.42 [7] 0.42 0.42 0.4196048 0.42 0.42 0.4136233 0.42 0.42 0.42 [8] 0.42 0.42 0.42 0.4173732 0.42 0.42 0.42 0.42 0.42 [9] 0.42 0.4135098 0.42 0.4113862 0.42 0.42 0.42 0.42 0.42 [10] 0.42 0.42 0.4147799 0.4195318 0.415057 0.42 0.42 0.42 0.42 [11] 0.42 0.42 0.4 0.4111983 0.42 0.42 0.42 0.42 0.42 [12] 0.42 0.42 0.4 0.416601 0.42 0.42 0.42 0.42 0.42 
[15] 
[0] [0] 0.42 0.42 0.42 0.42 0.42 0.42 0.42 0.42 0.42 [1] 0.42 0.42 0.42 0.42 0.42 0.42 0.42 0.42 0.42 [2] 0.42 0.42 0.42 0.42 0.42 0.42 0.42 0.42 0.42 [3] 0.42 0.42 0.42 0.42 0.42 0.42 0.42 0.42 0.42 [4] 0.42 0.42 0.42 0.42 0.42 0.42 0.42 0.42 0.42 [5] 0.42 0.42 0.42 0.42 0.42 0.42 0.42 0.42 0.42 [6] 0.42 0.42 0.42 0.42 0.42 0.42 0.42 0.42 0.42 [7] 0.42 0.42 0.42 0.42 0.42 0.42 0.42 0.42 0.42 [8] 0.42 0.42 0.42 0.42 0.42 0.42 0.42 0.42 0.42 [9] 0.42 0.42 0.42 0.42 0.42 0.42 0.42 0.42 0.42 [10] 0.42 0.42 0.42 0.42 0.42 0.42 0.42 0.42 0.42 [11] 0.42 0.42 0.42 0.42 0.42 0.42 0.42 0.42 0.42 [12] 0.42 0.42 0.42 0.42 0.42 0.42 0.42 0.42 0.42 
[1] [0] 0.42 0.4353814 0.4523948 0.456508 0.4420324 0.4049755 0.42 0.42 0.42 [1] 0.42 0.4027472 0.4509664 0.42 0.42 0.42 0.42 0.42 0.42 [2] 0.42 0.413747 0.3927181 0.42 0.42 0.42 0.42 0.42 0.42 [3] 0.42 0.42 0.4334065 0.4627286 0.42 0.4511483 0.42 0.42 0.42 [4] 0.42 0.42 0.4382662 0.4554459 0.42 0.4652662 0.42 0.42 0.42 [5] 0.42 0.4162329 0.4134658 0.42 0.4016814 0.42 0.42 0.42 0.42 [6] 0.42 0.4063221 0.42 0.4149227 0.42 0.42 0.42 0.42 0.42 [7] 0.42 0.42 0.4187405 0.42 0.42 0.4247793 0.42 0.42 0.42 [8] 0.42 0.42 0.42 0.4691301 0.42 0.42 0.42 0.42 0.42 [9] 0.42 0.4174601 0.42 0.4398449 0.42 0.42 0.42 0.42 0.42 [10] 0.42 0.42 0.4107126 0.45536 0.4557815 0.42 0.42 0.42 0.42 [11] 0.42 0.42 0.4082758 0.4541599 0.4084258 0.42 0.42 0.42 0.42 [12] 0.42 0.42 0.4676888 0.4 0.42 0.42 0.42 0.42 0.42 
[2] [0] 0.42 0.4750728 0.468893 0.466719 0.4541222 0.4131041 0.42 0.42 0.42 [1] 0.42 0.4284057 0.4724432 0.42 0.42 0.42 0.42 0.42 0.42 [2] 0.42 0.4025082 0.3563643 0.42 0.42 0.42 0.42 0.42 0.42 [3] 0.42 0.42 0.442535 0.4720846 0.42 0.4528867 0.42 0.42 0.42 [4] 0.42 0.42 0.4352143 0.4778047 0.42 0.4824604 0.42 0.42 0.42 [5] 0.42 0.4028489 0.4096697 0.42 0.4361324 0.42 0.42 0.42 0.42 [6] 0.42 0.4064392 0.42 0.4374801 0.42 0.42 0.42 0.42 0.42 [7] 0.42 0.42 0.4181483 0.42 0.42 0.4302324 0.42 0.42 0.42 [8] 0.42 0.42 0.42 0.4593754 0.42 0.42 0.42 0.42 0.42 [9] 0.42 0.4236344 0.42 0.4448245 0.42 0.42 0.42 0.42 0.42 [10] 0.42 0.42 0.4081968 0.4454526 0.4727211 0.42 0.42 0.42 0.42 [11] 0.42 0.42 0.4543973 0.4624587 0.3942766 0.42 0.42 0.42 0.42 [12] 0.42 0.42 0.4658867 0.4073147 0.42 0.42 0.42 0.42 0.42 
[16] 
[0] [0] 0.42 0.42 0.42 0.42 0.42 0.42 0.42 0.42 0.42 [1] 0.42 0.42 0.42 0.42 0.42 0.42 0.42 0.42 0.42 [2] 0.42 0.42 0.42 0.42 0.42 0.42 0.42 0.42 0.42 [3] 0.42 0.42 0.42 0.42 0.42 0.42 0.42 0.42 0.42 [4] 0.42 0.42 0.42 0.42 0.42 0.42 0.42 0.42 0.42 [5] 0.42 0.42 0.42 0.42 0.42 0.42 0.42 0.42 0.42 [6] 0.42 0.42 0.42 0.42 0.42 0.42 0.42 0.42 0.42 [7] 0.42 0.42 0.42 0.42 0.42 0.42 0.42 0.42 0.42 [8] 0.42 0.42 0.42 0.42 0.42 0.42 0.42 0.42 0.42 [9] 0.42 0.42 0.42 0.42 0.42 0.42 0.42 0.42 0.42 [10] 0.42 0.42 0.42 0.42 0.42 0.42 0.42 0.42 0.42 [11] 0.42 0.42 0.42 0.42 0.42 0.42 0.42 0.42 0.42 [12] 0.42 0.42 0.42 0.42 0.42 0.42 0.42 0.42 0.42 
[1] [0] 0.42 0.49279 0.4693918 0.4803558 0.4763592 0.4120582 0.42 0.42 0.42 [1] 0.42 0.4510041 0.461183 0.42 0.42 0.42 0.42 0.42 0.42 [2] 0.42 0.3973544 0.380574 0.42 0.42 0.42 0.42 0.42 0.42 [3] 0.42 0.42 0.4450645 0.4739579 0.42 0.4505602 0.42 0.42 0.42 [4] 0.42 0.42 0.4586091 0.4817899 0.42 0.4937667 0.42 0.42 0.42 [5] 0.42 0.3952167 0.4131666 0.42 0.4300528 0.42 0.42 0.42 0.42 [6] 0.42 0.4087186 0.42 0.4274721 0.42 0.42 0.42 0.42 0.42 [7] 0.42 0.42 0.4227888 0.42 0.42 0.4097711 0.42 0.42 0.42 [8] 0.42 0.42 0.42 0.4663774 0.42 0.42 0.42 0.42 0.42 [9] 0.42 0.4130017 0.42 0.4685131 0.42 0.42 0.42 0.42 0.42 [10] 0.42 0.42 0.4 0.477347 0.4844468 0.42 0.42 0.42 0.42 [11] 0.42 0.42 0.4263189 0.4820691 0.3905654 0.42 0.42 0.42 0.42 [12] 0.42 0.42 0.4799267 0.42 0.42 0.42 0.42 0.42 0.42 
[2] [0] 0.42 0.42 0.42 0.42 0.42 0.42 0.42 0.42 0.42 [1] 0.42 0.42 0.42 0.42 0.42 0.42 0.42 0.42 0.42 [2] 0.42 0.42 0.42 0.42 0.42 0.42 0.42 0.42 0.42 [3] 0.42 0.42 0.42 0.42 0.42 0.42 0.42 0.42 0.42 [4] 0.42 0.42 0.42 0.42 0.42 0.42 0.42 0.42 0.42 [5] 0.42 0.42 0.42 0.42 0.42 0.42 0.42 0.42 0.42 [6] 0.42 0.42 0.42 0.42 0.42 0.42 0.42 0.42 0.42 [7] 0.42 0.42 0.42 0.42 0.42 0.42 0.42 0.42 0.42 [8] 0.42 0.42 0.42 0.42 0.42 0.42 0.42 0.42 0.42 [9] 0.42 0.42 0.42 0.42 0.42 0.42 0.42 0.42 0.42 [10] 0.42 0.42 0.42 0.42 0.42 0.42 0.42 0.42 0.42 [11] 0.42 0.42 0.42 0.42 0.42 0.42 0.42 0.42 0.42 [12] 0.42 0.42 0.42 0.42 0.42 0.42 0.42 0.42 0.42 
[17] 
[0] [0] 0.42 0.42 0.42 0.42 0.42 0.42 0.42 0.42 0.42 [1] 0.42 0.42 0.42 0.42 0.42 0.42 0.42 0.42 0.42 [2] 0.42 0.42 0.42 0.42 0.42 0.42 0.42 0.42 0.42 [3] 0.42 0.42 0.42 0.42 0.42 0.42 0.42 0.42 0.42 [4] 0.42 0.42 0.42 0.42 0.42 0.42 0.42 0.42 0.42 [5] 0.42 0.42 0.42 0.42 0.42 0.42 0.42 0.42 0.42 [6] 0.42 0.42 0.42 0.42 0.42 0.42 0.42 0.42 0.42 [7] 0.42 0.42 0.42 0.42 0.42 0.42 0.42 0.42 0.42 [8] 0.42 0.42 0.42 0.42 0.42 0.42 0.42 0.42 0.42 [9] 0.42 0.42 0.42 0.42 0.42 0.42 0.42 0.42 0.42 [10] 0.42 0.42 0.42 0.42 0.42 0.42 0.42 0.42 0.42 [11] 0.42 0.42 0.42 0.42 0.42 0.42 0.42 0.42 0.42 [12] 0.42 0.42 0.42 0.42 0.42 0.42 0.42 0.42 0.42 
[1] [0] 0.42 0.3965902 0.3778129 0.3780125 0.3980586 0.3968191 0.42 0.42 0.42 [1] 0.42 0.3952403 0.3894247 0.42 0.42 0.42 0.42 0.42 0.42 [2] 0.42 0.39801 0.398604 0.42 0.42 0.42 0.42 0.42 0.42 [3] 0.42 0.42 0.3939542 0.3941033 0.42 0.4016275 0.42 0.42 0.42 [4] 0.42 0.42 0.3975385 0.3937804 0.42 0.3974063 0.42 0.42 0.42 [5] 0.42 0.4029499 0.3962194 0.42 0.3991417 0.42 0.42 0.42 0.42 [6] 0.42 0.3997932 0.42 0.4010878 0.42 0.42 0.42 0.42 0.42 [7] 0.42 0.42 0.4035708 0.42 0.42 0.4064933 0.42 0.42 0.42 [8] 0.42 0.42 0.42 0.4056193 0.42 0.42 0.42 0.42 0.42 [9] 0.42 0.4076996 0.42 0.3967026 0.42 0.42 0.42 0.42 0.42 [10] 0.42 0.42 0.4134356 0.4073759 0.3946417 0.42 0.42 0.42 0.42 [11] 0.42 0.42 0.3978162 0.4081696 0.4087173 0.42 0.42 0.42 0.42 [12] 0.42 0.42 0.3869202 0.4 0.42 0.42 0.42 0.42 0.42 
[2] [0] 0.42 0.4 0.4 0.4 0.4 0.42 0.42 0.42 0.42 [1] 0.42 0.4 0.402977 0.42 0.42 0.42 0.42 0.42 0.42 [2] 0.42 0.4 0.4 0.42 0.42 0.42 0.42 0.42 0.42 [3] 0.42 0.42 0.4 0.4 0.42 0.42 0.42 0.42 0.42 [4] 0.42 0.42 0.42 0.4 0.42 0.4 0.42 0.42 0.42 [5] 0.42 0.4 0.4146814 0.42 0.410192 0.42 0.42 0.42 0.42 [6] 0.42 0.4 0.42 0.4057826 0.42 0.42 0.42 0.42 0.42 [7] 0.42 0.42 0.4150746 0.42 0.42 0.42 0.42 0.42 0.42 [8] 0.42 0.42 0.42 0.4199121 0.42 0.42 0.42 0.42 0.42 [9] 0.42 0.42 0.42 0.42 0.42 0.42 0.42 0.42 0.42 [10] 0.42 0.42 0.4054259 0.42 0.42 0.42 0.42 0.42 0.42 [11] 0.42 0.42 0.4 0.42 0.42 0.42 0.42 0.42 0.42 [12] 0.42 0.42 0.4 0.4 0.42 0.42 0.42 0.42 0.42 
[18] 
[0] [0] 0.42 0.42 0.42 0.42 0.42 0.42 0.42 0.42 0.42 [1] 0.42 0.42 0.42 0.42 0.42 0.42 0.42 0.42 0.42 [2] 0.42 0.42 0.42 0.42 0.42 0.42 0.42 0.42 0.42 [3] 0.42 0.42 0.42 0.42 0.42 0.42 0.42 0.42 0.42 [4] 0.42 0.42 0.42 0.42 0.42 0.42 0.42 0.42 0.42 [5] 0.42 0.42 0.42 0.42 0.42 0.42 0.42 0.42 0.42 [6] 0.42 0.42 0.42 0.42 0.42 0.42 0.42 0.42 0.42 [7] 0.42 0.42 0.42 0.42 0.42 0.42 0.42 0.42 0.42 [8] 0.42 0.42 0.42 0.42 0.42 0.42 0.42 0.42 0.42 [9] 0.42 0.42 0.42 0.42 0.42 0.42 0.42 0.42 0.42 [10] 0.42 0.42 0.42 0.42 0.42 0.42 0.42 0.42 0.42 [11] 0.42 0.42 0.42 0.42 0.42 0.42 0.42 0.42 0.42 [12] 0.42 0.42 0.42 0.42 0.42 0.42 0.42 0.42 0.42 
[1] [0] 0.42 0.4007711 0.4406162 0.4174886 0.4617153 0.4131571 0.42 0.42 0.42 [1] 0.42 0.4153867 0.4243951 0.42 0.42 0.42 0.42 0.42 0.42 [2] 0.42 0.399998 0.3994024 0.42 0.42 0.42 0.42 0.42 0.42 [3] 0.42 0.42 0.4101658 0.4235465 0.42 0.4286776 0.42 0.42 0.42 [4] 0.42 0.42 0.4037 0.4092411 0.42 0.4360228 0.42 0.42 0.42 [5] 0.42 0.4118506 0.3996 0.42 0.4006219 0.42 0.42 0.42 0.42 [6] 0.42 0.4169427 0.42 0.4135577 0.42 0.42 0.42 0.42 0.42 [7] 0.42 0.42 0.4136452 0.42 0.42 0.4119107 0.42 0.42 0.42 [8] 0.42 0.42 0.42 0.4106973 0.42 0.42 0.42 0.42 0.42 [9] 0.42 0.4200649 0.42 0.414808 0.42 0.42 0.42 0.42 0.42 [10] 0.42 0.42 0.4127263 0.4265513 0.4376867 0.42 0.42 0.42 0.42 [11] 0.42 0.42 0.4105547 0.4189368 0.4114294 0.42 0.42 0.42 0.42 [12] 0.42 0.42 0.4361725 0.42 0.42 0.42 0.42 0.42 0.42 
[2] [0] 0.42 0.42 0.42 0.42 0.42 0.42 0.42 0.42 0.42 [1] 0.42 0.42 0.42 0.42 0.42 0.42 0.42 0.42 0.42 [2] 0.42 0.42 0.42 0.42 0.42 0.42 0.42 0.42 0.42 [3] 0.42 0.42 0.42 0.42 0.42 0.42 0.42 0.42 0.42 [4] 0.42 0.42 0.42 0.42 0.42 0.42 0.42 0.42 0.42 [5] 0.42 0.42 0.42 0.42 0.42 0.42 0.42 0.42 0.42 [6] 0.42 0.42 0.42 0.42 0.42 0.42 0.42 0.42 0.42 [7] 0.42 0.42 0.42 0.42 0.42 0.42 0.42 0.42 0.42 [8] 0.42 0.42 0.42 0.42 0.42 0.42 0.42 0.42 0.42 [9] 0.42 0.42 0.42 0.42 0.42 0.42 0.42 0.42 0.42 [10] 0.42 0.42 0.42 0.42 0.42 0.42 0.42 0.42 0.42 [11] 0.42 0.42 0.42 0.42 0.42 0.42 0.42 0.42 0.42 [12] 0.42 0.42 0.42 0.42 0.42 0.42 0.42 0.42 0.42 
[19] 
[0] [0] 0.42 0.42 0.42 0.42 0.42 0.42 0.42 0.42 0.42 [1] 0.42 0.42 0.42 0.42 0.42 0.42 0.42 0.42 0.42 [2] 0.42 0.42 0.42 0.42 0.42 0.42 0.42 0.42 0.42 [3] 0.42 0.42 0.42 0.42 0.42 0.42 0.42 0.42 0.42 [4] 0.42 0.42 0.42 0.42 0.42 0.42 0.42 0.42 0.42 [5] 0.42 0.42 0.42 0.42 0.42 0.42 0.42 0.42 0.42 [6] 0.42 0.42 0.42 0.42 0.42 0.42 0.42 0.42 0.42 [7] 0.42 0.42 0.42 0.42 0.42 0.42 0.42 0.42 0.42 [8] 0.42 0.42 0.42 0.42 0.42 0.42 0.42 0.42 0.42 [9] 0.42 0.42 0.42 0.42 0.42 0.42 0.42 0.42 0.42 [10] 0.42 0.42 0.42 0.42 0.42 0.42 0.42 0.42 0.42 [11] 0.42 0.42 0.42 0.42 0.42 0.42 0.42 0.42 0.42 [12] 0.42 0.42 0.42 0.42 0.42 0.42 0.42 0.42 0.42 
[1] [0] 0.42 0.42 0.42 0.42 0.42 0.42 0.42 0.42 0.42 [1] 0.42 0.42 0.42 0.42 0.42 0.42 0.42 0.42 0.42 [2] 0.42 0.42 0.42 0.42 0.42 0.42 0.42 0.42 0.42 [3] 0.42 0.42 0.42 0.42 0.42 0.42 0.42 0.42 0.42 [4] 0.42 0.42 0.42 0.42 0.42 0.42 0.42 0.42 0.42 [5] 0.42 0.42 0.42 0.42 0.42 0.42 0.42 0.42 0.42 [6] 0.42 0.42 0.42 0.42 0.42 0.42 0.42 0.42 0.42 [7] 0.42 0.42 0.42 0.42 0.42 0.42 0.42 0.42 0.42 [8] 0.42 0.42 0.42 0.42 0.42 0.42 0.42 0.42 0.42 [9] 0.42 0.42 0.42 0.42 0.42 0.42 0.42 0.42 0.42 [10] 0.42 0.42 0.42 0.42 0.42 0.42 0.42 0.42 0.42 [11] 0.42 0.42 0.42 0.42 0.42 0.42 0.42 0.42 0.42 [12] 0.42 0.42 0.42 0.42 0.42 0.42 0.42 0.42 0.42 
[2] [0] 0.42 0.4883698 0.464954 0.458923 0.4652849 0.4201868 0.42 0.42 0.42 [1] 0.42 0.4270767 0.4828847 0.42 0.42 0.42 0.42 0.42 0.42 [2] 0.42 0.3945655 0.3879007 0.42 0.42 0.42 0.42 0.42 0.42 [3] 0.42 0.42 0.4420403 0.4623742 0.42 0.4574402 0.42 0.42 0.42 [4] 0.42 0.42 0.4469604 0.4910678 0.42 0.4850796 0.42 0.42 0.42 [5] 0.42 0.402484 0.4141586 0.42 0.4213146 0.42 0.42 0.42 0.42 [6] 0.42 0.4202943 0.42 0.4406339 0.42 0.42 0.42 0.42 0.42 [7] 0.42 0.42 0.4520431 0.42 0.42 0.4240183 0.42 0.42 0.42 [8] 0.42 0.42 0.42 0.44578 0.42 0.42 0.42 0.42 0.42 [9] 0.42 0.4217618 0.42 0.4688162 0.42 0.42 0.42 0.42 0.42 [10] 0.42 0.42 0.4150248 0.4739395 0.475748 0.42 0.42 0.42 0.42 [11] 0.42 0.42 0.4316733 0.4752459 0.4137265 0.42 0.42 0.42 0.42 [12] 0.42 0.42 0.4678843 0.42 0.42 0.42 0.42 0.42 0.42 
[20] 
[0] [0] 0.42 0.42 0.42 0.42 0.42 0.42 0.42 0.42 0.42 [1] 0.42 0.42 0.42 0.42 0.42 0.42 0.42 0.42 0.42 [2] 0.42 0.42 0.42 0.42 0.42 0.42 0.42 0.42 0.42 [3] 0.42 0.42 0.42 0.42 0.42 0.42 0.42 0.42 0.42 [4] 0.42 0.42 0.42 0.42 0.42 0.42 0.42 0.42 0.42 [5] 0.42 0.42 0.42 0.42 0.42 0.42 0.42 0.42 0.42 [6] 0.42 0.42 0.42 0.42 0.42 0.42 0.42 0.42 0.42 [7] 0.42 0.42 0.42 0.42 0.42 0.42 0.42 0.42 0.42 [8] 0.42 0.42 0.42 0.42 0.42 0.42 0.42 0.42 0.42 [9] 0.42 0.42 0.42 0.42 0.42 0.42 0.42 0.42 0.42 [10] 0.42 0.42 0.42 0.42 0.42 0.42 0.42 0.42 0.42 [11] 0.42 0.42 0.42 0.42 0.42 0.42 0.42 0.42 0.42 [12] 0.42 0.42 0.42 0.42 0.42 0.42 0.42 0.42 0.42 
[1] [0] 0.42 0.42 0.42 0.42 0.42 0.42 0.42 0.42 0.42 [1] 0.42 0.42 0.42 0.42 0.42 0.42 0.42 0.42 0.42 [2] 0.42 0.42 0.42 0.42 0.42 0.42 0.42 0.42 0.42 [3] 0.42 0.42 0.42 0.42 0.42 0.42 0.42 0.42 0.42 [4] 0.42 0.42 0.42 0.42 0.42 0.42 0.42 0.42 0.42 [5] 0.42 0.42 0.42 0.42 0.42 0.42 0.42 0.42 0.42 [6] 0.42 0.42 0.42 0.42 0.42 0.42 0.42 0.42 0.42 [7] 0.42 0.42 0.42 0.42 0.42 0.42 0.42 0.42 0.42 [8] 0.42 0.42 0.42 0.42 0.42 0.42 0.42 0.42 0.42 [9] 0.42 0.42 0.42 0.42 0.42 0.42 0.42 0.42 0.42 [10] 0.42 0.42 0.42 0.42 0.42 0.42 0.42 0.42 0.42 [11] 0.42 0.42 0.42 0.42 0.42 0.42 0.42 0.42 0.42 [12] 0.42 0.42 0.42 0.42 0.42 0.42 0.42 0.42 0.42 
[2] [0] 0.42 0.4658833 0.4637004 0.4352222 0.4293519 0.4045861 0.42 0.42 0.42 [1] 0.42 0.3987792 0.477957 0.42 0.42 0.42 0.42 0.42 0.42 [2] 0.42 0.3944759 0.3951516 0.42 0.42 0.42 0.42 0.42 0.42 [3] 0.42 0.42 0.4502776 0.4715417 0.42 0.4557883 0.42 0.42 0.42 [4] 0.42 0.42 0.4257146 0.4659224 0.42 0.4675371 0.42 0.42 0.42 [5] 0.42 0.4086612 0.4120598 0.42 0.4170437 0.42 0.42 0.42 0.42 [6] 0.42 0.3988504 0.42 0.4238251 0.42 0.42 0.42 0.42 0.42 [7] 0.42 0.42 0.4186948 0.42 0.42 0.4076082 0.42 0.42 0.42 [8] 0.42 0.42 0.42 0.4480798 0.42 0.42 0.42 0.42 0.42 [9] 0.42 0.4181781 0.42 0.4671826 0.42 0.42 0.42 0.42 0.42 [10] 0.42 0.42 0.4144808 0.4678335 0.4650086 0.42 0.42 0.42 0.42 [11] 0.42 0.42 0.4240926 0.4657853 0.4101567 0.42 0.42 0.42 0.42 [12] 0.42 0.42 0.4588172 0.42 0.42 0.42 0.42 0.42 0.42 
[21] 
[0] [0] 0.42 0.42 0.42 0.42 0.42 0.42 0.42 0.42 0.42 [1] 0.42 0.42 0.42 0.42 0.42 0.42 0.42 0.42 0.42 [2] 0.42 0.42 0.42 0.42 0.42 0.42 0.42 0.42 0.42 [3] 0.42 0.42 0.42 0.42 0.42 0.42 0.42 0.42 0.42 [4] 0.42 0.42 0.42 0.42 0.42 0.42 0.42 0.42 0.42 [5] 0.42 0.42 0.42 0.42 0.42 0.42 0.42 0.42 0.42 [6] 0.42 0.42 0.42 0.42 0.42 0.42 0.42 0.42 0.42 [7] 0.42 0.42 0.42 0.42 0.42 0.42 0.42 0.42 0.42 [8] 0.42 0.42 0.42 0.42 0.42 0.42 0.42 0.42 0.42 [9] 0.42 0.42 0.42 0.42 0.42 0.42 0.42 0.42 0.42 [10] 0.42 0.42 0.42 0.42 0.42 0.42 0.42 0.42 0.42 [11] 0.42 0.42 0.42 0.42 0.42 0.42 0.42 0.42 0.42 [12] 0.42 0.42 0.42 0.42 0.42 0.42 0.42 0.42 0.42 
[1] [0] 0.42 0.42 0.42 0.42 0.42 0.42 0.42 0.42 0.42 [1] 0.42 0.42 0.42 0.42 0.42 0.42 0.42 0.42 0.42 [2] 0.42 0.42 0.42 0.42 0.42 0.42 0.42 0.42 0.42 [3] 0.42 0.42 0.42 0.42 0.42 0.42 0.42 0.42 0.42 [4] 0.42 0.42 0.42 0.42 0.42 0.42 0.42 0.42 0.42 [5] 0.42 0.42 0.42 0.42 0.42 0.42 0.42 0.42 0.42 [6] 0.42 0.42 0.42 0.42 0.42 0.42 0.42 0.42 0.42 [7] 0.42 0.42 0.42 0.42 0.42 0.42 0.42 0.42 0.42 [8] 0.42 0.42 0.42 0.42 0.42 0.42 0.42 0.42 0.42 [9] 0.42 0.42 0.42 0.42 0.42 0.42 0.42 0.42 0.42 [10] 0.42 0.42 0.42 0.42 0.42 0.42 0.42 0.42 0.42 [11] 0.42 0.42 0.42 0.42 0.42 0.42 0.42 0.42 0.42 [12] 0.42 0.42 0.42 0.42 0.42 0.42 0.42 0.42 0.42 
[2] [0] 0.42 0.4679454 0.4583217 0.4646987 0.4496395 0.4251218 0.42 0.42 0.42 [1] 0.42 0.4223351 0.4546277 0.42 0.42 0.42 0.42 0.42 0.42 [2] 0.42 0.404982 0.3944594 0.42 0.42 0.42 0.42 0.42 0.42 [3] 0.42 0.42 0.459365 0.4493196 0.42 0.4756429 0.42 0.42 0.42 [4] 0.42 0.42 0.4308236 0.4838016 0.42 0.4824528 0.42 0.42 0.42 [5] 0.42 0.4022478 0.4111967 0.42 0.4224448 0.42 0.42 0.42 0.42 [6] 0.42 0.4206279 0.42 0.4041686 0.42 0.42 0.42 0.42 0.42 [7] 0.42 0.42 0.4096067 0.42 0.42 0.4179986 0.42 0.42 0.42 [8] 0.42 0.42 0.42 0.4761646 0.42 0.42 0.42 0.42 0.42 [9] 0.42 0.4126234 0.42 0.4563345 0.42 0.42 0.42 0.42 0.42 [10] 0.42 0.42 0.4 0.4643587 0.4779881 0.42 0.42 0.42 0.42 [11] 0.42 0.42 0.4228922 0.4601247 0.4021747 0.42 0.42 0.42 0.42 [12] 0.42 0.4 0.4545582 0.42 0.42 0.42 0.42 0.42 0.42 
[22] 
[0] [0] 0.42 0.4832185 0.4577132 0.4587049 0.4700627 0.4256932 0.42 0.42 0.42 [1] 0.42 0.4408207 0.4676069 0.42 0.42 0.42 0.42 0.42 0.42 [2] 0.42 0.3836588 0.3648557 0.42 0.42 0.42 0.42 0.42 0.42 [3] 0.42 0.42 0.4546522 0.4596889 0.42 0.4573826 0.42 0.42 0.42 [4] 0.42 0.42 0.4452364 0.4523147 0.42 0.479133 0.42 0.42 0.42 [5] 0.42 0.432458 0.4299373 0.42 0.4534787 0.42 0.42 0.42 0.42 [6] 0.42 0.4207471 0.42 0.451648 0.42 0.42 0.42 0.42 0.42 [7] 0.42 0.42 0.460611 0.42 0.42 0.4347054 0.42 0.42 0.42 [8] 0.42 0.42 0.42 0.4515849 0.42 0.42 0.42 0.42 0.42 [9] 0.42 0.4289594 0.42 0.4655888 0.42 0.42 0.42 0.42 0.42 [10] 0.42 0.42 0.42 0.4683145 0.466307 0.42 0.42 0.42 0.42 [11] 0.42 0.42 0.4677662 0.4757103 0.3935859 0.42 0.42 0.42 0.42 [12] 0.42 0.42 0.4633603 0.42 0.42 0.42 0.42 0.42 0.42 
[1] [0] 0.42 0.42 0.42 0.42 0.42 0.42 0.42 0.42 0.42 [1] 0.42 0.42 0.42 0.42 0.42 0.42 0.42 0.42 0.42 [2] 0.42 0.42 0.42 0.42 0.42 0.42 0.42 0.42 0.42 [3] 0.42 0.42 0.42 0.42 0.42 0.42 0.42 0.42 0.42 [4] 0.42 0.42 0.42 0.42 0.42 0.42 0.42 0.42 0.42 [5] 0.42 0.42 0.42 0.42 0.42 0.42 0.42 0.42 0.42 [6] 0.42 0.42 0.42 0.42 0.42 0.42 0.42 0.42 0.42 [7] 0.42 0.42 0.42 0.42 0.42 0.42 0.42 0.42 0.42 [8] 0.42 0.42 0.42 0.42 0.42 0.42 0.42 0.42 0.42 [9] 0.42 0.42 0.42 0.42 0.42 0.42 0.42 0.42 0.42 [10] 0.42 0.42 0.42 0.42 0.42 0.42 0.42 0.42 0.42 [11] 0.42 0.42 0.42 0.42 0.42 0.42 0.42 0.42 0.42 [12] 0.42 0.42 0.42 0.42 0.42 0.42 0.42 0.42 0.42 
[2] [0] 0.42 0.4894477 0.4881142 0.489298 0.4512023 0.4336185 0.42 0.42 0.42 [1] 0.42 0.5024521 0.4507665 0.42 0.42 0.42 0.42 0.42 0.42 [2] 0.42 0.4 0.4 0.42 0.42 0.42 0.42 0.42 0.42 [3] 0.42 0.42 0.4067323 0.4851207 0.42 0.4252006 0.42 0.42 0.42 [4] 0.42 0.42 0.4 0.4880121 0.42 0.4567096 0.42 0.42 0.42 [5] 0.42 0.4 0.4 0.42 0.4076944 0.42 0.42 0.42 0.42 [6] 0.42 0.4135136 0.42 0.4 0.42 0.42 0.42 0.42 0.42 [7] 0.42 0.42 0.4147564 0.42 0.42 0.4221901 0.42 0.42 0.42 [8] 0.42 0.42 0.42 0.4 0.42 0.42 0.42 0.42 0.42 [9] 0.42 0.4250716 0.42 0.484798 0.42 0.42 0.42 0.42 0.42 [10] 0.42 0.42 0.4 0.4 0.4164502 0.42 0.42 0.42 0.42 [11] 0.42 0.42 0.4352184 0.4584073 0.42 0.42 0.42 0.42 0.42 [12] 0.42 0.4 0.4035587 0.42 0.42 0.42 0.42 0.42 0.42 
[23] 
[0] [0] 0.42 0.42 0.42 0.42 0.42 0.42 0.42 0.42 0.42 [1] 0.42 0.42 0.42 0.42 0.42 0.42 0.42 0.42 0.42 [2] 0.42 0.42 0.42 0.42 0.42 0.42 0.42 0.42 0.42 [3] 0.42 0.42 0.42 0.42 0.42 0.42 0.42 0.42 0.42 [4] 0.42 0.42 0.42 0.42 0.42 0.42 0.42 0.42 0.42 [5] 0.42 0.42 0.42 0.42 0.42 0.42 0.42 0.42 0.42 [6] 0.42 0.42 0.42 0.42 0.42 0.42 0.42 0.42 0.42 [7] 0.42 0.42 0.42 0.42 0.42 0.42 0.42 0.42 0.42 [8] 0.42 0.42 0.42 0.42 0.42 0.42 0.42 0.42 0.42 [9] 0.42 0.42 0.42 0.42 0.42 0.42 0.42 0.42 0.42 [10] 0.42 0.42 0.42 0.42 0.42 0.42 0.42 0.42 0.42 [11] 0.42 0.42 0.42 0.42 0.42 0.42 0.42 0.42 0.42 [12] 0.42 0.42 0.42 0.42 0.42 0.42 0.42 0.42 0.42 
[1] [0] 0.42 0.42 0.42 0.42 0.42 0.42 0.42 0.42 0.42 [1] 0.42 0.42 0.42 0.42 0.42 0.42 0.42 0.42 0.42 [2] 0.42 0.42 0.42 0.42 0.42 0.42 0.42 0.42 0.42 [3] 0.42 0.42 0.42 0.42 0.42 0.42 0.42 0.42 0.42 [4] 0.42 0.42 0.42 0.42 0.42 0.42 0.42 0.42 0.42 [5] 0.42 0.42 0.42 0.42 0.42 0.42 0.42 0.42 0.42 [6] 0.42 0.42 0.42 0.42 0.42 0.42 0.42 0.42 0.42 [7] 0.42 0.42 0.42 0.42 0.42 0.42 0.42 0.42 0.42 [8] 0.42 0.42 0.42 0.42 0.42 0.42 0.42 0.42 0.42 [9] 0.42 0.42 0.42 0.42 0.42 0.42 0.42 0.42 0.42 [10] 0.42 0.42 0.42 0.42 0.42 0.42 0.42 0.42 0.42 [11] 0.42 0.42 0.42 0.42 0.42 0.42 0.42 0.42 0.42 [12] 0.42 0.42 0.42 0.42 0.42 0.42 0.42 0.42 0.42 
[2] [0] 0.42 0.4781989 0.459529 0.4820877 0.4670601 0.427545 0.42 0.42 0.42 [1] 0.42 0.4491858 0.4683473 0.42 0.42 0.42 0.42 0.42 0.42 [2] 0.42 0.4087557 0.3830271 0.42 0.42 0.42 0.42 0.42 0.42 [3] 0.42 0.42 0.4555222 0.4627246 0.42 0.4675178 0.42 0.42 0.42 [4] 0.42 0.42 0.4353883 0.4693491 0.42 0.4697009 0.42 0.42 0.42 [5] 0.42 0.4245691 0.4086879 0.42 0.4483574 0.42 0.42 0.42 0.42 [6] 0.42 0.4440597 0.42 0.4464205 0.42 0.42 0.42 0.42 0.42 [7] 0.42 0.42 0.435679 0.42 0.42 0.4310063 0.42 0.42 0.42 [8] 0.42 0.42 0.42 0.4746529 0.42 0.42 0.42 0.42 0.42 [9] 0.42 0.4340778 0.42 0.4675655 0.42 0.42 0.42 0.42 0.42 [10] 0.42 0.42 0.4 0.4778329 0.475005 0.42 0.42 0.42 0.42 [11] 0.42 0.42 0.4683348 0.4656227 0.4024697 0.42 0.42 0.42 0.42 [12] 0.42 0.4 0.453393 0.42 0.42 0.42 0.42 0.42 0.42 
[24] 
[0] [0] 0.42 0.42 0.42 0.42 0.42 0.42 0.42 0.42 0.42 [1] 0.42 0.42 0.42 0.42 0.42 0.42 0.42 0.42 0.42 [2] 0.42 0.42 0.42 0.42 0.42 0.42 0.42 0.42 0.42 [3] 0.42 0.42 0.42 0.42 0.42 0.42 0.42 0.42 0.42 [4] 0.42 0.42 0.42 0.42 0.42 0.42 0.42 0.42 0.42 [5] 0.42 0.42 0.42 0.42 0.42 0.42 0.42 0.42 0.42 [6] 0.42 0.42 0.42 0.42 0.42 0.42 0.42 0.42 0.42 [7] 0.42 0.42 0.42 0.42 0.42 0.42 0.42 0.42 0.42 [8] 0.42 0.42 0.42 0.42 0.42 0.42 0.42 0.42 0.42 [9] 0.42 0.42 0.42 0.42 0.42 0.42 0.42 0.42 0.42 [10] 0.42 0.42 0.42 0.42 0.42 0.42 0.42 0.42 0.42 [11] 0.42 0.42 0.42 0.42 0.42 0.42 0.42 0.42 0.42 [12] 0.42 0.42 0.42 0.42 0.42 0.42 0.42 0.42 0.42 
[1] [0] 0.42 0.42 0.42 0.42 0.42 0.42 0.42 0.42 0.42 [1] 0.42 0.42 0.42 0.42 0.42 0.42 0.42 0.42 0.42 [2] 0.42 0.42 0.42 0.42 0.42 0.42 0.42 0.42 0.42 [3] 0.42 0.42 0.42 0.42 0.42 0.42 0.42 0.42 0.42 [4] 0.42 0.42 0.42 0.42 0.42 0.42 0.42 0.42 0.42 [5] 0.42 0.42 0.42 0.42 0.42 0.42 0.42 0.42 0.42 [6] 0.42 0.42 0.42 0.42 0.42 0.42 0.42 0.42 0.42 [7] 0.42 0.42 0.42 0.42 0.42 0.42 0.42 0.42 0.42 [8] 0.42 0.42 0.42 0.42 0.42 0.42 0.42 0.42 0.42 [9] 0.42 0.42 0.42 0.42 0.42 0.42 0.42 0.42 0.42 [10] 0.42 0.42 0.42 0.42 0.42 0.42 0.42 0.42 0.42 [11] 0.42 0.42 0.42 0.42 0.42 0.42 0.42 0.42 0.42 [12] 0.42 0.42 0.42 0.42 0.42 0.42 0.42 0.42 0.42 
[2] [0] 0.42 0.453134 0.4544445 0.4486995 0.449143 0.4065417 0.42 0.42 0.42 [1] 0.42 0.4527546 0.4585675 0.42 0.42 0.42 0.42 0.42 0.42 [2] 0.42 0.4149948 0.3945777 0.42 0.42 0.42 0.42 0.42 0.42 [3] 0.42 0.42 0.4490154 0.4543179 0.42 0.4710052 0.42 0.42 0.42 [4] 0.42 0.42 0.4147066 0.4531952 0.42 0.4695112 0.42 0.42 0.42 [5] 0.42 0.3972786 0.4006995 0.42 0.4179815 0.42 0.42 0.42 0.42 [6] 0.42 0.4140949 0.42 0.4281396 0.42 0.42 0.42 0.42 0.42 [7] 0.42 0.42 0.4022141 0.42 0.42 0.4029885 0.42 0.42 0.42 [8] 0.42 0.42 0.42 0.4585083 0.42 0.42 0.42 0.42 0.42 [9] 0.42 0.4099778 0.42 0.4731834 0.42 0.42 0.42 0.42 0.42 [10] 0.42 0.42 0.4 0.4737157 0.4669306 0.42 0.42 0.42 0.42 [11] 0.42 0.42 0.4087292 0.4572565 0.4130471 0.42 0.42 0.42 0.42 [12] 0.42 0.42 0.4596213 0.42 0.42 0.42 0.42 0.42 0.42 
[25] 
[0] [0] 0.42 0.42 0.42 0.42 0.42 0.42 0.42 0.42 0.42 [1] 0.42 0.42 0.42 0.42 0.42 0.42 0.42 0.42 0.42 [2] 0.42 0.42 0.42 0.42 0.42 0.42 0.42 0.42 0.42 [3] 0.42 0.42 0.42 0.42 0.42 0.42 0.42 0.42 0.42 [4] 0.42 0.42 0.42 0.42 0.42 0.42 0.42 0.42 0.42 [5] 0.42 0.42 0.42 0.42 0.42 0.42 0.42 0.42 0.42 [6] 0.42 0.42 0.42 0.42 0.42 0.42 0.42 0.42 0.42 [7] 0.42 0.42 0.42 0.42 0.42 0.42 0.42 0.42 0.42 [8] 0.42 0.42 0.42 0.42 0.42 0.42 0.42 0.42 0.42 [9] 0.42 0.42 0.42 0.42 0.42 0.42 0.42 0.42 0.42 [10] 0.42 0.42 0.42 0.42 0.42 0.42 0.42 0.42 0.42 [11] 0.42 0.42 0.42 0.42 0.42 0.42 0.42 0.42 0.42 [12] 0.42 0.42 0.42 0.42 0.42 0.42 0.42 0.42 0.42 
[1] [0] 0.42 0.493042 0.4883668 0.4985971 0.4841565 0.4316712 0.42 0.42 0.42 [1] 0.42 0.4489757 0.4900625 0.42 0.42 0.42 0.42 0.42 0.42 [2] 0.42 0.4083886 0.370307 0.42 0.42 0.42 0.42 0.42 0.42 [3] 0.42 0.42 0.4663102 0.4927277 0.42 0.4811068 0.42 0.42 0.42 [4] 0.42 0.42 0.4696395 0.5032082 0.42 0.5066344 0.42 0.42 0.42 [5] 0.42 0.4074917 0.4237393 0.42 0.4684334 0.42 0.42 0.42 0.42 [6] 0.42 0.4422776 0.42 0.4526978 0.42 0.42 0.42 0.42 0.42 [7] 0.42 0.42 0.4618188 0.42 0.42 0.4492486 0.42 0.42 0.42 [8] 0.42 0.42 0.42 0.4694279 0.42 0.42 0.42 0.42 0.42 [9] 0.42 0.4311208 0.42 0.4852107 0.42 0.42 0.42 0.42 0.42 [10] 0.42 0.42 0.4 0.4900285 0.4867883 0.42 0.42 0.42 0.42 [11] 0.42 0.42 0.4696444 0.4914748 0.4019394 0.42 0.42 0.42 0.42 [12] 0.42 0.42 0.4474627 0.42 0.42 0.42 0.42 0.42 0.42 
[2] [0] 0.42 0.4405162 0.4906338 0.4575259 0.4886366 0.4255781 0.42 0.42 0.42 [1] 0.42 0.454184 0.4671469 0.42 0.42 0.42 0.42 0.42 0.42 [2] 0.42 0.3974382 0.3968379 0.42 0.42 0.42 0.42 0.42 0.42 [3] 0.42 0.42 0.4196028 0.4692049 0.42 0.4555857 0.42 0.42 0.42 [4] 0.42 0.42 0.4210379 0.4967075 0.42 0.4774774 0.42 0.42 0.42 [5] 0.42 0.3968212 0.4020525 0.42 0.4255643 0.42 0.42 0.42 0.42 [6] 0.42 0.4057334 0.42 0.3987963 0.42 0.42 0.42 0.42 0.42 [7] 0.42 0.42 0.4275362 0.42 0.42 0.4276122 0.42 0.42 0.42 [8] 0.42 0.42 0.42 0.4267005 0.42 0.42 0.42 0.42 0.42 [9] 0.42 0.4286723 0.42 0.4722832 0.42 0.42 0.42 0.42 0.42 [10] 0.42 0.42 0.4 0.4500726 0.4833083 0.42 0.42 0.42 0.42 [11] 0.42 0.42 0.4403548 0.4622234 0.4071989 0.42 0.42 0.42 0.42 [12] 0.42 0.4 0.4654803 0.42 0.42 0.42 0.42 0.42 0.42 
[26] 
[0] [0] 0.42 0.42 0.42 0.42 0.42 0.42 0.42 0.42 0.42 [1] 0.42 0.42 0.42 0.42 0.42 0.42 0.42 0.42 0.42 [2] 0.42 0.42 0.42 0.42 0.42 0.42 0.42 0.42 0.42 [3] 0.42 0.42 0.42 0.42 0.42 0.42 0.42 0.42 0.42 [4] 0.42 0.42 0.42 0.42 0.42 0.42 0.42 0.42 0.42 [5] 0.42 0.42 0.42 0.42 0.42 0.42 0.42 0.42 0.42 [6] 0.42 0.42 0.42 0.42 0.42 0.42 0.42 0.42 0.42 [7] 0.42 0.42 0.42 0.42 0.42 0.42 0.42 0.42 0.42 [8] 0.42 0.42 0.42 0.42 0.42 0.42 0.42 0.42 0.42 [9] 0.42 0.42 0.42 0.42 0.42 0.42 0.42 0.42 0.42 [10] 0.42 0.42 0.42 0.42 0.42 0.42 0.42 0.42 0.42 [11] 0.42 0.42 0.42 0.42 0.42 0.42 0.42 0.42 0.42 [12] 0.42 0.42 0.42 0.42 0.42 0.42 0.42 0.42 0.42 
[1] [0] 0.42 0.42 0.42 0.42 0.42 0.42 0.42 0.42 0.42 [1] 0.42 0.42 0.42 0.42 0.42 0.42 0.42 0.42 0.42 [2] 0.42 0.42 0.42 0.42 0.42 0.42 0.42 0.42 0.42 [3] 0.42 0.42 0.42 0.42 0.42 0.42 0.42 0.42 0.42 [4] 0.42 0.42 0.42 0.42 0.42 0.42 0.42 0.42 0.42 [5] 0.42 0.42 0.42 0.42 0.42 0.42 0.42 0.42 0.42 [6] 0.42 0.42 0.42 0.42 0.42 0.42 0.42 0.42 0.42 [7] 0.42 0.42 0.42 0.42 0.42 0.42 0.42 0.42 0.42 [8] 0.42 0.42 0.42 0.42 0.42 0.42 0.42 0.42 0.42 [9] 0.42 0.42 0.42 0.42 0.42 0.42 0.42 0.42 0.42 [10] 0.42 0.42 0.42 0.42 0.42 0.42 0.42 0.42 0.42 [11] 0.42 0.42 0.42 0.42 0.42 0.42 0.42 0.42 0.42 [12] 0.42 0.42 0.42 0.42 0.42 0.42 0.42 0.42 0.42 
[2] [0] 0.42 0.4594379 0.4558519 0.4493221 0.4746688 0.394015 0.42 0.42 0.42 [1] 0.42 0.4384895 0.4482699 0.42 0.42 0.42 0.42 0.42 0.42 [2] 0.42 0.4004467 0.398604 0.42 0.42 0.42 0.42 0.42 0.42 [3] 0.42 0.42 0.4459266 0.4473509 0.42 0.4420785 0.42 0.42 0.42 [4] 0.42 0.42 0.4228881 0.4670408 0.42 0.4671721 0.42 0.42 0.42 [5] 0.42 0.4115905 0.3997356 0.42 0.4090373 0.42 0.42 0.42 0.42 [6] 0.42 0.4116709 0.42 0.4142069 0.42 0.42 0.42 0.42 0.42 [7] 0.42 0.42 0.4042026 0.42 0.42 0.4002334 0.42 0.42 0.42 [8] 0.42 0.42 0.42 0.4400665 0.42 0.42 0.42 0.42 0.42 [9] 0.42 0.414167 0.42 0.4588598 0.42 0.42 0.42 0.42 0.42 [10] 0.42 0.42 0.4 0.467066 0.4668927 0.42 0.42 0.42 0.42 [11] 0.42 0.42 0.4353879 0.462471 0.4157006 0.42 0.42 0.42 0.42 [12] 0.42 0.42 0.4601436 0.42 0.42 0.42 0.42 0.42 0.42 
[27] 
[0] [0] 0.42 0.42 0.42 0.42 0.42 0.42 0.42 0.42 0.42 [1] 0.42 0.42 0.42 0.42 0.42 0.42 0.42 0.42 0.42 [2] 0.42 0.42 0.42 0.42 0.42 0.42 0.42 0.42 0.42 [3] 0.42 0.42 0.42 0.42 0.42 0.42 0.42 0.42 0.42 [4] 0.42 0.42 0.42 0.42 0.42 0.42 0.42 0.42 0.42 [5] 0.42 0.42 0.42 0.42 0.42 0.42 0.42 0.42 0.42 [6] 0.42 0.42 0.42 0.42 0.42 0.42 0.42 0.42 0.42 [7] 0.42 0.42 0.42 0.42 0.42 0.42 0.42 0.42 0.42 [8] 0.42 0.42 0.42 0.42 0.42 0.42 0.42 0.42 0.42 [9] 0.42 0.42 0.42 0.42 0.42 0.42 0.42 0.42 0.42 [10] 0.42 0.42 0.42 0.42 0.42 0.42 0.42 0.42 0.42 [11] 0.42 0.42 0.42 0.42 0.42 0.42 0.42 0.42 0.42 [12] 0.42 0.42 0.42 0.42 0.42 0.42 0.42 0.42 0.42 
[1] [0] 0.42 0.42 0.42 0.42 0.42 0.42 0.42 0.42 0.42 [1] 0.42 0.42 0.42 0.42 0.42 0.42 0.42 0.42 0.42 [2] 0.42 0.42 0.42 0.42 0.42 0.42 0.42 0.42 0.42 [3] 0.42 0.42 0.42 0.42 0.42 0.42 0.42 0.42 0.42 [4] 0.42 0.42 0.42 0.42 0.42 0.42 0.42 0.42 0.42 [5] 0.42 0.42 0.42 0.42 0.42 0.42 0.42 0.42 0.42 [6] 0.42 0.42 0.42 0.42 0.42 0.42 0.42 0.42 0.42 [7] 0.42 0.42 0.42 0.42 0.42 0.42 0.42 0.42 0.42 [8] 0.42 0.42 0.42 0.42 0.42 0.42 0.42 0.42 0.42 [9] 0.42 0.42 0.42 0.42 0.42 0.42 0.42 0.42 0.42 [10] 0.42 0.42 0.42 0.42 0.42 0.42 0.42 0.42 0.42 [11] 0.42 0.42 0.42 0.42 0.42 0.42 0.42 0.42 0.42 [12] 0.42 0.42 0.42 0.42 0.42 0.42 0.42 0.42 0.42 
[2] [0] 0.42 0.3987872 0.4602238 0.4450895 0.4275313 0.4013297 0.42 0.42 0.42 [1] 0.42 0.3981917 0.4424873 0.42 0.42 0.42 0.42 0.42 0.42 [2] 0.42 0.4027782 0.3956309 0.42 0.42 0.42 0.42 0.42 0.42 [3] 0.42 0.42 0.4072636 0.4374053 0.42 0.4328828 0.42 0.42 0.42 [4] 0.42 0.42 0.3937121 0.4637702 0.42 0.4406807 0.42 0.42 0.42 [5] 0.42 0.410338 0.4010118 0.42 0.4034382 0.42 0.42 0.42 0.42 [6] 0.42 0.4001974 0.42 0.4074011 0.42 0.42 0.42 0.42 0.42 [7] 0.42 0.42 0.4066686 0.42 0.42 0.4041635 0.42 0.42 0.42 [8] 0.42 0.42 0.42 0.41703 0.42 0.42 0.42 0.42 0.42 [9] 0.42 0.4077348 0.42 0.4439909 0.42 0.42 0.42 0.42 0.42 [10] 0.42 0.42 0.4162739 0.4507415 0.4456788 0.42 0.42 0.42 0.42 [11] 0.42 0.42 0.402498 0.4195312 0.403382 0.42 0.42 0.42 0.42 [12] 0.42 0.42 0.4617018 0.42 0.42 0.42 0.42 0.42 0.42 
[28] 
[0] [0] 0.42 0.42 0.42 0.42 0.42 0.42 0.42 0.42 0.42 [1] 0.42 0.42 0.42 0.42 0.42 0.42 0.42 0.42 0.42 [2] 0.42 0.42 0.42 0.42 0.42 0.42 0.42 0.42 0.42 [3] 0.42 0.42 0.42 0.42 0.42 0.42 0.42 0.42 0.42 [4] 0.42 0.42 0.42 0.42 0.42 0.42 0.42 0.42 0.42 [5] 0.42 0.42 0.42 0.42 0.42 0.42 0.42 0.42 0.42 [6] 0.42 0.42 0.42 0.42 0.42 0.42 0.42 0.42 0.42 [7] 0.42 0.42 0.42 0.42 0.42 0.42 0.42 0.42 0.42 [8] 0.42 0.42 0.42 0.42 0.42 0.42 0.42 0.42 0.42 [9] 0.42 0.42 0.42 0.42 0.42 0.42 0.42 0.42 0.42 [10] 0.42 0.42 0.42 0.42 0.42 0.42 0.42 0.42 0.42 [11] 0.42 0.42 0.42 0.42 0.42 0.42 0.42 0.42 0.42 [12] 0.42 0.42 0.42 0.42 0.42 0.42 0.42 0.42 0.42 
[1] [0] 0.42 0.42 0.42 0.42 0.42 0.42 0.42 0.42 0.42 [1] 0.42 0.42 0.42 0.42 0.42 0.42 0.42 0.42 0.42 [2] 0.42 0.42 0.42 0.42 0.42 0.42 0.42 0.42 0.42 [3] 0.42 0.42 0.42 0.42 0.42 0.42 0.42 0.42 0.42 [4] 0.42 0.42 0.42 0.42 0.42 0.42 0.42 0.42 0.42 [5] 0.42 0.42 0.42 0.42 0.42 0.42 0.42 0.42 0.42 [6] 0.42 0.42 0.42 0.42 0.42 0.42 0.42 0.42 0.42 [7] 0.42 0.42 0.42 0.42 0.42 0.42 0.42 0.42 0.42 [8] 0.42 0.42 0.42 0.42 0.42 0.42 0.42 0.42 0.42 [9] 0.42 0.42 0.42 0.42 0.42 0.42 0.42 0.42 0.42 [10] 0.42 0.42 0.42 0.42 0.42 0.42 0.42 0.42 0.42 [11] 0.42 0.42 0.42 0.42 0.42 0.42 0.42 0.42 0.42 [12] 0.42 0.42 0.42 0.42 0.42 0.42 0.42 0.42 0.42 
[2] [0] 0.42 0.4755275 0.4609675 0.4652731 0.4397771 0.4238622 0.42 0.42 0.42 [1] 0.42 0.4457371 0.4612262 0.42 0.42 0.42 0.42 0.42 0.42 [2] 0.42 0.4042144 0.3797142 0.42 0.42 0.42 0.42 0.42 0.42 [3] 0.42 0.42 0.4505662 0.4679082 0.42 0.4578371 0.42 0.42 0.42 [4] 0.42 0.42 0.4529135 0.4686905 0.42 0.4829544 0.42 0.42 0.42 [5] 0.42 0.4101029 0.4251622 0.42 0.4398128 0.42 0.42 0.42 0.42 [6] 0.42 0.4280141 0.42 0.4330563 0.42 0.42 0.42 0.42 0.42 [7] 0.42 0.42 0.4303298 0.42 0.42 0.4180282 0.42 0.42 0.42 [8] 0.42 0.42 0.42 0.4745394 0.42 0.42 0.42 0.42 0.42 [9] 0.42 0.4192937 0.42 0.4675561 0.42 0.42 0.42 0.42 0.42 [10] 0.42 0.42 0.4096137 0.4844765 0.4743203 0.42 0.42 0.42 0.42 [11] 0.42 0.42 0.440071 0.4869949 0.3935322 0.42 0.42 0.42 0.42 [12] 0.42 0.42 0.4777976 0.42 0.42 0.42 0.42 0.42 0.42 
[29] 
[0] [0] 0.42 0.42 0.42 0.42 0.42 0.42 0.42 0.42 0.42 [1] 0.42 0.42 0.42 0.42 0.42 0.42 0.42 0.42 0.42 [2] 0.42 0.42 0.42 0.42 0.42 0.42 0.42 0.42 0.42 [3] 0.42 0.42 0.42 0.42 0.42 0.42 0.42 0.42 0.42 [4] 0.42 0.42 0.42 0.42 0.42 0.42 0.42 0.42 0.42 [5] 0.42 0.42 0.42 0.42 0.42 0.42 0.42 0.42 0.42 [6] 0.42 0.42 0.42 0.42 0.42 0.42 0.42 0.42 0.42 [7] 0.42 0.42 0.42 0.42 0.42 0.42 0.42 0.42 0.42 [8] 0.42 0.42 0.42 0.42 0.42 0.42 0.42 0.42 0.42 [9] 0.42 0.42 0.42 0.42 0.42 0.42 0.42 0.42 0.42 [10] 0.42 0.42 0.42 0.42 0.42 0.42 0.42 0.42 0.42 [11] 0.42 0.42 0.42 0.42 0.42 0.42 0.42 0.42 0.42 [12] 0.42 0.42 0.42 0.42 0.42 0.42 0.42 0.42 0.42 
[1] [0] 0.42 0.42 0.42 0.42 0.42 0.42 0.42 0.42 0.42 [1] 0.42 0.42 0.42 0.42 0.42 0.42 0.42 0.42 0.42 [2] 0.42 0.42 0.42 0.42 0.42 0.42 0.42 0.42 0.42 [3] 0.42 0.42 0.42 0.42 0.42 0.42 0.42 0.42 0.42 [4] 0.42 0.42 0.42 0.42 0.42 0.42 0.42 0.42 0.42 [5] 0.42 0.42 0.42 0.42 0.42 0.42 0.42 0.42 0.42 [6] 0.42 0.42 0.42 0.42 0.42 0.42 0.42 0.42 0.42 [7] 0.42 0.42 0.42 0.42 0.42 0.42 0.42 0.42 0.42 [8] 0.42 0.42 0.42 0.42 0.42 0.42 0.42 0.42 0.42 [9] 0.42 0.42 0.42 0.42 0.42 0.42 0.42 0.42 0.42 [10] 0.42 0.42 0.42 0.42 0.42 0.42 0.42 0.42 0.42 [11] 0.42 0.42 0.42 0.42 0.42 0.42 0.42 0.42 0.42 [12] 0.42 0.42 0.42 0.42 0.42 0.42 0.42 0.42 0.42 
[2] [0] 0.42 0.4021726 0.3990604 0.412572 0.4289518 0.400997 0.42 0.42 0.42 [1] 0.42 0.3998012 0.4113614 0.42 0.42 0.42 0.42 0.42 0.42 [2] 0.42 0.3988002 0.3993994 0.42 0.42 0.42 0.42 0.42 0.42 [3] 0.42 0.42 0.4009753 0.4034415 0.42 0.4007922 0.42 0.42 0.42 [4] 0.42 0.42 0.3994723 0.4107759 0.42 0.4094806 0.42 0.42 0.42 [5] 0.42 0.3996 0.398614 0.42 0.3996 0.42 0.42 0.42 0.42 [6] 0.42 0.4011994 0.42 0.3992004 0.42 0.42 0.42 0.42 0.42 [7] 0.42 0.42 0.400998 0.42 0.42 0.3994064 0.42 0.42 0.42 [8] 0.42 0.42 0.42 0.4025122 0.42 0.42 0.42 0.42 0.42 [9] 0.42 0.4006 0.42 0.4013755 0.42 0.42 0.42 0.42 0.42 [10] 0.42 0.42 0.4 0.4130684 0.4174438 0.42 0.42 0.42 0.42 [11] 0.42 0.42 0.4001611 0.4186831 0.4092966 0.42 0.42 0.42 0.42 [12] 0.42 0.4 0.4132195 0.4 0.42 0.42 0.42 0.42 0.42 
[30] 
[0] [0] 0.42 0.42 0.42 0.42 0.42 0.42 0.42 0.42 0.42 [1] 0.42 0.42 0.42 0.42 0.42 0.42 0.42 0.42 0.42 [2] 0.42 0.42 0.42 0.42 0.42 0.42 0.42 0.42 0.42 [3] 0.42 0.42 0.42 0.42 0.42 0.42 0.42 0.42 0.42 [4] 0.42 0.42 0.42 0.42 0.42 0.42 0.42 0.42 0.42 [5] 0.42 0.42 0.42 0.42 0.42 0.42 0.42 0.42 0.42 [6] 0.42 0.42 0.42 0.42 0.42 0.42 0.42 0.42 0.42 [7] 0.42 0.42 0.42 0.42 0.42 0.42 0.42 0.42 0.42 [8] 0.42 0.42 0.42 0.42 0.42 0.42 0.42 0.42 0.42 [9] 0.42 0.42 0.42 0.42 0.42 0.42 0.42 0.42 0.42 [10] 0.42 0.42 0.42 0.42 0.42 0.42 0.42 0.42 0.42 [11] 0.42 0.42 0.42 0.42 0.42 0.42 0.42 0.42 0.42 [12] 0.42 0.42 0.42 0.42 0.42 0.42 0.42 0.42 0.42 
[1] [0] 0.42 0.42 0.42 0.42 0.42 0.42 0.42 0.42 0.42 [1] 0.42 0.42 0.42 0.42 0.42 0.42 0.42 0.42 0.42 [2] 0.42 0.42 0.42 0.42 0.42 0.42 0.42 0.42 0.42 [3] 0.42 0.42 0.42 0.42 0.42 0.42 0.42 0.42 0.42 [4] 0.42 0.42 0.42 0.42 0.42 0.42 0.42 0.42 0.42 [5] 0.42 0.42 0.42 0.42 0.42 0.42 0.42 0.42 0.42 [6] 0.42 0.42 0.42 0.42 0.42 0.42 0.42 0.42 0.42 [7] 0.42 0.42 0.42 0.42 0.42 0.42 0.42 0.42 0.42 [8] 0.42 0.42 0.42 0.42 0.42 0.42 0.42 0.42 0.42 [9] 0.42 0.42 0.42 0.42 0.42 0.42 0.42 0.42 0.42 [10] 0.42 0.42 0.42 0.42 0.42 0.42 0.42 0.42 0.42 [11] 0.42 0.42 0.42 0.42 0.42 0.42 0.42 0.42 0.42 [12] 0.42 0.42 0.42 0.42 0.42 0.42 0.42 0.42 0.42 
[2] [0] 0.42 0.419736 0.4539365 0.4623881 0.4670237 0.4349643 0.42 0.42 0.42 [1] 0.42 0.4043492 0.4455937 0.42 0.42 0.42 0.42 0.42 0.42 [2] 0.42 0.4001321 0.3992094 0.42 0.42 0.42 0.42 0.42 0.42 [3] 0.42 0.42 0.4221489 0.4403669 0.42 0.4557417 0.42 0.42 0.42 [4] 0.42 0.42 0.4029396 0.4876493 0.42 0.4762396 0.42 0.42 0.42 [5] 0.42 0.399601 0.3996128 0.42 0.4057927 0.42 0.42 0.42 0.42 [6] 0.42 0.4129283 0.42 0.4011925 0.42 0.42 0.42 0.42 0.42 [7] 0.42 0.42 0.4342992 0.42 0.42 0.434258 0.42 0.42 0.42 [8] 0.42 0.42 0.42 0.422105 0.42 0.42 0.42 0.42 0.42 [9] 0.42 0.4518692 0.42 0.4497744 0.42 0.42 0.42 0.42 0.42 [10] 0.42 0.42 0.4 0.4438111 0.4715968 0.42 0.42 0.42 0.42 [11] 0.42 0.42 0.4314591 0.4473451 0.4150299 0.42 0.42 0.42 0.42 [12] 0.42 0.42 0.4656957 0.42 0.42 0.42 0.42 0.42 0.42 
[31] 
[0] [0] 0.42 0.42 0.42 0.42 0.42 0.42 0.42 0.42 0.42 [1] 0.42 0.42 0.42 0.42 0.42 0.42 0.42 0.42 0.42 [2] 0.42 0.42 0.42 0.42 0.42 0.42 0.42 0.42 0.42 [3] 0.42 0.42 0.42 0.42 0.42 0.42 0.42 0.42 0.42 [4] 0.42 0.42 0.42 0.42 0.42 0.42 0.42 0.42 0.42 [5] 0.42 0.42 0.42 0.42 0.42 0.42 0.42 0.42 0.42 [6] 0.42 0.42 0.42 0.42 0.42 0.42 0.42 0.42 0.42 [7] 0.42 0.42 0.42 0.42 0.42 0.42 0.42 0.42 0.42 [8] 0.42 0.42 0.42 0.42 0.42 0.42 0.42 0.42 0.42 [9] 0.42 0.42 0.42 0.42 0.42 0.42 0.42 0.42 0.42 [10] 0.42 0.42 0.42 0.42 0.42 0.42 0.42 0.42 0.42 [11] 0.42 0.42 0.42 0.42 0.42 0.42 0.42 0.42 0.42 [12] 0.42 0.42 0.42 0.42 0.42 0.42 0.42 0.42 0.42 
[1] [0] 0.42 0.42 0.42 0.42 0.42 0.42 0.42 0.42 0.42 [1] 0.42 0.42 0.42 0.42 0.42 0.42 0.42 0.42 0.42 [2] 0.42 0.42 0.42 0.42 0.42 0.42 0.42 0.42 0.42 [3] 0.42 0.42 0.42 0.42 0.42 0.42 0.42 0.42 0.42 [4] 0.42 0.42 0.42 0.42 0.42 0.42 0.42 0.42 0.42 [5] 0.42 0.42 0.42 0.42 0.42 0.42 0.42 0.42 0.42 [6] 0.42 0.42 0.42 0.42 0.42 0.42 0.42 0.42 0.42 [7] 0.42 0.42 0.42 0.42 0.42 0.42 0.42 0.42 0.42 [8] 0.42 0.42 0.42 0.42 0.42 0.42 0.42 0.42 0.42 [9] 0.42 0.42 0.42 0.42 0.42 0.42 0.42 0.42 0.42 [10] 0.42 0.42 0.42 0.42 0.42 0.42 0.42 0.42 0.42 [11] 0.42 0.42 0.42 0.42 0.42 0.42 0.42 0.42 0.42 [12] 0.42 0.42 0.42 0.42 0.42 0.42 0.42 0.42 0.42 
[2] [0] 0.42 0.4012476 0.3971643 0.38756 0.3737693 0.4027304 0.42 0.42 0.42 [1] 0.42 0.3978111 0.3978726 0.42 0.42 0.42 0.42 0.42 0.42 [2] 0.42 0.3968112 0.4 0.42 0.42 0.42 0.42 0.42 0.42 [3] 0.42 0.42 0.4023325 0.3911504 0.42 0.4095056 0.42 0.42 0.42 [4] 0.42 0.42 0.4063559 0.3980896 0.42 0.3926916 0.42 0.42 0.42 [5] 0.42 0.4130057 0.400983 0.42 0.4084821 0.42 0.42 0.42 0.42 [6] 0.42 0.3998012 0.42 0.4083129 0.42 0.42 0.42 0.42 0.42 [7] 0.42 0.42 0.4096312 0.42 0.42 0.4121442 0.42 0.42 0.42 [8] 0.42 0.42 0.42 0.3981712 0.42 0.42 0.42 0.42 0.42 [9] 0.42 0.4041897 0.42 0.4031364 0.42 0.42 0.42 0.42 0.42 [10] 0.42 0.42 0.4048636 0.4077939 0.4044607 0.42 0.42 0.42 0.42 [11] 0.42 0.42 0.4017922 0.4030395 0.4113371 0.42 0.42 0.42 0.42 [12] 0.42 0.42 0.3972961 0.42 0.42 0.42 0.42 0.42 0.42 
[32] 
[0] [0] 0.42 0.42 0.42 0.42 0.42 0.42 0.42 0.42 0.42 [1] 0.42 0.42 0.42 0.42 0.42 0.42 0.42 0.42 0.42 [2] 0.42 0.42 0.42 0.42 0.42 0.42 0.42 0.42 0.42 [3] 0.42 0.42 0.42 0.42 0.42 0.42 0.42 0.42 0.42 [4] 0.42 0.42 0.42 0.42 0.42 0.42 0.42 0.42 0.42 [5] 0.42 0.42 0.42 0.42 0.42 0.42 0.42 0.42 0.42 [6] 0.42 0.42 0.42 0.42 0.42 0.42 0.42 0.42 0.42 [7] 0.42 0.42 0.42 0.42 0.42 0.42 0.42 0.42 0.42 [8] 0.42 0.42 0.42 0.42 0.42 0.42 0.42 0.42 0.42 [9] 0.42 0.42 0.42 0.42 0.42 0.42 0.42 0.42 0.42 [10] 0.42 0.42 0.42 0.42 0.42 0.42 0.42 0.42 0.42 [11] 0.42 0.42 0.42 0.42 0.42 0.42 0.42 0.42 0.42 [12] 0.42 0.42 0.42 0.42 0.42 0.42 0.42 0.42 0.42 
[1] [0] 0.42 0.42 0.42 0.42 0.42 0.42 0.42 0.42 0.42 [1] 0.42 0.42 0.42 0.42 0.42 0.42 0.42 0.42 0.42 [2] 0.42 0.42 0.42 0.42 0.42 0.42 0.42 0.42 0.42 [3] 0.42 0.42 0.42 0.42 0.42 0.42 0.42 0.42 0.42 [4] 0.42 0.42 0.42 0.42 0.42 0.42 0.42 0.42 0.42 [5] 0.42 0.42 0.42 0.42 0.42 0.42 0.42 0.42 0.42 [6] 0.42 0.42 0.42 0.42 0.42 0.42 0.42 0.42 0.42 [7] 0.42 0.42 0.42 0.42 0.42 0.42 0.42 0.42 0.42 [8] 0.42 0.42 0.42 0.42 0.42 0.42 0.42 0.42 0.42 [9] 0.42 0.42 0.42 0.42 0.42 0.42 0.42 0.42 0.42 [10] 0.42 0.42 0.42 0.42 0.42 0.42 0.42 0.42 0.42 [11] 0.42 0.42 0.42 0.42 0.42 0.42 0.42 0.42 0.42 [12] 0.42 0.42 0.42 0.42 0.42 0.42 0.42 0.42 0.42 
[2] [0] 0.42 0.458701 0.4630836 0.4600821 0.4923969 0.4016359 0.42 0.42 0.42 [1] 0.42 0.4223054 0.4767709 0.42 0.42 0.42 0.42 0.42 0.42 [2] 0.42 0.4009373 0.3911703 0.42 0.42 0.42 0.42 0.42 0.42 [3] 0.42 0.42 0.4159602 0.4582687 0.42 0.4389523 0.42 0.42 0.42 [4] 0.42 0.42 0.4333377 0.4802492 0.42 0.5028323 0.42 0.42 0.42 [5] 0.42 0.4110786 0.4216263 0.42 0.4120111 0.42 0.42 0.42 0.42 [6] 0.42 0.4017538 0.42 0.4147885 0.42 0.42 0.42 0.42 0.42 [7] 0.42 0.42 0.4109971 0.42 0.42 0.4051485 0.42 0.42 0.42 [8] 0.42 0.42 0.42 0.4332542 0.42 0.42 0.42 0.42 0.42 [9] 0.42 0.4164107 0.42 0.4470443 0.42 0.42 0.42 0.42 0.42 [10] 0.42 0.42 0.4139419 0.4682602 0.4797435 0.42 0.42 0.42 0.42 [11] 0.42 0.42 0.4190624 0.4552919 0.4081976 0.42 0.42 0.42 0.42 [12] 0.42 0.42 0.4784361 0.42 0.42 0.42 0.42 0.42 0.42 
[33] 
[0] [0] 0.42 0.42 0.42 0.42 0.42 0.42 0.42 0.42 0.42 [1] 0.42 0.42 0.42 0.42 0.42 0.42 0.42 0.42 0.42 [2] 0.42 0.42 0.42 0.42 0.42 0.42 0.42 0.42 0.42 [3] 0.42 0.42 0.42 0.42 0.42 0.42 0.42 0.42 0.42 [4] 0.42 0.42 0.42 0.42 0.42 0.42 0.42 0.42 0.42 [5] 0.42 0.42 0.42 0.42 0.42 0.42 0.42 0.42 0.42 [6] 0.42 0.42 0.42 0.42 0.42 0.42 0.42 0.42 0.42 [7] 0.42 0.42 0.42 0.42 0.42 0.42 0.42 0.42 0.42 [8] 0.42 0.42 0.42 0.42 0.42 0.42 0.42 0.42 0.42 [9] 0.42 0.42 0.42 0.42 0.42 0.42 0.42 0.42 0.42 [10] 0.42 0.42 0.42 0.42 0.42 0.42 0.42 0.42 0.42 [11] 0.42 0.42 0.42 0.42 0.42 0.42 0.42 0.42 0.42 [12] 0.42 0.42 0.42 0.42 0.42 0.42 0.42 0.42 0.42 
[1] [0] 0.42 0.3987258 0.4193674 0.4183034 0.4046484 0.4100432 0.42 0.42 0.42 [1] 0.42 0.414546 0.4373171 0.42 0.42 0.42 0.42 0.42 0.42 [2] 0.42 0.3999999 0.3996 0.42 0.42 0.42 0.42 0.42 0.42 [3] 0.42 0.42 0.3994014 0.4065621 0.42 0.4198336 0.42 0.42 0.42 [4] 0.42 0.42 0.400983 0.4103294 0.42 0.4197277 0.42 0.42 0.42 [5] 0.42 0.4084538 0.4007992 0.42 0.3992063 0.42 0.42 0.42 0.42 [6] 0.42 0.4023317 0.42 0.4081725 0.42 0.42 0.42 0.42 0.42 [7] 0.42 0.42 0.4039079 0.42 0.42 0.4180827 0.42 0.42 0.42 [8] 0.42 0.42 0.42 0.4071987 0.42 0.42 0.42 0.42 0.42 [9] 0.42 0.4031656 0.42 0.4120014 0.42 0.42 0.42 0.42 0.42 [10] 0.42 0.42 0.4140377 0.4290419 0.4204348 0.42 0.42 0.42 0.42 [11] 0.42 0.42 0.4087908 0.4054716 0.4165317 0.42 0.42 0.42 0.42 [12] 0.42 0.42 0.4138309 0.42 0.42 0.42 0.42 0.42 0.42 
[2] [0] 0.42 0.4030438 0.4051223 0.3928737 0.3797947 0.397011 0.42 0.42 0.42 [1] 0.42 0.395842 0.3897853 0.42 0.42 0.42 0.42 0.42 0.42 [2] 0.42 0.4011914 0.4003994 0.42 0.42 0.42 0.42 0.42 0.42 [3] 0.42 0.42 0.3948964 0.4017512 0.42 0.4003974 0.42 0.42 0.42 [4] 0.42 0.42 0.4008964 0.4008122 0.42 0.3984168 0.42 0.42 0.42 [5] 0.42 0.4007982 0.3997992 0.42 0.4011934 0.42 0.42 0.42 0.42 [6] 0.42 0.3988012 0.42 0.3999871 0.42 0.42 0.42 0.42 0.42 [7] 0.42 0.42 0.4012053 0.42 0.42 0.398008 0.42 0.42 0.42 [8] 0.42 0.42 0.42 0.4023861 0.42 0.42 0.42 0.42 0.42 [9] 0.42 0.3990566 0.42 0.4015489 0.42 0.42 0.42 0.42 0.42 [10] 0.42 0.42 0.4 0.4152907 0.3990086 0.42 0.42 0.42 0.42 [11] 0.42 0.42 0.399594 0.4145836 0.4168134 0.42 0.42 0.42 0.42 [12] 0.42 0.4118971 0.3932985 0.4 0.42 0.42 0.42 0.42 0.42 
[34] 
[0] [0] 0.42 0.42 0.42 0.42 0.42 0.42 0.42 0.42 0.42 [1] 0.42 0.42 0.42 0.42 0.42 0.42 0.42 0.42 0.42 [2] 0.42 0.42 0.42 0.42 0.42 0.42 0.42 0.42 0.42 [3] 0.42 0.42 0.42 0.42 0.42 0.42 0.42 0.42 0.42 [4] 0.42 0.42 0.42 0.42 0.42 0.42 0.42 0.42 0.42 [5] 0.42 0.42 0.42 0.42 0.42 0.42 0.42 0.42 0.42 [6] 0.42 0.42 0.42 0.42 0.42 0.42 0.42 0.42 0.42 [7] 0.42 0.42 0.42 0.42 0.42 0.42 0.42 0.42 0.42 [8] 0.42 0.42 0.42 0.42 0.42 0.42 0.42 0.42 0.42 [9] 0.42 0.42 0.42 0.42 0.42 0.42 0.42 0.42 0.42 [10] 0.42 0.42 0.42 0.42 0.42 0.42 0.42 0.42 0.42 [11] 0.42 0.42 0.42 0.42 0.42 0.42 0.42 0.42 0.42 [12] 0.42 0.42 0.42 0.42 0.42 0.42 0.42 0.42 0.42 
[1] [0] 0.42 0.42 0.42 0.42 0.42 0.42 0.42 0.42 0.42 [1] 0.42 0.42 0.42 0.42 0.42 0.42 0.42 0.42 0.42 [2] 0.42 0.42 0.42 0.42 0.42 0.42 0.42 0.42 0.42 [3] 0.42 0.42 0.42 0.42 0.42 0.42 0.42 0.42 0.42 [4] 0.42 0.42 0.42 0.42 0.42 0.42 0.42 0.42 0.42 [5] 0.42 0.42 0.42 0.42 0.42 0.42 0.42 0.42 0.42 [6] 0.42 0.42 0.42 0.42 0.42 0.42 0.42 0.42 0.42 [7] 0.42 0.42 0.42 0.42 0.42 0.42 0.42 0.42 0.42 [8] 0.42 0.42 0.42 0.42 0.42 0.42 0.42 0.42 0.42 [9] 0.42 0.42 0.42 0.42 0.42 0.42 0.42 0.42 0.42 [10] 0.42 0.42 0.42 0.42 0.42 0.42 0.42 0.42 0.42 [11] 0.42 0.42 0.42 0.42 0.42 0.42 0.42 0.42 0.42 [12] 0.42 0.42 0.42 0.42 0.42 0.42 0.42 0.42 0.42 
[2] [0] 0.42 0.4757278 0.4525007 0.4792815 0.4565981 0.4278389 0.42 0.42 0.42 [1] 0.42 0.4363864 0.4548294 0.42 0.42 0.42 0.42 0.42 0.42 [2] 0.42 0.3930012 0.3870386 0.42 0.42 0.42 0.42 0.42 0.42 [3] 0.42 0.42 0.4512582 0.4816786 0.42 0.4658463 0.42 0.42 0.42 [4] 0.42 0.42 0.4499885 0.4791037 0.42 0.4808875 0.42 0.42 0.42 [5] 0.42 0.4040559 0.4065357 0.42 0.4558834 0.42 0.42 0.42 0.42 [6] 0.42 0.4187695 0.42 0.4239761 0.42 0.42 0.42 0.42 0.42 [7] 0.42 0.42 0.4137846 0.42 0.42 0.4249903 0.42 0.42 0.42 [8] 0.42 0.42 0.42 0.4798279 0.42 0.42 0.42 0.42 0.42 [9] 0.42 0.4064964 0.42 0.4573989 0.42 0.42 0.42 0.42 0.42 [10] 0.42 0.42 0.4 0.4775112 0.4748713 0.42 0.42 0.42 0.42 [11] 0.42 0.42 0.4443405 0.4690124 0.3984056 0.42 0.42 0.42 0.42 [12] 0.42 0.42 0.4639663 0.42 0.42 0.42 0.42 0.42 0.42 
[35] 
[0] [0] 0.5 0.5 0.5 0.5 0.5 0.5 0.5 0.5 0.5 [1] 0.5 0.5 0.5 0.5 0.5 0.5 0.5 0.5 0.5 [2] 0.5 0.5 0.5 0.5 0.5 0.5 0.5 0.5 0.5 [3] 0.5 0.5 0.5 0.5 0.5 0.5 0.5 0.5 0.5 [4] 0.5 0.5 0.5 0.5 0.5 0.5 0.5 0.5 0.5 [5] 0.5 0.5 0.5 0.5 0.5 0.5 0.5 0.5 0.5 [6] 0.5 0.5 0.5 0.5 0.5 0.5 0.5 0.5 0.5 [7] 0.5 0.5 0.5 0.5 0.5 0.5 0.5 0.5 0.5 [8] 0.5 0.5 0.5 0.5 0.5 0.5 0.5 0.5 0.5 [9] 0.5 0.5 0.5 0.5 0.5 0.5 0.5 0.5 0.5 [10] 0.5 0.5 0.5 0.5 0.5 0.5 0.5 0.5 0.5 [11] 0.5 0.5 0.5 0.5 0.5 0.5 0.5 0.5 0.5 [12] 0.5 0.5 0.5 0.5 0.5 0.5 0.5 0.5 0.5 
[1] [0] 0.5 0.5 0.5 0.5 0.5 0.5 0.5 0.5 0.5 [1] 0.5 0.5 0.5 0.5 0.5 0.5 0.5 0.5 0.5 [2] 0.5 0.5 0.5 0.5 0.5 0.5 0.5 0.5 0.5 [3] 0.5 0.5 0.5 0.5 0.5 0.5 0.5 0.5 0.5 [4] 0.5 0.5 0.5 0.5 0.5 0.5 0.5 0.5 0.5 [5] 0.5 0.5 0.5 0.5 0.5 0.5 0.5 0.5 0.5 [6] 0.5 0.5 0.5 0.5 0.5 0.5 0.5 0.5 0.5 [7] 0.5 0.5 0.5 0.5 0.5 0.5 0.5 0.5 0.5 [8] 0.5 0.5 0.5 0.5 0.5 0.5 0.5 0.5 0.5 [9] 0.5 0.5 0.5 0.5 0.5 0.5 0.5 0.5 0.5 [10] 0.5 0.5 0.5 0.5 0.5 0.5 0.5 0.5 0.5 [11] 0.5 0.5 0.5 0.5 0.5 0.5 0.5 0.5 0.5 [12] 0.5 0.5 0.5 0.5 0.5 0.5 0.5 0.5 0.5 
[2] [0] 0.5 0.4259289 0.4156474 0.4124564 0.3940475 0.42926 0.5 0.5 0.5 [1] 0.5 0.4384742 0.4504266 0.5 0.5 0.5 0.5 0.5 0.5 [2] 0.5 0.4645236 0.4556998 0.5 0.5 0.5 0.5 0.5 0.5 [3] 0.5 0.5 0.421435 0.4230734 0.5 0.4446686 0.5 0.5 0.5 [4] 0.5 0.5 0.4422342 0.4334828 0.5 0.4273305 0.5 0.5 0.5 [5] 0.5 0.489069 0.4789942 0.5 0.4618417 0.5 0.5 0.5 0.5 [6] 0.5 0.482109 0.5 0.4740419 0.5 0.5 0.5 0.5 0.5 [7] 0.5 0.5 0.4791 0.5 0.5 0.490404 0.5 0.5 0.5 [8] 0.5 0.5 0.5 0.4578197 0.5 0.5 0.5 0.5 0.5 [9] 0.5 0.4859795 0.5 0.4373022 0.5 0.5 0.5 0.5 0.5 [10] 0.5 0.5 0.5 0.4403643 0.4167119 0.5 0.5 0.5 0.5 [11] 0.5 0.5 0.4756629 0.4544306 0.4333984 0.5 0.5 0.5 0.5 [12] 0.5 0.5 0.4293953 0.5 0.5 0.5 0.5 0.5 0.5 
[36] 
[0] [0] 0.5 0.5 0.5 0.5 0.5 0.5 0.5 0.5 0.5 [1] 0.5 0.5 0.5 0.5 0.5 0.5 0.5 0.5 0.5 [2] 0.5 0.5 0.5 0.5 0.5 0.5 0.5 0.5 0.5 [3] 0.5 0.5 0.5 0.5 0.5 0.5 0.5 0.5 0.5 [4] 0.5 0.5 0.5 0.5 0.5 0.5 0.5 0.5 0.5 [5] 0.5 0.5 0.5 0.5 0.5 0.5 0.5 0.5 0.5 [6] 0.5 0.5 0.5 0.5 0.5 0.5 0.5 0.5 0.5 [7] 0.5 0.5 0.5 0.5 0.5 0.5 0.5 0.5 0.5 [8] 0.5 0.5 0.5 0.5 0.5 0.5 0.5 0.5 0.5 [9] 0.5 0.5 0.5 0.5 0.5 0.5 0.5 0.5 0.5 [10] 0.5 0.5 0.5 0.5 0.5 0.5 0.5 0.5 0.5 [11] 0.5 0.5 0.5 0.5 0.5 0.5 0.5 0.5 0.5 [12] 0.5 0.5 0.5 0.5 0.5 0.5 0.5 0.5 0.5 
[1] [0] 0.5 0.5 0.5 0.5 0.5 0.5 0.5 0.5 0.5 [1] 0.5 0.5 0.5 0.5 0.5 0.5 0.5 0.5 0.5 [2] 0.5 0.5 0.5 0.5 0.5 0.5 0.5 0.5 0.5 [3] 0.5 0.5 0.5 0.5 0.5 0.5 0.5 0.5 0.5 [4] 0.5 0.5 0.5 0.5 0.5 0.5 0.5 0.5 0.5 [5] 0.5 0.5 0.5 0.5 0.5 0.5 0.5 0.5 0.5 [6] 0.5 0.5 0.5 0.5 0.5 0.5 0.5 0.5 0.5 [7] 0.5 0.5 0.5 0.5 0.5 0.5 0.5 0.5 0.5 [8] 0.5 0.5 0.5 0.5 0.5 0.5 0.5 0.5 0.5 [9] 0.5 0.5 0.5 0.5 0.5 0.5 0.5 0.5 0.5 [10] 0.5 0.5 0.5 0.5 0.5 0.5 0.5 0.5 0.5 [11] 0.5 0.5 0.5 0.5 0.5 0.5 0.5 0.5 0.5 [12] 0.5 0.5 0.5 0.5 0.5 0.5 0.5 0.5 0.5 
[2] [0] 0.5 0.4783245 0.4743241 0.4847609 0.4815342 0.4300594 0.5 0.5 0.5 [1] 0.5 0.4367612 0.4776725 0.5 0.5 0.5 0.5 0.5 0.5 [2] 0.5 0.4269082 0.3799611 0.5 0.5 0.5 0.5 0.5 0.5 [3] 0.5 0.5 0.4587369 0.4696941 0.5 0.4620957 0.5 0.5 0.5 [4] 0.5 0.5 0.4461682 0.4882767 0.5 0.4910586 0.5 0.5 0.5 [5] 0.5 0.4503511 0.4389007 0.5 0.4438018 0.5 0.5 0.5 0.5 [6] 0.5 0.4648265 0.5 0.4647051 0.5 0.5 0.5 0.5 0.5 [7] 0.5 0.5 0.4533862 0.5 0.5 0.4331156 0.5 0.5 0.5 [8] 0.5 0.5 0.5 0.4735705 0.5 0.5 0.5 0.5 0.5 [9] 0.5 0.4469021 0.5 0.4639465 0.5 0.5 0.5 0.5 0.5 [10] 0.5 0.5 0.5 0.4768776 0.472833 0.5 0.5 0.5 0.5 [11] 0.5 0.5 0.4570391 0.4629993 0.3994411 0.5 0.5 0.5 0.5 [12] 0.5 0.5 0.4713914 0.5 0.5 0.5 0.5 0.5 0.5 
[37] 
[0] [0] 0.5 0.5 0.5 0.5 0.5 0.5 0.5 0.5 0.5 [1] 0.5 0.5 0.5 0.5 0.5 0.5 0.5 0.5 0.5 [2] 0.5 0.5 0.5 0.5 0.5 0.5 0.5 0.5 0.5 [3] 0.5 0.5 0.5 0.5 0.5 0.5 0.5 0.5 0.5 [4] 0.5 0.5 0.5 0.5 0.5 0.5 0.5 0.5 0.5 [5] 0.5 0.5 0.5 0.5 0.5 0.5 0.5 0.5 0.5 [6] 0.5 0.5 0.5 0.5 0.5 0.5 0.5 0.5 0.5 [7] 0.5 0.5 0.5 0.5 0.5 0.5 0.5 0.5 0.5 [8] 0.5 0.5 0.5 0.5 0.5 0.5 0.5 0.5 0.5 [9] 0.5 0.5 0.5 0.5 0.5 0.5 0.5 0.5 0.5 [10] 0.5 0.5 0.5 0.5 0.5 0.5 0.5 0.5 0.5 [11] 0.5 0.5 0.5 0.5 0.5 0.5 0.5 0.5 0.5 [12] 0.5 0.5 0.5 0.5 0.5 0.5 0.5 0.5 0.5 
[1] [0] 0.5 0.5 0.5 0.5 0.5 0.5 0.5 0.5 0.5 [1] 0.5 0.5 0.5 0.5 0.5 0.5 0.5 0.5 0.5 [2] 0.5 0.5 0.5 0.5 0.5 0.5 0.5 0.5 0.5 [3] 0.5 0.5 0.5 0.5 0.5 0.5 0.5 0.5 0.5 [4] 0.5 0.5 0.5 0.5 0.5 0.5 0.5 0.5 0.5 [5] 0.5 0.5 0.5 0.5 0.5 0.5 0.5 0.5 0.5 [6] 0.5 0.5 0.5 0.5 0.5 0.5 0.5 0.5 0.5 [7] 0.5 0.5 0.5 0.5 0.5 0.5 0.5 0.5 0.5 [8] 0.5 0.5 0.5 0.5 0.5 0.5 0.5 0.5 0.5 [9] 0.5 0.5 0.5 0.5 0.5 0.5 0.5 0.5 0.5 [10] 0.5 0.5 0.5 0.5 0.5 0.5 0.5 0.5 0.5 [11] 0.5 0.5 0.5 0.5 0.5 0.5 0.5 0.5 0.5 [12] 0.5 0.5 0.5 0.5 0.5 0.5 0.5 0.5 0.5 
[2] [0] 0.5 0.4800508 0.4837587 0.4887025 0.4847599 0.4250613 0.5 0.5 0.5 [1] 0.5 0.4269888 0.4839306 0.5 0.5 0.5 0.5 0.5 0.5 [2] 0.5 0.418422 0.3793351 0.5 0.5 0.5 0.5 0.5 0.5 [3] 0.5 0.5 0.4588066 0.4728673 0.5 0.4675644 0.5 0.5 0.5 [4] 0.5 0.5 0.4458304 0.4884619 0.5 0.4968595 0.5 0.5 0.5 [5] 0.5 0.4453219 0.4452537 0.5 0.4540471 0.5 0.5 0.5 0.5 [6] 0.5 0.4748157 0.5 0.4668926 0.5 0.5 0.5 0.5 0.5 [7] 0.5 0.5 0.458192 0.5 0.5 0.4359322 0.5 0.5 0.5 [8] 0.5 0.5 0.5 0.478042 0.5 0.5 0.5 0.5 0.5 [9] 0.5 0.4399507 0.5 0.4663159 0.5 0.5 0.5 0.5 0.5 [10] 0.5 0.5 0.5 0.4791175 0.4875986 0.5 0.5 0.5 0.5 [11] 0.5 0.5 0.4824081 0.4893784 0.3918266 0.5 0.5 0.5 0.5 [12] 0.5 0.5 0.4757634 0.5 0.5 0.5 0.5 0.5 0.5 
[38] 
[0] [0] 0.5 0.4013571 0.3829483 0.3945643 0.3749188 0.4351975 0.5 0.5 0.5 [1] 0.5 0.408947 0.400162 0.5 0.5 0.5 0.5 0.5 0.5 [2] 0.5 0.4656194 0.4720595 0.5 0.5 0.5 0.5 0.5 0.5 [3] 0.5 0.5 0.4163952 0.399139 0.5 0.4453019 0.5 0.5 0.5 [4] 0.5 0.5 0.434398 0.3998054 0.5 0.3994688 0.5 0.5 0.5 [5] 0.5 0.4868331 0.4776903 0.5 0.456678 0.5 0.5 0.5 0.5 [6] 0.5 0.4838847 0.5 0.4726332 0.5 0.5 0.5 0.5 0.5 [7] 0.5 0.5 0.4853531 0.5 0.5 0.4753159 0.5 0.5 0.5 [8] 0.5 0.5 0.5 0.4728119 0.5 0.5 0.5 0.5 0.5 [9] 0.5 0.4711939 0.5 0.4097186 0.5 0.5 0.5 0.5 0.5 [10] 0.5 0.5 0.5 0.4276848 0.400459 0.5 0.5 0.5 0.5 [11] 0.5 0.5 0.4729531 0.4612803 0.4492656 0.5 0.5 0.5 0.5 [12] 0.5 0.5 0.3974105 0.5 0.5 0.5 0.5 0.5 0.5 
[1] [0] 0.5 0.5 0.5 0.5 0.5 0.5 0.5 0.5 0.5 [1] 0.5 0.5 0.5 0.5 0.5 0.5 0.5 0.5 0.5 [2] 0.5 0.5 0.5 0.5 0.5 0.5 0.5 0.5 0.5 [3] 0.5 0.5 0.5 0.5 0.5 0.5 0.5 0.5 0.5 [4] 0.5 0.5 0.5 0.5 0.5 0.5 0.5 0.5 0.5 [5] 0.5 0.5 0.5 0.5 0.5 0.5 0.5 0.5 0.5 [6] 0.5 0.5 0.5 0.5 0.5 0.5 0.5 0.5 0.5 [7] 0.5 0.5 0.5 0.5 0.5 0.5 0.5 0.5 0.5 [8] 0.5 0.5 0.5 0.5 0.5 0.5 0.5 0.5 0.5 [9] 0.5 0.5 0.5 0.5 0.5 0.5 0.5 0.5 0.5 [10] 0.5 0.5 0.5 0.5 0.5 0.5 0.5 0.5 0.5 [11] 0.5 0.5 0.5 0.5 0.5 0.5 0.5 0.5 0.5 [12] 0.5 0.5 0.5 0.5 0.5 0.5 0.5 0.5 0.5 
[2] [0] 0.5 0.5 0.5 0.5 0.5 0.5 0.5 0.5 0.5 [1] 0.5 0.5 0.5 0.5 0.5 0.5 0.5 0.5 0.5 [2] 0.5 0.5 0.5 0.5 0.5 0.5 0.5 0.5 0.5 [3] 0.5 0.5 0.5 0.5 0.5 0.5 0.5 0.5 0.5 [4] 0.5 0.5 0.5 0.5 0.5 0.5 0.5 0.5 0.5 [5] 0.5 0.5 0.5 0.5 0.5 0.5 0.5 0.5 0.5 [6] 0.5 0.5 0.5 0.5 0.5 0.5 0.5 0.5 0.5 [7] 0.5 0.5 0.5 0.5 0.5 0.5 0.5 0.5 0.5 [8] 0.5 0.5 0.5 0.5 0.5 0.5 0.5 0.5 0.5 [9] 0.5 0.5 0.5 0.5 0.5 0.5 0.5 0.5 0.5 [10] 0.5 0.5 0.5 0.5 0.5 0.5 0.5 0.5 0.5 [11] 0.5 0.5 0.5 0.5 0.5 0.5 0.5 0.5 0.5 [12] 0.5 0.5 0.5 0.5 0.5 0.5 0.5 0.5 0.5 
