[0] 
[0] [0] 0.4507006 0.5 0.5 [1] 0.5122412 0.4728987 0.4841943 [2] 0.4184349 0.4403239 0.3817401 [3] 0.421043 0.4816971 0.5 [4] 0.4 0.5 0.4669355 [5] 0.4491459 0.450748 0.4304956 [6] 0.4836728 0.4575721 0.4686833 [7] 0.4897218 0.4426619 0.4205929 [8] 0.494844 0.4696493 0.4577727 [9] 0.4 0.5 0.4409167 [10] 0.4705579 0.4428671 0.5 [11] 0.4645027 0.5 0.5 [12] 0.5115654 0.5 0.4548201 [13] 0.4892496 0.4191312 0.4727624 [14] 0.416342 0.449259 0.4 [15] 0.4 0.4456861 0.4605658 [16] 0.4285943 0.4671152 0.5 [17] 0.4215553 0.3838932 0.4 [18] 0.4015057 0.4210083 0.5 [19] 0.4118398 0.5 0.4821115 [20] 0.4 0.5 0.4687859 [21] 0.4882961 0.5 0.4614931 [22] 0.4533843 0.5 0.4853671 [23] 0.4885908 0.5 0.456204 [24] 0.4892135 0.5 0.4465243 [25] 0.4928254 0.4801456 0.4867038 [26] 0.4782301 0.5 0.4518925 [27] 0.4 0.5 0.4569168 [28] 0.4340577 0.5 0.4618847 [29] 0.4 0.5 0.4114427 [30] 0.4900581 0.5 0.4776259 [31] 0.4 0.5 0.3981382 [32] 0.4 0.5 0.4831706 [33] 0.4 0.4090557 0.3988703 [34] 0.5 0.5 0.4712957 [35] 0.5 0.5 0.4220147 [36] 0.5 0.5 0.4681507 [37] 0.5 0.5 0.4798447 [38] 0.396948 0.5 0.5 
[1] [0] 0.5 0.5 0.5 [1] 0.5 0.5 0.5 [2] 0.5 0.5 0.5 [3] 0.5 0.5 0.5 [4] 0.5 0.5 0.5 [5] 0.5 0.5 0.5 [6] 0.5 0.5 0.5 [7] 0.5 0.5 0.5 [8] 0.5 0.5 0.5 [9] 0.5 0.5 0.5 [10] 0.5 0.5 0.5 [11] 0.5 0.5 0.5 [12] 0.5 0.5 0.5 [13] 0.5 0.5 0.5 [14] 0.5 0.5 0.5 [15] 0.5 0.5 0.5 [16] 0.5 0.5 0.5 [17] 0.5 0.5 0.5 [18] 0.5 0.5 0.5 [19] 0.5 0.5 0.5 [20] 0.5 0.5 0.5 [21] 0.5 0.5 0.5 [22] 0.5 0.5 0.5 [23] 0.5 0.5 0.5 [24] 0.5 0.5 0.5 [25] 0.5 0.5 0.5 [26] 0.5 0.5 0.5 [27] 0.5 0.5 0.5 [28] 0.5 0.5 0.5 [29] 0.5 0.5 0.5 [30] 0.5 0.5 0.5 [31] 0.5 0.5 0.5 [32] 0.5 0.5 0.5 [33] 0.5 0.5 0.5 [34] 0.5 0.5 0.5 [35] 0.5 0.5 0.5 [36] 0.5 0.5 0.5 [37] 0.5 0.5 0.5 [38] 0.5 0.5 0.5 
[2] [0] 0.5 0.5 0.5 [1] 0.5 0.5 0.5 [2] 0.5 0.5 0.5 [3] 0.5 0.5 0.5 [4] 0.5 0.5 0.5 [5] 0.5 0.5 0.5 [6] 0.5 0.5 0.5 [7] 0.5 0.5 0.5 [8] 0.5 0.5 0.5 [9] 0.5 0.5 0.5 [10] 0.5 0.5 0.5 [11] 0.5 0.5 0.5 [12] 0.5 0.5 0.5 [13] 0.5 0.5 0.5 [14] 0.5 0.5 0.5 [15] 0.5 0.5 0.5 [16] 0.5 0.5 0.5 [17] 0.5 0.5 0.5 [18] 0.5 0.5 0.5 [19] 0.5 0.5 0.5 [20] 0.5 0.5 0.5 [21] 0.5 0.5 0.5 [22] 0.5 0.5 0.5 [23] 0.5 0.5 0.5 [24] 0.5 0.5 0.5 [25] 0.5 0.5 0.5 [26] 0.5 0.5 0.5 [27] 0.5 0.5 0.5 [28] 0.5 0.5 0.5 [29] 0.5 0.5 0.5 [30] 0.5 0.5 0.5 [31] 0.5 0.5 0.5 [32] 0.5 0.5 0.5 [33] 0.5 0.5 0.5 [34] 0.5 0.5 0.5 [35] 0.5 0.5 0.5 [36] 0.5 0.5 0.5 [37] 0.5 0.5 0.5 [38] 0.5 0.5 0.5 
[1] 
[0] [0] 0.5 0.5 0.5 [1] 0.5 0.5 0.5 [2] 0.5 0.5 0.5 [3] 0.5 0.5 0.5 [4] 0.5 0.5 0.5 [5] 0.5 0.5 0.5 [6] 0.5 0.5 0.5 [7] 0.5 0.5 0.5 [8] 0.5 0.5 0.5 [9] 0.5 0.5 0.5 [10] 0.5 0.5 0.5 [11] 0.5105019 0.5 0.5 [12] 0.5 0.5 0.5 [13] 0.5 0.5 0.5 [14] 0.5 0.5 0.5 [15] 0.5 0.5 0.5 [16] 0.5 0.5 0.5 [17] 0.5 0.5 0.5 [18] 0.5 0.5 0.5 [19] 0.5 0.5 0.5 [20] 0.5 0.5 0.5 [21] 0.5 0.5 0.5 [22] 0.5 0.5 0.5 [23] 0.5 0.5 0.5 [24] 0.5 0.5 0.5 [25] 0.5 0.5 0.5 [26] 0.5 0.5 0.5 [27] 0.5 0.5 0.5 [28] 0.5 0.5 0.5 [29] 0.5 0.5 0.5 [30] 0.5 0.5 0.5 [31] 0.5 0.5 0.5 [32] 0.5 0.5 0.5 [33] 0.5 0.5 0.5 [34] 0.5 0.5 0.5 [35] 0.5 0.5 0.5 [36] 0.5 0.5 0.5 [37] 0.5 0.5 0.5 [38] 0.5 0.5 0.5 
[1] [0] 0.5 0.5 0.5 [1] 0.5 0.4307328 0.4402577 [2] 0.5 0.4098621 0.3950607 [3] 0.5 0.4752483 0.5 [4] 0.5 0.4010878 0.472548 [5] 0.5 0.4087746 0.4475434 [6] 0.5 0.4776772 0.4739041 [7] 0.5 0.4428629 0.4407082 [8] 0.5 0.448945 0.480738 [9] 0.5 0.4 0.4044129 [10] 0.5 0.4693357 0.5 [11] 0.4370663 0.5 0.5 [12] 0.5 0.4900666 0.4485713 [13] 0.5 0.4028922 0.4880744 [14] 0.5 0.4512177 0.4 [15] 0.5 0.4556676 0.4693227 [16] 0.5 0.4477423 0.5 [17] 0.5 0.3922868 0.4 [18] 0.5 0.4329962 0.5 [19] 0.5 0.4082113 0.4494628 [20] 0.5 0.409857 0.4501223 [21] 0.5 0.4718281 0.4785569 [22] 0.4729109 0.486977 0.4578371 [23] 0.5 0.483808 0.4905952 [24] 0.5 0.4898813 0.4511401 [25] 0.5 0.4874617 0.4597622 [26] 0.5 0.4856572 0.4723192 [27] 0.5 0.4084655 0.4050324 [28] 0.5 0.4583324 0.4722212 [29] 0.5 0.4094635 0.3990811 [30] 0.5 0.4768465 0.4372831 [31] 0.5 0.4 0.4008643 [32] 0.5 0.4157599 0.4569443 [33] 0.5 0.3954598 0.3974157 [34] 0.5 0.5 0.4793281 [35] 0.5 0.5 0.4363375 [36] 0.5 0.5 0.4725671 [37] 0.5 0.5 0.4950099 [38] 0.4194416 0.5 0.5 
[2] [0] 0.5 0.5 0.5 [1] 0.5 0.4598571 0.4544581 [2] 0.5 0.4058043 0.397009 [3] 0.5 0.4749792 0.5 [4] 0.5 0.5 0.454816 [5] 0.5 0.4242508 0.4512564 [6] 0.5 0.4841433 0.4896805 [7] 0.5 0.4321585 0.4714211 [8] 0.5 0.4659162 0.4644049 [9] 0.5 0.5 0.4310919 [10] 0.5 0.4651451 0.4913982 [11] 0.4691128 0.5 0.5 [12] 0.5 0.5 0.4684646 [13] 0.5 0.4097026 0.4740127 [14] 0.5 0.4431589 0.4 [15] 0.5 0.4341719 0.4831623 [16] 0.5 0.4713385 0.5 [17] 0.5 0.3975291 0.4 [18] 0.5 0.4091294 0.5 [19] 0.5 0.5 0.4675668 [20] 0.5 0.5 0.4364027 [21] 0.5 0.5 0.4867977 [22] 0.4884864 0.5 0.4880643 [23] 0.5 0.5 0.4658809 [24] 0.5 0.5 0.4503516 [25] 0.5 0.4935977 0.4473114 [26] 0.5 0.5 0.4585572 [27] 0.5 0.5 0.4157969 [28] 0.5 0.5 0.4752827 [29] 0.5 0.5 0.4009485 [30] 0.5 0.5 0.4422563 [31] 0.5 0.5 0.3979504 [32] 0.5 0.5 0.4508688 [33] 0.5 0.411677 0.4009574 [34] 0.5 0.5 0.4662717 [35] 0.5 0.5 0.4486955 [36] 0.5 0.5 0.4843586 [37] 0.5 0.5 0.4825297 [38] 0.4195901 0.5 0.5 
[2] 
[0] [0] 0.5 0.5 0.5 [1] 0.5 0.5 0.5 [2] 0.5 0.5 0.5 [3] 0.5 0.5 0.5 [4] 0.5 0.5 0.5 [5] 0.5 0.5 0.5 [6] 0.5 0.5 0.5 [7] 0.5 0.5 0.5 [8] 0.5 0.5 0.5 [9] 0.5 0.5 0.5 [10] 0.5 0.5 0.5 [11] 0.4056611 0.5 0.5 [12] 0.5 0.5 0.5 [13] 0.5 0.5 0.5 [14] 0.5 0.5 0.5 [15] 0.5 0.5 0.5 [16] 0.5 0.5 0.5 [17] 0.5 0.5 0.5 [18] 0.5 0.5 0.5 [19] 0.5 0.5 0.5 [20] 0.5 0.5 0.5 [21] 0.5 0.5 0.5 [22] 0.5 0.5 0.5 [23] 0.5 0.5 0.5 [24] 0.5 0.5 0.5 [25] 0.5 0.5 0.5 [26] 0.5 0.5 0.5 [27] 0.5 0.5 0.5 [28] 0.5 0.5 0.5 [29] 0.5 0.5 0.5 [30] 0.5 0.5 0.5 [31] 0.5 0.5 0.5 [32] 0.5 0.5 0.5 [33] 0.5 0.5 0.5 [34] 0.5 0.5 0.5 [35] 0.5 0.5 0.5 [36] 0.5 0.5 0.5 [37] 0.5 0.5 0.5 [38] 0.5 0.5 0.5 
[1] [0] 0.5 0.5 0.5 [1] 0.5 0.5 0.5 [2] 0.5 0.4384021 0.4409153 [3] 0.5 0.4558251 0.5 [4] 0.5 0.4400714 0.4732987 [5] 0.5 0.411135 0.3993286 [6] 0.5 0.4570606 0.4561986 [7] 0.5 0.4340098 0.4108517 [8] 0.5 0.4677298 0.4617091 [9] 0.5 0.4376224 0.4074611 [10] 0.5 0.4560842 0.5 [11] 0.4530846 0.5 0.5 [12] 0.5 0.4318111 0.4224486 [13] 0.5 0.4011229 0.4352207 [14] 0.5 0.435394 0.4 [15] 0.5 0.4283123 0.447541 [16] 0.5 0.4515325 0.5 [17] 0.5 0.3979226 0.4 [18] 0.5 0.4512871 0.5 [19] 0.5 0.4375449 0.4495726 [20] 0.5 0.4172437 0.4271985 [21] 0.5 0.4163443 0.4361035 [22] 0.4523829 0.4253382 0.4009787 [23] 0.5 0.432281 0.4463611 [24] 0.5 0.4362639 0.4157475 [25] 0.5 0.4714895 0.4057039 [26] 0.5 0.4560491 0.409592 [27] 0.5 0.4067241 0.4106731 [28] 0.5 0.4784651 0.4621916 [29] 0.5 0.4680899 0.3998032 [30] 0.5 0.4731423 0.4403373 [31] 0.5 0.4857077 0.4010099 [32] 0.5 0.4937281 0.4214074 [33] 0.5 0.4023942 0.4018341 [34] 0.5 0.5 0.4586254 [35] 0.5 0.5 0.4656333 [36] 0.5 0.5 0.4582153 [37] 0.5 0.5 0.4655989 [38] 0.4656667 0.5 0.5 
[2] [0] 0.5 0.5 0.5 [1] 0.5 0.5 0.5 [2] 0.5 0.3968142 0.5 [3] 0.5 0.3902297 0.5 [4] 0.5 0.5 0.3943134 [5] 0.5 0.3988012 0.3998012 [6] 0.5 0.3794813 0.3888074 [7] 0.5 0.399997 0.4004207 [8] 0.5 0.3939033 0.3847384 [9] 0.5 0.5 0.400998 [10] 0.5 0.3929344 0.4 [11] 0.3859358 0.5 0.5 [12] 0.5 0.5 0.3984123 [13] 0.5 0.3988012 0.392649 [14] 0.5 0.4505772 0.4 [15] 0.5 0.397014 0.3744373 [16] 0.5 0.393903 0.5 [17] 0.5 0.398604 0.4 [18] 0.5 0.3998012 0.5 [19] 0.5 0.5 0.3952532 [20] 0.5 0.5 0.394842 [21] 0.5 0.5 0.3991936 [22] 0.4065263 0.5 0.4 [23] 0.5 0.5 0.3945096 [24] 0.5 0.5 0.3982401 [25] 0.5 0.3903187 0.4006 [26] 0.5 0.5 0.3984024 [27] 0.5 0.5 0.3988012 [28] 0.5 0.5 0.3893707 [29] 0.5 0.5 0.4 [30] 0.5 0.5 0.399998 [31] 0.5 0.5 0.4 [32] 0.5 0.5 0.3966418 [33] 0.5 0.4 0.4001994 [34] 0.5 0.5 0.396258 [35] 0.5 0.5 0.4810202 [36] 0.5 0.5 0.4127585 [37] 0.5 0.5 0.4009991 [38] 0.485924 0.5 0.5 
[3] 
[0] [0] 0.5 0.5 0.5 [1] 0.5 0.5 0.5 [2] 0.5 0.5 0.5 [3] 0.5 0.5 0.5 [4] 0.5 0.5 0.5 [5] 0.5 0.5 0.5 [6] 0.5 0.5 0.5 [7] 0.5 0.5 0.5 [8] 0.5 0.5 0.5 [9] 0.5 0.5 0.5 [10] 0.5 0.5 0.5 [11] 0.4640905 0.5 0.5 [12] 0.5 0.5 0.5 [13] 0.5 0.5 0.5 [14] 0.5 0.5 0.5 [15] 0.5 0.5 0.5 [16] 0.5 0.5 0.5 [17] 0.5 0.5 0.5 [18] 0.5 0.5 0.5 [19] 0.5 0.5 0.5 [20] 0.5 0.5 0.5 [21] 0.5 0.5 0.5 [22] 0.5 0.5 0.5 [23] 0.5 0.5 0.5 [24] 0.5 0.5 0.5 [25] 0.5 0.5 0.5 [26] 0.5 0.5 0.5 [27] 0.5 0.5 0.5 [28] 0.5 0.5 0.5 [29] 0.5 0.5 0.5 [30] 0.5 0.5 0.5 [31] 0.5 0.5 0.5 [32] 0.5 0.5 0.5 [33] 0.5 0.5 0.5 [34] 0.5 0.5 0.5 [35] 0.5 0.5 0.5 [36] 0.5 0.5 0.5 [37] 0.5 0.5 0.5 [38] 0.5 0.5 0.5 
[1] [0] 0.5 0.5 0.5 [1] 0.5 0.5 0.5 [2] 0.5 0.5 0.5 [3] 0.5 0.4455451 0.5 [4] 0.5 0.4052416 0.477792 [5] 0.5 0.4115122 0.4264395 [6] 0.5 0.4760759 0.4734432 [7] 0.5 0.4386151 0.4232702 [8] 0.5 0.4877275 0.4675049 [9] 0.5 0.4058075 0.4315113 [10] 0.5 0.4762513 0.5 [11] 0.4832597 0.5 0.5 [12] 0.5 0.4566518 0.4742939 [13] 0.5 0.4296013 0.4619009 [14] 0.5 0.4675661 0.4 [15] 0.5 0.4572227 0.461932 [16] 0.5 0.4684711 0.5 [17] 0.5 0.4049642 0.4078069 [18] 0.5 0.4267922 0.5 [19] 0.5 0.4095136 0.4699435 [20] 0.5 0.4 0.4642975 [21] 0.5 0.4340209 0.4653822 [22] 0.4771951 0.4552071 0.4498611 [23] 0.5 0.4453409 0.4823998 [24] 0.5 0.4457977 0.4585663 [25] 0.5 0.4833911 0.4683572 [26] 0.5 0.4475885 0.4670709 [27] 0.5 0.4 0.4377821 [28] 0.5 0.4229495 0.4755606 [29] 0.5 0.4301772 0.400664 [30] 0.5 0.4251024 0.4567553 [31] 0.5 0.4350358 0.3975298 [32] 0.5 0.4404048 0.478278 [33] 0.5 0.4205652 0.4014726 [34] 0.5 0.5 0.464716 [35] 0.5 0.5 0.4403191 [36] 0.5 0.5 0.4745437 [37] 0.5 0.5 0.4837812 [38] 0.4085878 0.5 0.5 
[2] [0] 0.5 0.5 0.5 [1] 0.5 0.5 0.5 [2] 0.5 0.5 0.5 [3] 0.5 0.5 0.5 [4] 0.5 0.5 0.5 [5] 0.5 0.5 0.5 [6] 0.5 0.5 0.5 [7] 0.5 0.5 0.5 [8] 0.5 0.5 0.5 [9] 0.5 0.5 0.5 [10] 0.5 0.5 0.5 [11] 0.5 0.5 0.5 [12] 0.5 0.5 0.5 [13] 0.5 0.5 0.5 [14] 0.5 0.5 0.5 [15] 0.5 0.5 0.5 [16] 0.5 0.5 0.5 [17] 0.5 0.5 0.5 [18] 0.5 0.5 0.5 [19] 0.5 0.5 0.5 [20] 0.5 0.5 0.5 [21] 0.5 0.5 0.5 [22] 0.5 0.5 0.5 [23] 0.5 0.5 0.5 [24] 0.5 0.5 0.5 [25] 0.5 0.5 0.5 [26] 0.5 0.5 0.5 [27] 0.5 0.5 0.5 [28] 0.5 0.5 0.5 [29] 0.5 0.5 0.5 [30] 0.5 0.5 0.5 [31] 0.5 0.5 0.5 [32] 0.5 0.5 0.5 [33] 0.5 0.5 0.5 [34] 0.5 0.5 0.5 [35] 0.5 0.5 0.5 [36] 0.5 0.5 0.5 [37] 0.5 0.5 0.5 [38] 0.5 0.5 0.5 
[4] 
[0] [0] 0.5 0.5 0.5 [1] 0.5 0.5 0.5 [2] 0.5 0.5 0.5 [3] 0.5 0.5 0.5 [4] 0.5 0.5 0.5 [5] 0.5 0.5 0.5 [6] 0.5 0.5 0.5 [7] 0.5 0.5 0.5 [8] 0.5 0.5 0.5 [9] 0.5 0.5 0.5 [10] 0.5 0.5 0.5 [11] 0.4 0.5 0.5 [12] 0.5 0.5 0.5 [13] 0.5 0.5 0.5 [14] 0.5 0.5 0.5 [15] 0.5 0.5 0.5 [16] 0.5 0.5 0.5 [17] 0.5 0.5 0.5 [18] 0.5 0.5 0.5 [19] 0.5 0.5 0.5 [20] 0.5 0.5 0.5 [21] 0.5 0.5 0.5 [22] 0.5 0.5 0.5 [23] 0.5 0.5 0.5 [24] 0.5 0.5 0.5 [25] 0.5 0.5 0.5 [26] 0.5 0.5 0.5 [27] 0.5 0.5 0.5 [28] 0.5 0.5 0.5 [29] 0.5 0.5 0.5 [30] 0.5 0.5 0.5 [31] 0.5 0.5 0.5 [32] 0.5 0.5 0.5 [33] 0.5 0.5 0.5 [34] 0.5 0.5 0.5 [35] 0.5 0.5 0.5 [36] 0.5 0.5 0.5 [37] 0.5 0.5 0.5 [38] 0.5 0.5 0.5 
[1] [0] 0.5 0.5 0.5 [1] 0.5 0.5 0.5 [2] 0.5 0.5 0.5 [3] 0.5 0.5 0.5 [4] 0.5 0.5 0.5 [5] 0.5 0.4 0.5 [6] 0.5 0.4741811 0.5 [7] 0.5 0.4 0.5 [8] 0.5 0.4105328 0.5 [9] 0.5 0.5 0.5 [10] 0.5 0.4652765 0.5 [11] 0.5 0.5 0.5 [12] 0.5 0.5 0.5 [13] 0.5 0.4 0.5 [14] 0.5 0.4089506 0.5 [15] 0.5 0.4940872 0.5 [16] 0.5 0.4126534 0.5 [17] 0.5 0.4029855 0.5 [18] 0.5 0.4 0.5 [19] 0.5 0.5 0.5 [20] 0.5 0.5 0.5 [21] 0.5 0.5 0.5 [22] 0.5 0.5 0.5 [23] 0.5 0.5 0.5 [24] 0.5 0.5 0.5 [25] 0.5 0.4059922 0.5 [26] 0.5 0.5 0.5 [27] 0.5 0.5 0.5 [28] 0.5 0.5 0.5 [29] 0.5 0.5 0.5 [30] 0.5 0.5 0.5 [31] 0.5 0.5 0.5 [32] 0.5 0.5 0.5 [33] 0.5 0.4893286 0.5 [34] 0.5 0.5 0.5 [35] 0.5 0.5 0.5 [36] 0.5 0.5 0.5 [37] 0.5 0.5 0.5 [38] 0.5 0.5 0.5 
[2] [0] 0.5 0.5 0.5 [1] 0.5 0.5 0.5 [2] 0.5 0.5 0.5 [3] 0.5 0.5 0.5 [4] 0.5 0.5 0.4844309 [5] 0.5 0.4180206 0.4101523 [6] 0.5 0.4807846 0.4759396 [7] 0.5 0.4262378 0.427023 [8] 0.5 0.4747525 0.4892659 [9] 0.5 0.5 0.4316819 [10] 0.5 0.4641439 0.4224261 [11] 0.4772539 0.5 0.5 [12] 0.5 0.5 0.4771569 [13] 0.5 0.4289336 0.4709008 [14] 0.5 0.484482 0.438199 [15] 0.5 0.4612526 0.4612662 [16] 0.5 0.4821634 0.5 [17] 0.5 0.4101413 0.4292362 [18] 0.5 0.4403935 0.5 [19] 0.5 0.5 0.4700555 [20] 0.5 0.5 0.4809916 [21] 0.5 0.5 0.4696834 [22] 0.464786 0.5 0.4 [23] 0.5 0.5 0.4895651 [24] 0.5 0.5 0.4649323 [25] 0.5 0.4824716 0.4482888 [26] 0.5 0.5 0.4601558 [27] 0.5 0.5 0.4444659 [28] 0.5 0.5 0.4879281 [29] 0.5 0.5 0.4104874 [30] 0.5 0.5 0.4355108 [31] 0.5 0.5 0.405203 [32] 0.5 0.5 0.4618289 [33] 0.5 0.4167301 0.3984179 [34] 0.5 0.5 0.4884991 [35] 0.5 0.5 0.4454175 [36] 0.5 0.5 0.4872536 [37] 0.5 0.5 0.4797763 [38] 0.4440622 0.5 0.5 
[5] 
[0] [0] 0.5 0.5 0.5 [1] 0.5 0.5 0.5 [2] 0.5 0.5 0.5 [3] 0.5 0.5 0.5 [4] 0.5 0.5 0.5 [5] 0.5 0.5 0.5 [6] 0.5 0.5 0.5 [7] 0.5 0.5 0.5 [8] 0.5 0.5 0.5 [9] 0.5 0.5 0.5 [10] 0.5 0.5 0.5 [11] 0.4580259 0.5 0.5 [12] 0.5 0.5 0.5 [13] 0.5 0.5 0.5 [14] 0.5 0.5 0.5 [15] 0.5 0.5 0.5 [16] 0.5 0.5 0.5 [17] 0.5 0.5 0.5 [18] 0.5 0.5 0.5 [19] 0.5 0.5 0.5 [20] 0.5 0.5 0.5 [21] 0.5 0.5 0.5 [22] 0.5 0.5 0.5 [23] 0.5 0.5 0.5 [24] 0.5 0.5 0.5 [25] 0.5 0.5 0.5 [26] 0.5 0.5 0.5 [27] 0.5 0.5 0.5 [28] 0.5 0.5 0.5 [29] 0.5 0.5 0.5 [30] 0.5 0.5 0.5 [31] 0.5 0.5 0.5 [32] 0.5 0.5 0.5 [33] 0.5 0.5 0.5 [34] 0.5 0.5 0.5 [35] 0.5 0.5 0.5 [36] 0.5 0.5 0.5 [37] 0.5 0.5 0.5 [38] 0.5 0.5 0.5 
[1] [0] 0.5 0.5 0.5 [1] 0.5 0.5 0.5 [2] 0.5 0.5 0.5 [3] 0.5 0.5 0.5 [4] 0.5 0.5 0.5 [5] 0.5 0.4524278 0.400698 [6] 0.5 0.4252437 0.4111583 [7] 0.5 0.400995 0.4200354 [8] 0.5 0.4192026 0.4470241 [9] 0.5 0.4248401 0.4212127 [10] 0.5 0.4326872 0.5 [11] 0.441081 0.5 0.5 [12] 0.5 0.4672002 0.4123249 [13] 0.5 0.4003984 0.4103262 [14] 0.5 0.4396195 0.4018078 [15] 0.5 0.4043762 0.4248438 [16] 0.5 0.4350797 0.5 [17] 0.5 0.4131308 0.4157551 [18] 0.5 0.4489317 0.5 [19] 0.5 0.4296043 0.428638 [20] 0.5 0.4067855 0.4108472 [21] 0.5 0.4505759 0.4056818 [22] 0.4593911 0.4564447 0.4 [23] 0.5 0.4630041 0.4287558 [24] 0.5 0.4583452 0.4121622 [25] 0.5 0.4392108 0.403154 [26] 0.5 0.4579763 0.4179447 [27] 0.5 0.4 0.398605 [28] 0.5 0.4340526 0.4402339 [29] 0.5 0.434528 0.3997992 [30] 0.5 0.430988 0.3987944 [31] 0.5 0.4420607 0.4015763 [32] 0.5 0.4409676 0.4252209 [33] 0.5 0.4187548 0.3992024 [34] 0.5 0.5 0.4279084 [35] 0.5 0.5 0.4931025 [36] 0.5 0.5 0.4732968 [37] 0.5 0.5 0.4638806 [38] 0.490711 0.5 0.5 
[2] [0] 0.5 0.5 0.5 [1] 0.5 0.5 0.5 [2] 0.5 0.5 0.5 [3] 0.5 0.5 0.5 [4] 0.5 0.5 0.5 [5] 0.5 0.3996 0.4867551 [6] 0.5 0.4348715 0.4378253 [7] 0.5 0.4368599 0.4615662 [8] 0.5 0.4205595 0.4288501 [9] 0.5 0.5 0.4173273 [10] 0.5 0.427874 0.4830433 [11] 0.4127593 0.5 0.5 [12] 0.5 0.5 0.4609196 [13] 0.5 0.4012013 0.4275363 [14] 0.5 0.4065748 0.4 [15] 0.5 0.4107337 0.4122889 [16] 0.5 0.4198163 0.5 [17] 0.5 0.4001994 0.4 [18] 0.5 0.4143176 0.5 [19] 0.5 0.5 0.4145243 [20] 0.5 0.5 0.3979007 [21] 0.5 0.5 0.4274562 [22] 0.415092 0.5 0.4887721 [23] 0.5 0.5 0.421412 [24] 0.5 0.5 0.4432358 [25] 0.5 0.4267674 0.4655558 [26] 0.5 0.5 0.4491712 [27] 0.5 0.5 0.4041784 [28] 0.5 0.5 0.4400341 [29] 0.5 0.5 0.4004004 [30] 0.5 0.5 0.4079832 [31] 0.5 0.5 0.4013894 [32] 0.5 0.5 0.4023922 [33] 0.5 0.4004004 0.4008002 [34] 0.5 0.5 0.4371778 [35] 0.5 0.5 0.459611 [36] 0.5 0.5 0.4069408 [37] 0.5 0.5 0.4248422 [38] 0.4533687 0.5 0.5 
[6] 
[0] [0] 0.5 0.5 0.5 [1] 0.5 0.5 0.5 [2] 0.5 0.5 0.5 [3] 0.5 0.5 0.5 [4] 0.5 0.5 0.5 [5] 0.5 0.5 0.5 [6] 0.5 0.5 0.5 [7] 0.5 0.5 0.5 [8] 0.5 0.5 0.5 [9] 0.5 0.5 0.5 [10] 0.5 0.5 0.5 [11] 0.4969309 0.5 0.5 [12] 0.5 0.5 0.5 [13] 0.5 0.5 0.5 [14] 0.5 0.5 0.5 [15] 0.5 0.5 0.5 [16] 0.5 0.5 0.5 [17] 0.5 0.5 0.5 [18] 0.5 0.5 0.5 [19] 0.5 0.5 0.5 [20] 0.5 0.5 0.5 [21] 0.5 0.5 0.5 [22] 0.5 0.5 0.5 [23] 0.5 0.5 0.5 [24] 0.5 0.5 0.5 [25] 0.5 0.5 0.5 [26] 0.5 0.5 0.5 [27] 0.5 0.5 0.5 [28] 0.5 0.5 0.5 [29] 0.5 0.5 0.5 [30] 0.5 0.5 0.5 [31] 0.5 0.5 0.5 [32] 0.5 0.5 0.5 [33] 0.5 0.5 0.5 [34] 0.5 0.5 0.5 [35] 0.5 0.5 0.5 [36] 0.5 0.5 0.5 [37] 0.5 0.5 0.5 [38] 0.5 0.5 0.5 
[1] [0] 0.5 0.5 0.5 [1] 0.5 0.5 0.5 [2] 0.5 0.5 0.5 [3] 0.5 0.5 0.5 [4] 0.5 0.5 0.5 [5] 0.5 0.5 0.5 [6] 0.5 0.436485 0.4889228 [7] 0.5 0.4555232 0.4427263 [8] 0.5 0.4872696 0.4789091 [9] 0.5 0.4824425 0.4593843 [10] 0.5 0.4576335 0.5 [11] 0.4797703 0.5 0.5 [12] 0.5 0.4708499 0.4816831 [13] 0.5 0.4467102 0.4755101 [14] 0.5 0.4703254 0.444711 [15] 0.5 0.4557815 0.4727211 [16] 0.5 0.4844468 0.5 [17] 0.5 0.4124965 0.4247255 [18] 0.5 0.4496791 0.5 [19] 0.5 0.4541115 0.475748 [20] 0.5 0.4700875 0.4650086 [21] 0.5 0.439278 0.4779881 [22] 0.466307 0.4548468 0.4206934 [23] 0.5 0.4588254 0.475005 [24] 0.5 0.4572719 0.4669307 [25] 0.5 0.4867883 0.4833897 [26] 0.5 0.4591474 0.4669112 [27] 0.5 0.4734309 0.4464527 [28] 0.5 0.4679002 0.4743203 [29] 0.5 0.4856054 0.4178106 [30] 0.5 0.4649749 0.4722364 [31] 0.5 0.4599677 0.4063497 [32] 0.5 0.4510856 0.4797454 [33] 0.5 0.4357143 0.4000276 [34] 0.5 0.5 0.4748713 [35] 0.5 0.5 0.4167119 [36] 0.5 0.5 0.472833 [37] 0.5 0.5 0.4875986 [38] 0.400459 0.5 0.5 
[2] [0] 0.5 0.5 0.5 [1] 0.5 0.5 0.5 [2] 0.5 0.5 0.5 [3] 0.5 0.5 0.5 [4] 0.5 0.5 0.5 [5] 0.5 0.5 0.5 [6] 0.5 0.4792044 0.4437898 [7] 0.5 0.4470766 0.4275434 [8] 0.5 0.4929754 0.4816976 [9] 0.5 0.5 0.4259654 [10] 0.5 0.4604976 0.5046507 [11] 0.48419 0.5 0.5 [12] 0.5 0.5 0.4968249 [13] 0.5 0.4227321 0.4755119 [14] 0.5 0.4638115 0.4 [15] 0.5 0.4562869 0.4724907 [16] 0.5 0.4900534 0.5 [17] 0.5 0.393673 0.4 [18] 0.5 0.4458068 0.5 [19] 0.5 0.5 0.4767949 [20] 0.5 0.5 0.4560619 [21] 0.5 0.5 0.4789886 [22] 0.4748397 0.5 0.4474335 [23] 0.5 0.5 0.463798 [24] 0.5 0.5 0.4659992 [25] 0.5 0.504584 0.474447 [26] 0.5 0.5 0.4601069 [27] 0.5 0.5 0.450961 [28] 0.5 0.5 0.4733633 [29] 0.5 0.5 0.4041058 [30] 0.5 0.5 0.4714881 [31] 0.5 0.5 0.3851086 [32] 0.5 0.5 0.4927503 [33] 0.5 0.4229308 0.3953851 [34] 0.5 0.5 0.4773782 [35] 0.5 0.5 0.4132975 [36] 0.5 0.5 0.479054 [37] 0.5 0.5 0.4915302 [38] 0.3994788 0.5 0.5 
[7] 
[0] [0] 0.5 0.5 0.5 [1] 0.5 0.5 0.5 [2] 0.5 0.5 0.5 [3] 0.5 0.5 0.5 [4] 0.5 0.5 0.5 [5] 0.5 0.5 0.5 [6] 0.5 0.5 0.5 [7] 0.5 0.5 0.5 [8] 0.5 0.5 0.5 [9] 0.5 0.5 0.5 [10] 0.5 0.5 0.5 [11] 0.518515 0.5 0.5 [12] 0.5 0.5 0.5 [13] 0.5 0.5 0.5 [14] 0.5 0.5 0.5 [15] 0.5 0.5 0.5 [16] 0.5 0.5 0.5 [17] 0.5 0.5 0.5 [18] 0.5 0.5 0.5 [19] 0.5 0.5 0.5 [20] 0.5 0.5 0.5 [21] 0.5 0.5 0.5 [22] 0.5 0.5 0.5 [23] 0.5 0.5 0.5 [24] 0.5 0.5 0.5 [25] 0.5 0.5 0.5 [26] 0.5 0.5 0.5 [27] 0.5 0.5 0.5 [28] 0.5 0.5 0.5 [29] 0.5 0.5 0.5 [30] 0.5 0.5 0.5 [31] 0.5 0.5 0.5 [32] 0.5 0.5 0.5 [33] 0.5 0.5 0.5 [34] 0.5 0.5 0.5 [35] 0.5 0.5 0.5 [36] 0.5 0.5 0.5 [37] 0.5 0.5 0.5 [38] 0.5 0.5 0.5 
[1] [0] 0.5 0.5 0.5 [1] 0.5 0.5 0.5 [2] 0.5 0.5 0.5 [3] 0.5 0.5 0.5 [4] 0.5 0.5 0.5 [5] 0.5 0.5 0.5 [6] 0.5 0.5 0.5 [7] 0.5 0.4503564 0.4499308 [8] 0.5 0.4500978 0.4545161 [9] 0.5 0.4061221 0.3984024 [10] 0.5 0.4432265 0.5 [11] 0.4407869 0.5 0.5 [12] 0.5 0.4700056 0.4321891 [13] 0.5 0.4061303 0.4441016 [14] 0.5 0.4546799 0.4 [15] 0.5 0.4285664 0.4448394 [16] 0.5 0.4441295 0.5 [17] 0.5 0.3970931 0.4071244 [18] 0.5 0.4370328 0.5 [19] 0.5 0.4217234 0.4352024 [20] 0.5 0.4006855 0.4171646 [21] 0.5 0.4598751 0.4073393 [22] 0.4410736 0.4580243 0.4386414 [23] 0.5 0.4605067 0.4542942 [24] 0.5 0.4686015 0.4215917 [25] 0.5 0.4590487 0.4445713 [26] 0.5 0.4624258 0.4177787 [27] 0.5 0.4 0.401418 [28] 0.5 0.4651528 0.4512041 [29] 0.5 0.4029713 0.3992004 [30] 0.5 0.4602888 0.4308764 [31] 0.5 0.4 0.4001954 [32] 0.5 0.4 0.4164636 [33] 0.5 0.3972164 0.396619 [34] 0.5 0.5 0.4285889 [35] 0.5 0.5 0.46541 [36] 0.5 0.5 0.4390514 [37] 0.5 0.5 0.4388623 [38] 0.4486615 0.5 0.5 
[2] [0] 0.5 0.5 0.5 [1] 0.5 0.5 0.5 [2] 0.5 0.5 0.5 [3] 0.5 0.5 0.5 [4] 0.5 0.5 0.5 [5] 0.5 0.5 0.5 [6] 0.5 0.5 0.5 [7] 0.5 0.4570329 0.4912182 [8] 0.5 0.4346631 0.449952 [9] 0.5 0.5 0.4257993 [10] 0.5 0.4418153 0.5344288 [11] 0.44117 0.5 0.5 [12] 0.5 0.5 0.4698975 [13] 0.5 0.4117281 0.449742 [14] 0.5 0.4150714 0.4 [15] 0.5 0.4025978 0.4219791 [16] 0.5 0.4551284 0.5 [17] 0.5 0.3986753 0.4 [18] 0.5 0.4302187 0.5 [19] 0.5 0.5 0.4381546 [20] 0.5 0.5 0.4143253 [21] 0.5 0.5 0.4351372 [22] 0.4484154 0.5 0.505183 [23] 0.5 0.5 0.4453364 [24] 0.5 0.5 0.4619657 [25] 0.5 0.4500488 0.4740023 [26] 0.5 0.5 0.4589964 [27] 0.5 0.5 0.4045923 [28] 0.5 0.5 0.4381208 [29] 0.5 0.5 0.3994004 [30] 0.5 0.5 0.4145136 [31] 0.5 0.5 0.3984024 [32] 0.5 0.5 0.4235257 [33] 0.5 0.4120077 0.398605 [34] 0.5 0.5 0.4406182 [35] 0.5 0.5 0.4575554 [36] 0.5 0.5 0.4236747 [37] 0.5 0.5 0.4301654 [38] 0.4340663 0.5 0.5 
[8] 
[0] [0] 0.5 0.5 0.5 [1] 0.5 0.5 0.5 [2] 0.5 0.5 0.5 [3] 0.5 0.5 0.5 [4] 0.5 0.5 0.5 [5] 0.5 0.5 0.5 [6] 0.5 0.5 0.5 [7] 0.5 0.5 0.5 [8] 0.5 0.5 0.5 [9] 0.5 0.5 0.5 [10] 0.5 0.5 0.5 [11] 0.4858687 0.5 0.5 [12] 0.5 0.5 0.5 [13] 0.5 0.5 0.5 [14] 0.5 0.5 0.5 [15] 0.5 0.5 0.5 [16] 0.5 0.5 0.5 [17] 0.5 0.5 0.5 [18] 0.5 0.5 0.5 [19] 0.5 0.5 0.5 [20] 0.5 0.5 0.5 [21] 0.5 0.5 0.5 [22] 0.5 0.5 0.5 [23] 0.5 0.5 0.5 [24] 0.5 0.5 0.5 [25] 0.5 0.5 0.5 [26] 0.5 0.5 0.5 [27] 0.5 0.5 0.5 [28] 0.5 0.5 0.5 [29] 0.5 0.5 0.5 [30] 0.5 0.5 0.5 [31] 0.5 0.5 0.5 [32] 0.5 0.5 0.5 [33] 0.5 0.5 0.5 [34] 0.5 0.5 0.5 [35] 0.5 0.5 0.5 [36] 0.5 0.5 0.5 [37] 0.5 0.5 0.5 [38] 0.5 0.5 0.5 
[1] [0] 0.5 0.5 0.5 [1] 0.5 0.5 0.5 [2] 0.5 0.5 0.5 [3] 0.5 0.5 0.5 [4] 0.5 0.5 0.5 [5] 0.5 0.5 0.5 [6] 0.5 0.5 0.5 [7] 0.5 0.5 0.5 [8] 0.5 0.4706323 0.4864771 [9] 0.5 0.404237 0.436681 [10] 0.5 0.4769354 0.5 [11] 0.4650168 0.5 0.5 [12] 0.5 0.4956946 0.4659449 [13] 0.5 0.4178441 0.4618408 [14] 0.5 0.4716393 0.4 [15] 0.5 0.4605731 0.4725058 [16] 0.5 0.4804464 0.5 [17] 0.5 0.3951091 0.4036441 [18] 0.5 0.4314746 0.5 [19] 0.5 0.4396694 0.4719109 [20] 0.5 0.4134786 0.4632546 [21] 0.5 0.4871777 0.4936057 [22] 0.4874572 0.4801966 0.4976525 [23] 0.5 0.4798112 0.4785634 [24] 0.5 0.4836892 0.4607082 [25] 0.5 0.5016803 0.4415357 [26] 0.5 0.4722053 0.4584441 [27] 0.5 0.4256371 0.4383189 [28] 0.5 0.4574333 0.4714805 [29] 0.5 0.416099 0.4014278 [30] 0.5 0.4774846 0.4542335 [31] 0.5 0.4157286 0.3973683 [32] 0.5 0.4374204 0.4630596 [33] 0.5 0.4193688 0.3976438 [34] 0.5 0.5 0.4716441 [35] 0.5 0.5 0.4355959 [36] 0.5 0.5 0.4735723 [37] 0.5 0.5 0.485673 [38] 0.4189955 0.5 0.5 
[2] [0] 0.5 0.5 0.5 [1] 0.5 0.5 0.5 [2] 0.5 0.5 0.5 [3] 0.5 0.5 0.5 [4] 0.5 0.5 0.5 [5] 0.5 0.5 0.5 [6] 0.5 0.5 0.5 [7] 0.5 0.5 0.5 [8] 0.5 0.4833711 0.4596647 [9] 0.5 0.5 0.4376907 [10] 0.5 0.4741012 0.5161965 [11] 0.4749798 0.5 0.5 [12] 0.5 0.5 0.4640271 [13] 0.5 0.4293981 0.4603111 [14] 0.5 0.4749761 0.4 [15] 0.5 0.454183 0.4725096 [16] 0.5 0.4793079 0.5 [17] 0.5 0.3889673 0.4 [18] 0.5 0.4359558 0.5 [19] 0.5 0.5 0.4757163 [20] 0.5 0.5 0.4668793 [21] 0.5 0.5 0.4719259 [22] 0.4707378 0.5 0.4909796 [23] 0.5 0.5 0.476007 [24] 0.5 0.5 0.4606297 [25] 0.5 0.4883562 0.4812427 [26] 0.5 0.5 0.4743419 [27] 0.5 0.5 0.4558717 [28] 0.5 0.5 0.4715743 [29] 0.5 0.5 0.4124007 [30] 0.5 0.5 0.4591254 [31] 0.5 0.5 0.40823 [32] 0.5 0.5 0.460978 [33] 0.5 0.4267356 0.4027775 [34] 0.5 0.5 0.4708689 [35] 0.5 0.5 0.4312492 [36] 0.5 0.5 0.4787783 [37] 0.5 0.5 0.4904 [38] 0.3923525 0.5 0.5 
[9] 
[0] [0] 0.5 0.5 0.5 [1] 0.5 0.5 0.5 [2] 0.5 0.5 0.5 [3] 0.5 0.5 0.5 [4] 0.5 0.5 0.5 [5] 0.5 0.5 0.5 [6] 0.5 0.5 0.5 [7] 0.5 0.5 0.5 [8] 0.5 0.5 0.5 [9] 0.5 0.5 0.5 [10] 0.5 0.5 0.5 [11] 0.4292326 0.5 0.5 [12] 0.5 0.5 0.5 [13] 0.5 0.5 0.5 [14] 0.5 0.5 0.5 [15] 0.5 0.5 0.5 [16] 0.5 0.5 0.5 [17] 0.5 0.5 0.5 [18] 0.5 0.5 0.5 [19] 0.5 0.5 0.5 [20] 0.5 0.5 0.5 [21] 0.5 0.5 0.5 [22] 0.5 0.5 0.5 [23] 0.5 0.5 0.5 [24] 0.5 0.5 0.5 [25] 0.5 0.5 0.5 [26] 0.5 0.5 0.5 [27] 0.5 0.5 0.5 [28] 0.5 0.5 0.5 [29] 0.5 0.5 0.5 [30] 0.5 0.5 0.5 [31] 0.5 0.5 0.5 [32] 0.5 0.5 0.5 [33] 0.5 0.5 0.5 [34] 0.5 0.5 0.5 [35] 0.5 0.5 0.5 [36] 0.5 0.5 0.5 [37] 0.5 0.5 0.5 [38] 0.5 0.5 0.5 
[1] [0] 0.5 0.5 0.5 [1] 0.5 0.5 0.5 [2] 0.5 0.5 0.5 [3] 0.5 0.5 0.5 [4] 0.5 0.5 0.5 [5] 0.5 0.5 0.5 [6] 0.5 0.5 0.5 [7] 0.5 0.5 0.5 [8] 0.5 0.5 0.5 [9] 0.5 0.5 0.5 [10] 0.5 0.4515589 0.5 [11] 0.5 0.5 0.5 [12] 0.5 0.5 0.5 [13] 0.5 0.4074521 0.5 [14] 0.5 0.4 0.5 [15] 0.5 0.4955444 0.5 [16] 0.5 0.4 0.5 [17] 0.5 0.4036601 0.5 [18] 0.5 0.4 0.5 [19] 0.5 0.5 0.5 [20] 0.5 0.5 0.5 [21] 0.5 0.5 0.5 [22] 0.5 0.5 0.5 [23] 0.5 0.5 0.5 [24] 0.5 0.5 0.5 [25] 0.5 0.4193791 0.5 [26] 0.5 0.5 0.5 [27] 0.5 0.5 0.5 [28] 0.5 0.5 0.5 [29] 0.5 0.5 0.5 [30] 0.5 0.5 0.5 [31] 0.5 0.5 0.5 [32] 0.5 0.5 0.5 [33] 0.5 0.4910953 0.5 [34] 0.5 0.5 0.5 [35] 0.5 0.5 0.5 [36] 0.5 0.5 0.5 [37] 0.5 0.5 0.5 [38] 0.5 0.5 0.5 
[2] [0] 0.5 0.5 0.5 [1] 0.5 0.5 0.5 [2] 0.5 0.5 0.5 [3] 0.5 0.5 0.5 [4] 0.5 0.5 0.5 [5] 0.5 0.5 0.5 [6] 0.5 0.5 0.5 [7] 0.5 0.5 0.5 [8] 0.5 0.5 0.5 [9] 0.5 0.5 0.4970105 [10] 0.5 0.4401429 0.4284641 [11] 0.4509877 0.5 0.5 [12] 0.5 0.5 0.4134924 [13] 0.5 0.4003974 0.4269459 [14] 0.5 0.4726202 0.4232614 [15] 0.5 0.42262 0.436323 [16] 0.5 0.4254678 0.5 [17] 0.5 0.4278706 0.4216686 [18] 0.5 0.4244992 0.5 [19] 0.5 0.5 0.4318652 [20] 0.5 0.5 0.4018051 [21] 0.5 0.5 0.4055202 [22] 0.4421753 0.5 0.4064524 [23] 0.5 0.5 0.4520364 [24] 0.5 0.5 0.4145916 [25] 0.5 0.4580178 0.4121807 [26] 0.5 0.5 0.4274683 [27] 0.5 0.5 0.4147657 [28] 0.5 0.5 0.4402547 [29] 0.5 0.5 0.4001984 [30] 0.5 0.5 0.4054963 [31] 0.5 0.5 0.4085752 [32] 0.5 0.5 0.4425879 [33] 0.5 0.4244068 0.4007813 [34] 0.5 0.5 0.4326958 [35] 0.5 0.5 0.4798577 [36] 0.5 0.5 0.4476112 [37] 0.5 0.5 0.4503593 [38] 0.4906904 0.5 0.5 
[10] 
[0] [0] 0.5 0.5 0.5 [1] 0.5 0.5 0.5 [2] 0.5 0.5 0.5 [3] 0.5 0.5 0.5 [4] 0.5 0.5 0.5 [5] 0.5 0.5 0.5 [6] 0.5 0.5 0.5 [7] 0.5 0.5 0.5 [8] 0.5 0.5 0.5 [9] 0.5 0.5 0.5 [10] 0.5 0.5 0.5 [11] 0.476954 0.5 0.5 [12] 0.5 0.5 0.5 [13] 0.5 0.5 0.5 [14] 0.5 0.5 0.5 [15] 0.5 0.5 0.5 [16] 0.5 0.5 0.5 [17] 0.5 0.5 0.5 [18] 0.5 0.5 0.5 [19] 0.5 0.5 0.5 [20] 0.5 0.5 0.5 [21] 0.5 0.5 0.5 [22] 0.5 0.5 0.5 [23] 0.5 0.5 0.5 [24] 0.5 0.5 0.5 [25] 0.5 0.5 0.5 [26] 0.5 0.5 0.5 [27] 0.5 0.5 0.5 [28] 0.5 0.5 0.5 [29] 0.5 0.5 0.5 [30] 0.5 0.5 0.5 [31] 0.5 0.5 0.5 [32] 0.5 0.5 0.5 [33] 0.5 0.5 0.5 [34] 0.5 0.5 0.5 [35] 0.5 0.5 0.5 [36] 0.5 0.5 0.5 [37] 0.5 0.5 0.5 [38] 0.5 0.5 0.5 
[1] [0] 0.5 0.5 0.5 [1] 0.5 0.5 0.5 [2] 0.5 0.5 0.5 [3] 0.5 0.5 0.5 [4] 0.5 0.5 0.5 [5] 0.5 0.5 0.5 [6] 0.5 0.5 0.5 [7] 0.5 0.5 0.5 [8] 0.5 0.5 0.5 [9] 0.5 0.5 0.5 [10] 0.5 0.4466079 0.5 [11] 0.4545775 0.5 0.5 [12] 0.5 0.4909818 0.465505 [13] 0.5 0.4406562 0.4707028 [14] 0.5 0.4798103 0.4 [15] 0.5 0.4652281 0.4521818 [16] 0.5 0.4760387 0.5 [17] 0.5 0.3926096 0.4 [18] 0.5 0.446535 0.5 [19] 0.5 0.4406683 0.4731054 [20] 0.5 0.4383203 0.4691667 [21] 0.5 0.4772213 0.4720168 [22] 0.4638844 0.4766134 0.4714823 [23] 0.5 0.47929 0.456319 [24] 0.5 0.4788416 0.4751663 [25] 0.5 0.4735754 0.4710917 [26] 0.5 0.4714999 0.4789102 [27] 0.5 0.4455611 0.447365 [28] 0.5 0.472949 0.4765706 [29] 0.5 0.4649475 0.4069558 [30] 0.5 0.4821746 0.468529 [31] 0.5 0.4470794 0.4077399 [32] 0.5 0.4568454 0.4647213 [33] 0.5 0.4029367 0.3961149 [34] 0.5 0.5 0.4676861 [35] 0.5 0.5 0.4195424 [36] 0.5 0.5 0.4626999 [37] 0.5 0.5 0.4759849 [38] 0.3971834 0.5 0.5 
[2] [0] 0.5 0.5 0.5 [1] 0.5 0.5 0.5 [2] 0.5 0.5 0.5 [3] 0.5 0.5 0.5 [4] 0.5 0.5 0.5 [5] 0.5 0.5 0.5 [6] 0.5 0.5 0.5 [7] 0.5 0.5 0.5 [8] 0.5 0.5 0.5 [9] 0.5 0.5 0.5 [10] 0.5 0.5 0.5 [11] 0.5 0.5 0.5 [12] 0.5 0.5 0.5208722 [13] 0.5 0.5 0.5120022 [14] 0.5 0.5 0.5 [15] 0.5 0.5 0.4180148 [16] 0.5 0.5 0.5 [17] 0.5 0.5 0.5 [18] 0.5 0.5 0.5 [19] 0.5 0.5 0.466851 [20] 0.5 0.5 0.4274034 [21] 0.5 0.5 0.4760969 [22] 0.5 0.5 0.5105734 [23] 0.5 0.5 0.5036988 [24] 0.5 0.5 0.4924417 [25] 0.5 0.5 0.5132311 [26] 0.5 0.5 0.4713935 [27] 0.5 0.5 0.4252903 [28] 0.5 0.5 0.4781128 [29] 0.5 0.5 0.458444 [30] 0.5 0.5 0.4580462 [31] 0.5 0.5 0.4270174 [32] 0.5 0.5 0.4535744 [33] 0.5 0.5 0.4417089 [34] 0.5 0.5 0.5 [35] 0.5 0.5 0.5 [36] 0.5 0.5 0.5 [37] 0.5 0.5 0.5 [38] 0.5 0.5 0.5 
[11] 
[0] [0] 0.5 0.5 0.5 [1] 0.5 0.5 0.5 [2] 0.5 0.5 0.5 [3] 0.5 0.5 0.5 [4] 0.5 0.5 0.5 [5] 0.5 0.5 0.5 [6] 0.5 0.5 0.5 [7] 0.5 0.5 0.5 [8] 0.5 0.5 0.5 [9] 0.5 0.5 0.5 [10] 0.5 0.5 0.5 [11] 0.4574527 0.5 0.5 [12] 0.5096755 0.5 0.4830492 [13] 0.4866282 0.4301147 0.4694192 [14] 0.447437 0.4676606 0.4 [15] 0.4 0.4482068 0.4708306 [16] 0.4770581 0.4770759 0.5 [17] 0.4690693 0.3989269 0.4 [18] 0.4 0.4211848 0.5 [19] 0.4142709 0.5 0.4763748 [20] 0.4072409 0.5 0.4541492 [21] 0.4642428 0.5 0.4676103 [22] 0.4653079 0.5 0.4893113 [23] 0.5172575 0.5 0.4682973 [24] 0.4894144 0.5 0.4641083 [25] 0.4935818 0.4934698 0.477854 [26] 0.476942 0.5 0.4683895 [27] 0.4435919 0.5 0.4361514 [28] 0.459355 0.5 0.4750682 [29] 0.4 0.5 0.4185108 [30] 0.5135533 0.5 0.4745943 [31] 0.4 0.5 0.3865541 [32] 0.4078689 0.5 0.4792827 [33] 0.4262637 0.4049498 0.4057938 [34] 0.5 0.5 0.4560473 [35] 0.5 0.5 0.4324219 [36] 0.5 0.5 0.4752046 [37] 0.5 0.5 0.4766086 [38] 0.395524 0.5 0.5 
[1] [0] 0.5 0.5 0.5 [1] 0.5 0.5 0.5 [2] 0.5 0.5 0.5 [3] 0.5 0.5 0.5 [4] 0.5 0.5 0.5 [5] 0.5 0.5 0.5 [6] 0.5 0.5 0.5 [7] 0.5 0.5 0.5 [8] 0.5 0.5 0.5 [9] 0.5 0.5 0.5 [10] 0.5 0.5 0.5 [11] 0.5 0.5 0.5 [12] 0.5 0.5 0.5 [13] 0.5 0.5 0.5 [14] 0.5 0.5 0.5 [15] 0.5 0.5 0.5 [16] 0.5 0.5 0.5 [17] 0.5 0.5 0.5 [18] 0.5 0.5 0.5 [19] 0.5 0.5 0.5 [20] 0.5 0.5 0.5 [21] 0.5 0.5 0.5 [22] 0.5 0.5 0.5 [23] 0.5 0.5 0.5 [24] 0.5 0.5 0.5 [25] 0.5 0.5 0.5 [26] 0.5 0.5 0.5 [27] 0.5 0.5 0.5 [28] 0.5 0.5 0.5 [29] 0.5 0.5 0.5 [30] 0.5 0.5 0.5 [31] 0.5 0.5 0.5 [32] 0.5 0.5 0.5 [33] 0.5 0.5 0.5 [34] 0.5 0.5 0.5 [35] 0.5 0.5 0.5 [36] 0.5 0.5 0.5 [37] 0.5 0.5 0.5 [38] 0.5 0.5 0.5 
[2] [0] 0.5 0.5 0.5 [1] 0.5 0.5 0.5 [2] 0.5 0.5 0.5 [3] 0.5 0.5 0.5 [4] 0.5 0.5 0.5 [5] 0.5 0.5 0.5 [6] 0.5 0.5 0.5 [7] 0.5 0.5 0.5 [8] 0.5 0.5 0.5 [9] 0.5 0.5 0.5 [10] 0.5 0.5 0.5 [11] 0.5 0.5 0.5 [12] 0.5 0.5 0.5 [13] 0.5 0.5 0.5 [14] 0.5 0.5 0.5 [15] 0.5 0.5 0.5 [16] 0.5 0.5 0.5 [17] 0.5 0.5 0.5 [18] 0.5 0.5 0.5 [19] 0.5 0.5 0.5 [20] 0.5 0.5 0.5 [21] 0.5 0.5 0.5 [22] 0.5 0.5 0.5 [23] 0.5 0.5 0.5 [24] 0.5 0.5 0.5 [25] 0.5 0.5 0.5 [26] 0.5 0.5 0.5 [27] 0.5 0.5 0.5 [28] 0.5 0.5 0.5 [29] 0.5 0.5 0.5 [30] 0.5 0.5 0.5 [31] 0.5 0.5 0.5 [32] 0.5 0.5 0.5 [33] 0.5 0.5 0.5 [34] 0.5 0.5 0.5 [35] 0.5 0.5 0.5 [36] 0.5 0.5 0.5 [37] 0.5 0.5 0.5 [38] 0.5 0.5 0.5 
[12] 
[0] [0] 0.5 0.5 0.5 [1] 0.5 0.5 0.5 [2] 0.5 0.5 0.5 [3] 0.5 0.5 0.5 [4] 0.5 0.5 0.5 [5] 0.5 0.5 0.5 [6] 0.5 0.5 0.5 [7] 0.5 0.5 0.5 [8] 0.5 0.5 0.5 [9] 0.5 0.5 0.5 [10] 0.5 0.5 0.5 [11] 0.5 0.5 0.5 [12] 0.5 0.5 0.5 [13] 0.5 0.5 0.5 [14] 0.5 0.5 0.5 [15] 0.5 0.5 0.5 [16] 0.5 0.5 0.5 [17] 0.5 0.5 0.5 [18] 0.5 0.5 0.5 [19] 0.5 0.5 0.5 [20] 0.5 0.5 0.5 [21] 0.5 0.5 0.5 [22] 0.5 0.5 0.5 [23] 0.5 0.5 0.5 [24] 0.5 0.5 0.5 [25] 0.5 0.5 0.5 [26] 0.5 0.5 0.5 [27] 0.5 0.5 0.5 [28] 0.5 0.5 0.5 [29] 0.5 0.5 0.5 [30] 0.5 0.5 0.5 [31] 0.5 0.5 0.5 [32] 0.5 0.5 0.5 [33] 0.5 0.5 0.5 [34] 0.5 0.5 0.5 [35] 0.5 0.5 0.5 [36] 0.5 0.5 0.5 [37] 0.5 0.5 0.5 [38] 0.5 0.5 0.5 
[1] [0] 0.5 0.5 0.5 [1] 0.5 0.5 0.5 [2] 0.5 0.5 0.5 [3] 0.5 0.5 0.5 [4] 0.5 0.5 0.5 [5] 0.5 0.5 0.5 [6] 0.5 0.5 0.5 [7] 0.5 0.5 0.5 [8] 0.5 0.5 0.5 [9] 0.5 0.5 0.5 [10] 0.5 0.5 0.5 [11] 0.5 0.5 0.5 [12] 0.5 0.5 0.5 [13] 0.5 0.4822264 0.5 [14] 0.5 0.461933 0.5 [15] 0.5 0.4 0.5 [16] 0.5 0.4631564 0.5 [17] 0.5 0.4665802 0.5 [18] 0.5 0.4132532 0.5 [19] 0.5 0.5 0.5 [20] 0.5 0.5 0.5 [21] 0.5 0.5 0.5 [22] 0.5 0.5 0.5 [23] 0.5 0.5 0.5 [24] 0.5 0.5 0.5 [25] 0.5 0.4994094 0.5 [26] 0.5 0.5 0.5 [27] 0.5 0.5 0.5 [28] 0.5 0.5 0.5 [29] 0.5 0.5 0.5 [30] 0.5 0.5 0.5 [31] 0.5 0.5 0.5 [32] 0.5 0.5 0.5 [33] 0.5 0.4399196 0.5 [34] 0.5 0.5 0.5 [35] 0.5 0.5 0.5 [36] 0.5 0.5 0.5 [37] 0.5 0.5 0.5 [38] 0.5 0.5 0.5 
[2] [0] 0.5 0.5 0.5 [1] 0.5 0.5 0.5 [2] 0.5 0.5 0.5 [3] 0.5 0.5 0.5 [4] 0.5 0.5 0.5 [5] 0.5 0.5 0.5 [6] 0.5 0.5 0.5 [7] 0.5 0.5 0.5 [8] 0.5 0.5 0.5 [9] 0.5 0.5 0.5 [10] 0.5 0.5 0.5 [11] 0.5 0.5 0.5 [12] 0.5 0.5 0.5007992 [13] 0.5 0.4026817 0.4806277 [14] 0.5 0.4676256 0.4 [15] 0.5 0.431113 0.4784135 [16] 0.5 0.4921698 0.5 [17] 0.5 0.4000737 0.4 [18] 0.5 0.4182903 0.5 [19] 0.5 0.5 0.4879377 [20] 0.5 0.5 0.4522951 [21] 0.5 0.5 0.4612735 [22] 0.476785 0.5 0.4913457 [23] 0.5 0.5 0.4757189 [24] 0.5 0.5 0.4598007 [25] 0.5 0.5025164 0.4598781 [26] 0.5 0.5 0.4643023 [27] 0.5 0.5 0.3988334 [28] 0.5 0.5 0.4776913 [29] 0.5 0.5 0.402146 [30] 0.5 0.5 0.4227298 [31] 0.5 0.5 0.4007073 [32] 0.5 0.5 0.4457702 [33] 0.5 0.4007795 0.4045366 [34] 0.5 0.5 0.4815282 [35] 0.5 0.5 0.4631824 [36] 0.5 0.5 0.4873019 [37] 0.5 0.5 0.4875831 [38] 0.4346113 0.5 0.5 
[13] 
[0] [0] 0.5 0.5 0.5 [1] 0.5 0.5 0.5 [2] 0.5 0.5 0.5 [3] 0.5 0.5 0.5 [4] 0.5 0.5 0.5 [5] 0.5 0.5 0.5 [6] 0.5 0.5 0.5 [7] 0.5 0.5 0.5 [8] 0.5 0.5 0.5 [9] 0.5 0.5 0.5 [10] 0.5 0.5 0.5 [11] 0.5 0.5 0.5 [12] 0.5 0.5 0.5 [13] 0.5 0.5 0.5 [14] 0.5 0.5 0.5 [15] 0.5 0.5 0.5 [16] 0.5 0.5 0.5 [17] 0.5 0.5 0.5 [18] 0.5 0.5 0.5 [19] 0.5 0.5 0.5 [20] 0.5 0.5 0.5 [21] 0.5 0.5 0.5 [22] 0.5 0.5 0.5 [23] 0.5 0.5 0.5 [24] 0.5 0.5 0.5 [25] 0.5 0.5 0.5 [26] 0.5 0.5 0.5 [27] 0.5 0.5 0.5 [28] 0.5 0.5 0.5 [29] 0.5 0.5 0.5 [30] 0.5 0.5 0.5 [31] 0.5 0.5 0.5 [32] 0.5 0.5 0.5 [33] 0.5 0.5 0.5 [34] 0.5 0.5 0.5 [35] 0.5 0.5 0.5 [36] 0.5 0.5 0.5 [37] 0.5 0.5 0.5 [38] 0.5 0.5 0.5 
[1] [0] 0.5 0.5 0.5 [1] 0.5 0.5 0.5 [2] 0.5 0.5 0.5 [3] 0.5 0.5 0.5 [4] 0.5 0.5 0.5 [5] 0.5 0.5 0.5 [6] 0.5 0.5 0.5 [7] 0.5 0.5 0.5 [8] 0.5 0.5 0.5 [9] 0.5 0.5 0.5 [10] 0.5 0.5 0.5 [11] 0.5 0.5 0.5 [12] 0.5 0.5 0.5 [13] 0.5 0.4480117 0.4281472 [14] 0.5 0.4293097 0.4077941 [15] 0.5 0.4114286 0.4175564 [16] 0.5 0.4215655 0.5 [17] 0.5 0.4017269 0.4152248 [18] 0.5 0.4273995 0.5 [19] 0.5 0.4464912 0.4245943 [20] 0.5 0.4032499 0.4058196 [21] 0.5 0.4661636 0.4186597 [22] 0.4534033 0.4620928 0.4022089 [23] 0.5 0.4794255 0.4413701 [24] 0.5 0.4725292 0.4157881 [25] 0.5 0.4595514 0.3974134 [26] 0.5 0.4615359 0.3982984 [27] 0.5 0.4 0.4001093 [28] 0.5 0.4372494 0.4450982 [29] 0.5 0.4012085 0.4007992 [30] 0.5 0.46029 0.3954313 [31] 0.5 0.4214595 0.400852 [32] 0.5 0.4251029 0.4240949 [33] 0.5 0.4006 0.400598 [34] 0.5 0.5 0.4220778 [35] 0.5 0.5 0.4608688 [36] 0.5 0.5 0.4535582 [37] 0.5 0.5 0.442704 [38] 0.463623 0.5 0.5 
[2] [0] 0.5 0.5 0.5 [1] 0.5 0.5 0.5 [2] 0.5 0.5 0.5 [3] 0.5 0.5 0.5 [4] 0.5 0.5 0.5 [5] 0.5 0.5 0.5 [6] 0.5 0.5 0.5 [7] 0.5 0.5 0.5 [8] 0.5 0.5 0.5 [9] 0.5 0.5 0.5 [10] 0.5 0.5 0.5 [11] 0.5 0.5 0.5 [12] 0.5 0.5 0.5 [13] 0.5 0.4011415 0.4887397 [14] 0.5 0.468504 0.4 [15] 0.5 0.4667286 0.4737214 [16] 0.5 0.4793992 0.5 [17] 0.5 0.3990334 0.4 [18] 0.5 0.4179605 0.5 [19] 0.5 0.5 0.4586051 [20] 0.5 0.5 0.4742043 [21] 0.5 0.5 0.4565203 [22] 0.4741953 0.5 0.4923126 [23] 0.5 0.5 0.4787492 [24] 0.5 0.5 0.4459365 [25] 0.5 0.4990937 0.4767133 [26] 0.5 0.5 0.4410214 [27] 0.5 0.5 0.4300397 [28] 0.5 0.5 0.4700783 [29] 0.5 0.5 0.3976107 [30] 0.5 0.5 0.4294162 [31] 0.5 0.5 0.3928712 [32] 0.5 0.5 0.4656939 [33] 0.5 0.4056342 0.4035695 [34] 0.5 0.5 0.4567528 [35] 0.5 0.5 0.4241231 [36] 0.5 0.5 0.4808633 [37] 0.5 0.5 0.4777684 [38] 0.3971303 0.5 0.5 
[14] 
[0] [0] 0.5 0.5 0.5 [1] 0.5 0.5 0.5 [2] 0.5 0.5 0.5 [3] 0.5 0.5 0.5 [4] 0.5 0.5 0.5 [5] 0.5 0.5 0.5 [6] 0.5 0.5 0.5 [7] 0.5 0.5 0.5 [8] 0.5 0.5 0.5 [9] 0.5 0.5 0.5 [10] 0.5 0.5 0.5 [11] 0.5 0.5 0.5 [12] 0.5 0.5 0.5 [13] 0.5 0.5 0.5 [14] 0.5 0.5 0.5 [15] 0.5 0.5 0.5 [16] 0.5 0.5 0.5 [17] 0.5 0.5 0.5 [18] 0.5 0.5 0.5 [19] 0.5 0.5 0.5 [20] 0.5 0.5 0.5 [21] 0.5 0.5 0.5 [22] 0.5 0.5 0.5 [23] 0.5 0.5 0.5 [24] 0.5 0.5 0.5 [25] 0.5 0.5 0.5 [26] 0.5 0.5 0.5 [27] 0.5 0.5 0.5 [28] 0.5 0.5 0.5 [29] 0.5 0.5 0.5 [30] 0.5 0.5 0.5 [31] 0.5 0.5 0.5 [32] 0.5 0.5 0.5 [33] 0.5 0.5 0.5 [34] 0.5 0.5 0.5 [35] 0.5 0.5 0.5 [36] 0.5 0.5 0.5 [37] 0.5 0.5 0.5 [38] 0.5 0.5 0.5 
[1] [0] 0.5 0.5 0.5 [1] 0.5 0.5 0.5 [2] 0.5 0.5 0.5 [3] 0.5 0.5 0.5 [4] 0.5 0.5 0.5 [5] 0.5 0.5 0.5 [6] 0.5 0.5 0.5 [7] 0.5 0.5 0.5 [8] 0.5 0.5 0.5 [9] 0.5 0.5 0.5 [10] 0.5 0.5 0.5 [11] 0.5 0.5 0.5 [12] 0.5 0.5 0.5 [13] 0.5 0.5 0.5 [14] 0.5 0.4185273 0.5 [15] 0.5 0.4531916 0.4689004 [16] 0.5 0.4603184 0.5 [17] 0.5 0.4195668 0.5 [18] 0.5 0.4203349 0.5 [19] 0.5 0.4281946 0.4838155 [20] 0.5 0.4039614 0.4787087 [21] 0.5 0.4635772 0.450649 [22] 0.4533285 0.4797447 0.4 [23] 0.5 0.4547713 0.4859788 [24] 0.5 0.4512986 0.4719617 [25] 0.5 0.4724835 0.4367084 [26] 0.5 0.458114 0.4483123 [27] 0.5 0.4 0.4641185 [28] 0.5 0.4288 0.4698686 [29] 0.5 0.4368049 0.4732254 [30] 0.5 0.4550429 0.428666 [31] 0.5 0.4662475 0.4499828 [32] 0.5 0.4506512 0.46428 [33] 0.5 0.4428844 0.4644198 [34] 0.5 0.5 0.4661619 [35] 0.5 0.5 0.4571454 [36] 0.5 0.5 0.4707217 [37] 0.5 0.5 0.4658669 [38] 0.4423596 0.5 0.5 
[2] [0] 0.5 0.5 0.5 [1] 0.5 0.5 0.5 [2] 0.5 0.5 0.5 [3] 0.5 0.5 0.5 [4] 0.5 0.5 0.5 [5] 0.5 0.5 0.5 [6] 0.5 0.5 0.5 [7] 0.5 0.5 0.5 [8] 0.5 0.5 0.5 [9] 0.5 0.5 0.5 [10] 0.5 0.5 0.5 [11] 0.5 0.5 0.5 [12] 0.5 0.5 0.5 [13] 0.5 0.5 0.5 [14] 0.5 0.5 0.4344036 [15] 0.5 0.4133106 0.4090424 [16] 0.5 0.4015149 0.5 [17] 0.5 0.4286068 0.4134005 [18] 0.5 0.4030654 0.5 [19] 0.5 0.5 0.4240305 [20] 0.5 0.5 0.4141971 [21] 0.5 0.5 0.4 [22] 0.5 0.5 0.4 [23] 0.5 0.5 0.4 [24] 0.5 0.5 0.4 [25] 0.5 0.4 0.4 [26] 0.5 0.5 0.4 [27] 0.5 0.5 0.4051715 [28] 0.5 0.5 0.4 [29] 0.5 0.5 0.4 [30] 0.5 0.5 0.4 [31] 0.5 0.5 0.4241255 [32] 0.5 0.5 0.4351112 [33] 0.5 0.4118972 0.4 [34] 0.5 0.5 0.4 [35] 0.5 0.5 0.5 [36] 0.5 0.5 0.5 [37] 0.5 0.5 0.5 [38] 0.5 0.5 0.5 
[15] 
[0] [0] 0.5 0.5 0.5 [1] 0.5 0.5 0.5 [2] 0.5 0.5 0.5 [3] 0.5 0.5 0.5 [4] 0.5 0.5 0.5 [5] 0.5 0.5 0.5 [6] 0.5 0.5 0.5 [7] 0.5 0.5 0.5 [8] 0.5 0.5 0.5 [9] 0.5 0.5 0.5 [10] 0.5 0.5 0.5 [11] 0.5 0.5 0.5 [12] 0.5 0.5 0.5 [13] 0.5 0.5 0.5 [14] 0.5 0.5 0.5 [15] 0.5 0.5 0.5 [16] 0.5 0.5 0.5 [17] 0.5 0.5 0.5 [18] 0.5 0.5 0.5 [19] 0.5 0.5 0.5 [20] 0.5 0.5 0.5 [21] 0.5 0.5 0.5 [22] 0.5 0.5 0.5 [23] 0.5 0.5 0.5 [24] 0.5 0.5 0.5 [25] 0.5 0.5 0.5 [26] 0.5 0.5 0.5 [27] 0.5 0.5 0.5 [28] 0.5 0.5 0.5 [29] 0.5 0.5 0.5 [30] 0.5 0.5 0.5 [31] 0.5 0.5 0.5 [32] 0.5 0.5 0.5 [33] 0.5 0.5 0.5 [34] 0.5 0.5 0.5 [35] 0.5 0.5 0.5 [36] 0.5 0.5 0.5 [37] 0.5 0.5 0.5 [38] 0.5 0.5 0.5 
[1] [0] 0.5 0.5 0.5 [1] 0.5 0.5 0.5 [2] 0.5 0.5 0.5 [3] 0.5 0.5 0.5 [4] 0.5 0.5 0.5 [5] 0.5 0.5 0.5 [6] 0.5 0.5 0.5 [7] 0.5 0.5 0.5 [8] 0.5 0.5 0.5 [9] 0.5 0.5 0.5 [10] 0.5 0.5 0.5 [11] 0.5 0.5 0.5 [12] 0.5 0.5 0.5 [13] 0.5 0.5 0.5 [14] 0.5 0.5 0.5 [15] 0.5 0.4810613 0.4537064 [16] 0.5 0.4601448 0.5 [17] 0.5 0.4139632 0.4121512 [18] 0.5 0.4063221 0.5 [19] 0.5 0.4879469 0.4479105 [20] 0.5 0.4896724 0.4551813 [21] 0.5 0.4240252 0.4541329 [22] 0.4541607 0.4 0.4 [23] 0.5 0.4283372 0.4565475 [24] 0.5 0.4202414 0.4312478 [25] 0.5 0.4877051 0.4133521 [26] 0.5 0.410237 0.4238377 [27] 0.5 0.4896481 0.4421145 [28] 0.5 0.4589525 0.4761173 [29] 0.5 0.4891487 0.4072907 [30] 0.5 0.425699 0.4091243 [31] 0.5 0.4883274 0.4244103 [32] 0.5 0.4859405 0.4785611 [33] 0.5 0.4020762 0.4195783 [34] 0.5 0.5 0.4677943 [35] 0.5 0.5 0.466474 [36] 0.5 0.5 0.4811813 [37] 0.5 0.5 0.4707222 [38] 0.4582776 0.5 0.5 
[2] [0] 0.5 0.5 0.5 [1] 0.5 0.5 0.5 [2] 0.5 0.5 0.5 [3] 0.5 0.5 0.5 [4] 0.5 0.5 0.5 [5] 0.5 0.5 0.5 [6] 0.5 0.5 0.5 [7] 0.5 0.5 0.5 [8] 0.5 0.5 0.5 [9] 0.5 0.5 0.5 [10] 0.5 0.5 0.5 [11] 0.5 0.5 0.5 [12] 0.5 0.5 0.5 [13] 0.5 0.5 0.5 [14] 0.5 0.5 0.5 [15] 0.5 0.4497712 0.447834 [16] 0.5 0.47464 0.5 [17] 0.5 0.4114996 0.4046183 [18] 0.5 0.412085 0.5 [19] 0.5 0.5 0.459937 [20] 0.5 0.5 0.4517288 [21] 0.5 0.5 0.4489231 [22] 0.4692274 0.5 0.4 [23] 0.5 0.5 0.4708586 [24] 0.5 0.5 0.4662852 [25] 0.5 0.4851728 0.4631283 [26] 0.5 0.5 0.4639623 [27] 0.5 0.5 0.430304 [28] 0.5 0.5 0.4688272 [29] 0.5 0.5 0.4081216 [30] 0.5 0.5 0.4463056 [31] 0.5 0.5 0.3985925 [32] 0.5 0.5 0.4647759 [33] 0.5 0.4172029 0.3947187 [34] 0.5 0.5 0.4700325 [35] 0.5 0.5 0.4138116 [36] 0.5 0.5 0.4679384 [37] 0.5 0.5 0.4701552 [38] 0.381073 0.5 0.5 
[16] 
[0] [0] 0.5 0.5 0.5 [1] 0.5 0.5 0.5 [2] 0.5 0.5 0.5 [3] 0.5 0.5 0.5 [4] 0.5 0.5 0.5 [5] 0.5 0.5 0.5 [6] 0.5 0.5 0.5 [7] 0.5 0.5 0.5 [8] 0.5 0.5 0.5 [9] 0.5 0.5 0.5 [10] 0.5 0.5 0.5 [11] 0.5 0.5 0.5 [12] 0.5 0.5 0.5 [13] 0.5 0.5 0.5 [14] 0.5 0.5 0.5 [15] 0.5 0.5 0.5 [16] 0.5 0.5 0.5 [17] 0.5 0.5 0.5 [18] 0.5 0.5 0.5 [19] 0.5 0.5 0.5 [20] 0.5 0.5 0.5 [21] 0.5 0.5 0.5 [22] 0.5 0.5 0.5 [23] 0.5 0.5 0.5 [24] 0.5 0.5 0.5 [25] 0.5 0.5 0.5 [26] 0.5 0.5 0.5 [27] 0.5 0.5 0.5 [28] 0.5 0.5 0.5 [29] 0.5 0.5 0.5 [30] 0.5 0.5 0.5 [31] 0.5 0.5 0.5 [32] 0.5 0.5 0.5 [33] 0.5 0.5 0.5 [34] 0.5 0.5 0.5 [35] 0.5 0.5 0.5 [36] 0.5 0.5 0.5 [37] 0.5 0.5 0.5 [38] 0.5 0.5 0.5 
[1] [0] 0.5 0.5 0.5 [1] 0.5 0.5 0.5 [2] 0.5 0.5 0.5 [3] 0.5 0.5 0.5 [4] 0.5 0.5 0.5 [5] 0.5 0.5 0.5 [6] 0.5 0.5 0.5 [7] 0.5 0.5 0.5 [8] 0.5 0.5 0.5 [9] 0.5 0.5 0.5 [10] 0.5 0.5 0.5 [11] 0.5 0.5 0.5 [12] 0.5 0.5 0.5 [13] 0.5 0.5 0.5 [14] 0.5 0.5 0.5 [15] 0.5 0.5 0.5 [16] 0.5 0.4625805 0.5 [17] 0.5 0.386019 0.4 [18] 0.5 0.4355578 0.5 [19] 0.5 0.4103397 0.4900641 [20] 0.5 0.4 0.4742182 [21] 0.5 0.4494234 0.4525436 [22] 0.4725806 0.4529893 0.4134954 [23] 0.5 0.4619984 0.4636118 [24] 0.5 0.4594364 0.4560354 [25] 0.5 0.5016798 0.457242 [26] 0.5 0.4447772 0.4639426 [27] 0.5 0.4002266 0.417002 [28] 0.5 0.4459154 0.4720002 [29] 0.5 0.4417861 0.41011 [30] 0.5 0.4457249 0.4380768 [31] 0.5 0.4434043 0.3951337 [32] 0.5 0.4373394 0.4785075 [33] 0.5 0.4274094 0.3921704 [34] 0.5 0.5 0.4681323 [35] 0.5 0.5 0.4361677 [36] 0.5 0.5 0.4829352 [37] 0.5 0.5 0.4907177 [38] 0.4120789 0.5 0.5 
[2] [0] 0.5 0.5 0.5 [1] 0.5 0.5 0.5 [2] 0.5 0.5 0.5 [3] 0.5 0.5 0.5 [4] 0.5 0.5 0.5 [5] 0.5 0.5 0.5 [6] 0.5 0.5 0.5 [7] 0.5 0.5 0.5 [8] 0.5 0.5 0.5 [9] 0.5 0.5 0.5 [10] 0.5 0.5 0.5 [11] 0.5 0.5 0.5 [12] 0.5 0.5 0.5 [13] 0.5 0.5 0.5 [14] 0.5 0.5 0.5 [15] 0.5 0.5 0.5 [16] 0.5 0.5 0.5 [17] 0.5 0.5 0.5 [18] 0.5 0.5 0.5 [19] 0.5 0.5 0.5 [20] 0.5 0.5 0.5 [21] 0.5 0.5 0.5 [22] 0.5 0.5 0.5 [23] 0.5 0.5 0.5 [24] 0.5 0.5 0.5 [25] 0.5 0.5 0.5 [26] 0.5 0.5 0.5 [27] 0.5 0.5 0.5 [28] 0.5 0.5 0.5 [29] 0.5 0.5 0.5 [30] 0.5 0.5 0.5 [31] 0.5 0.5 0.5 [32] 0.5 0.5 0.5 [33] 0.5 0.5 0.5 [34] 0.5 0.5 0.5 [35] 0.5 0.5 0.5 [36] 0.5 0.5 0.5 [37] 0.5 0.5 0.5 [38] 0.5 0.5 0.5 
[17] 
[0] [0] 0.5 0.5 0.5 [1] 0.5 0.5 0.5 [2] 0.5 0.5 0.5 [3] 0.5 0.5 0.5 [4] 0.5 0.5 0.5 [5] 0.5 0.5 0.5 [6] 0.5 0.5 0.5 [7] 0.5 0.5 0.5 [8] 0.5 0.5 0.5 [9] 0.5 0.5 0.5 [10] 0.5 0.5 0.5 [11] 0.5 0.5 0.5 [12] 0.5 0.5 0.5 [13] 0.5 0.5 0.5 [14] 0.5 0.5 0.5 [15] 0.5 0.5 0.5 [16] 0.5 0.5 0.5 [17] 0.5 0.5 0.5 [18] 0.5 0.5 0.5 [19] 0.5 0.5 0.5 [20] 0.5 0.5 0.5 [21] 0.5 0.5 0.5 [22] 0.5 0.5 0.5 [23] 0.5 0.5 0.5 [24] 0.5 0.5 0.5 [25] 0.5 0.5 0.5 [26] 0.5 0.5 0.5 [27] 0.5 0.5 0.5 [28] 0.5 0.5 0.5 [29] 0.5 0.5 0.5 [30] 0.5 0.5 0.5 [31] 0.5 0.5 0.5 [32] 0.5 0.5 0.5 [33] 0.5 0.5 0.5 [34] 0.5 0.5 0.5 [35] 0.5 0.5 0.5 [36] 0.5 0.5 0.5 [37] 0.5 0.5 0.5 [38] 0.5 0.5 0.5 
[1] [0] 0.5 0.5 0.5 [1] 0.5 0.5 0.5 [2] 0.5 0.5 0.5 [3] 0.5 0.5 0.5 [4] 0.5 0.5 0.5 [5] 0.5 0.5 0.5 [6] 0.5 0.5 0.5 [7] 0.5 0.5 0.5 [8] 0.5 0.5 0.5 [9] 0.5 0.5 0.5 [10] 0.5 0.5 0.5 [11] 0.5 0.5 0.5 [12] 0.5 0.5 0.5 [13] 0.5 0.5 0.5 [14] 0.5 0.5 0.5 [15] 0.5 0.5 0.5 [16] 0.5 0.5 0.5 [17] 0.5 0.4025455 0.4762139 [18] 0.5 0.3997932 0.5 [19] 0.5 0.4338661 0.4178978 [20] 0.5 0.4 0.4301118 [21] 0.5 0.4609657 0.3956834 [22] 0.4178663 0.4701429 0.4 [23] 0.5 0.450255 0.3993402 [24] 0.5 0.4497982 0.3957074 [25] 0.5 0.3889156 0.3960259 [26] 0.5 0.4508307 0.4023825 [27] 0.5 0.4038803 0.4036626 [28] 0.5 0.4352462 0.3924568 [29] 0.5 0.4205836 0.4010113 [30] 0.5 0.4318594 0.4000287 [31] 0.5 0.4573793 0.4258965 [32] 0.5 0.452813 0.428852 [33] 0.5 0.4153696 0.4088938 [34] 0.5 0.5 0.393893 [35] 0.5 0.5 0.4671249 [36] 0.5 0.5 0.4194084 [37] 0.5 0.5 0.4232917 [38] 0.4786543 0.5 0.5 
[2] [0] 0.5 0.5 0.5 [1] 0.5 0.5 0.5 [2] 0.5 0.5 0.5 [3] 0.5 0.5 0.5 [4] 0.5 0.5 0.5 [5] 0.5 0.5 0.5 [6] 0.5 0.5 0.5 [7] 0.5 0.5 0.5 [8] 0.5 0.5 0.5 [9] 0.5 0.5 0.5 [10] 0.5 0.5 0.5 [11] 0.5 0.5 0.5 [12] 0.5 0.5 0.5 [13] 0.5 0.5 0.5 [14] 0.5 0.5 0.5 [15] 0.5 0.5 0.5 [16] 0.5 0.5 0.5 [17] 0.5 0.4311568 0.4155365 [18] 0.5 0.4178004 0.5 [19] 0.5 0.5 0.4260324 [20] 0.5 0.5 0.4206078 [21] 0.5 0.5 0.4 [22] 0.5 0.5 0.4 [23] 0.5 0.5 0.4 [24] 0.5 0.5 0.4 [25] 0.5 0.4 0.4 [26] 0.5 0.5 0.4 [27] 0.5 0.5 0.4 [28] 0.5 0.5 0.4259426 [29] 0.5 0.5 0.4 [30] 0.5 0.5 0.4 [31] 0.5 0.5 0.4 [32] 0.5 0.5 0.4137626 [33] 0.5 0.4276305 0.4 [34] 0.5 0.5 0.487812 [35] 0.5 0.5 0.5 [36] 0.5 0.5 0.5 [37] 0.5 0.5 0.5 [38] 0.5 0.5 0.5 
[18] 
[0] [0] 0.5 0.5 0.5 [1] 0.5 0.5 0.5 [2] 0.5 0.5 0.5 [3] 0.5 0.5 0.5 [4] 0.5 0.5 0.5 [5] 0.5 0.5 0.5 [6] 0.5 0.5 0.5 [7] 0.5 0.5 0.5 [8] 0.5 0.5 0.5 [9] 0.5 0.5 0.5 [10] 0.5 0.5 0.5 [11] 0.5 0.5 0.5 [12] 0.5 0.5 0.5 [13] 0.5 0.5 0.5 [14] 0.5 0.5 0.5 [15] 0.5 0.5 0.5 [16] 0.5 0.5 0.5 [17] 0.5 0.5 0.5 [18] 0.5 0.5 0.5 [19] 0.5 0.5 0.5 [20] 0.5 0.5 0.5 [21] 0.5 0.5 0.5 [22] 0.5 0.5 0.5 [23] 0.5 0.5 0.5 [24] 0.5 0.5 0.5 [25] 0.5 0.5 0.5 [26] 0.5 0.5 0.5 [27] 0.5 0.5 0.5 [28] 0.5 0.5 0.5 [29] 0.5 0.5 0.5 [30] 0.5 0.5 0.5 [31] 0.5 0.5 0.5 [32] 0.5 0.5 0.5 [33] 0.5 0.5 0.5 [34] 0.5 0.5 0.5 [35] 0.5 0.5 0.5 [36] 0.5 0.5 0.5 [37] 0.5 0.5 0.5 [38] 0.5 0.5 0.5 
[1] [0] 0.5 0.5 0.5 [1] 0.5 0.5 0.5 [2] 0.5 0.5 0.5 [3] 0.5 0.5 0.5 [4] 0.5 0.5 0.5 [5] 0.5 0.5 0.5 [6] 0.5 0.5 0.5 [7] 0.5 0.5 0.5 [8] 0.5 0.5 0.5 [9] 0.5 0.5 0.5 [10] 0.5 0.5 0.5 [11] 0.5 0.5 0.5 [12] 0.5 0.5 0.5 [13] 0.5 0.5 0.5 [14] 0.5 0.5 0.5 [15] 0.5 0.5 0.5 [16] 0.5 0.5 0.5 [17] 0.5 0.5 0.5 [18] 0.5 0.5000005 0.5 [19] 0.5 0.4 0.4385406 [20] 0.5 0.4 0.4075475 [21] 0.5 0.4146495 0.4386358 [22] 0.4563215 0.4076972 0.416587 [23] 0.5 0.4158103 0.4510829 [24] 0.5 0.4255462 0.4501919 [25] 0.5 0.4551135 0.4167969 [26] 0.5 0.4210598 0.4457834 [27] 0.5 0.4 0.4021009 [28] 0.5 0.4397096 0.4452504 [29] 0.5 0.4549972 0.4011994 [30] 0.5 0.4572192 0.4403334 [31] 0.5 0.4925806 0.3998012 [32] 0.5 0.4731638 0.4154765 [33] 0.5 0.4433958 0.3988012 [34] 0.5 0.5 0.4428774 [35] 0.5 0.5 0.482109 [36] 0.5 0.5 0.4648265 [37] 0.5 0.5 0.4748157 [38] 0.4838847 0.5 0.5 
[2] [0] 0.5 0.5 0.5 [1] 0.5 0.5 0.5 [2] 0.5 0.5 0.5 [3] 0.5 0.5 0.5 [4] 0.5 0.5 0.5 [5] 0.5 0.5 0.5 [6] 0.5 0.5 0.5 [7] 0.5 0.5 0.5 [8] 0.5 0.5 0.5 [9] 0.5 0.5 0.5 [10] 0.5 0.5 0.5 [11] 0.5 0.5 0.5 [12] 0.5 0.5 0.5 [13] 0.5 0.5 0.5 [14] 0.5 0.5 0.5 [15] 0.5 0.5 0.5 [16] 0.5 0.5 0.5 [17] 0.5 0.5 0.5 [18] 0.5 0.5 0.5 [19] 0.5 0.5 0.5 [20] 0.5 0.5 0.5 [21] 0.5 0.5 0.5 [22] 0.5 0.5 0.5 [23] 0.5 0.5 0.5 [24] 0.5 0.5 0.5 [25] 0.5 0.5 0.5 [26] 0.5 0.5 0.5 [27] 0.5 0.5 0.5 [28] 0.5 0.5 0.5 [29] 0.5 0.5 0.5 [30] 0.5 0.5 0.5 [31] 0.5 0.5 0.5 [32] 0.5 0.5 0.5 [33] 0.5 0.5 0.5 [34] 0.5 0.5 0.5 [35] 0.5 0.5 0.5 [36] 0.5 0.5 0.5 [37] 0.5 0.5 0.5 [38] 0.5 0.5 0.5 
[19] 
[0] [0] 0.5 0.5 0.5 [1] 0.5 0.5 0.5 [2] 0.5 0.5 0.5 [3] 0.5 0.5 0.5 [4] 0.5 0.5 0.5 [5] 0.5 0.5 0.5 [6] 0.5 0.5 0.5 [7] 0.5 0.5 0.5 [8] 0.5 0.5 0.5 [9] 0.5 0.5 0.5 [10] 0.5 0.5 0.5 [11] 0.5 0.5 0.5 [12] 0.5 0.5 0.5 [13] 0.5 0.5 0.5 [14] 0.5 0.5 0.5 [15] 0.5 0.5 0.5 [16] 0.5 0.5 0.5 [17] 0.5 0.5 0.5 [18] 0.5 0.5 0.5 [19] 0.5 0.5 0.5 [20] 0.5 0.5 0.5 [21] 0.5 0.5 0.5 [22] 0.5 0.5 0.5 [23] 0.5 0.5 0.5 [24] 0.5 0.5 0.5 [25] 0.5 0.5 0.5 [26] 0.5 0.5 0.5 [27] 0.5 0.5 0.5 [28] 0.5 0.5 0.5 [29] 0.5 0.5 0.5 [30] 0.5 0.5 0.5 [31] 0.5 0.5 0.5 [32] 0.5 0.5 0.5 [33] 0.5 0.5 0.5 [34] 0.5 0.5 0.5 [35] 0.5 0.5 0.5 [36] 0.5 0.5 0.5 [37] 0.5 0.5 0.5 [38] 0.5 0.5 0.5 
[1] [0] 0.5 0.5 0.5 [1] 0.5 0.5 0.5 [2] 0.5 0.5 0.5 [3] 0.5 0.5 0.5 [4] 0.5 0.5 0.5 [5] 0.5 0.5 0.5 [6] 0.5 0.5 0.5 [7] 0.5 0.5 0.5 [8] 0.5 0.5 0.5 [9] 0.5 0.5 0.5 [10] 0.5 0.5 0.5 [11] 0.5 0.5 0.5 [12] 0.5 0.5 0.5 [13] 0.5 0.5 0.5 [14] 0.5 0.5 0.5 [15] 0.5 0.5 0.5 [16] 0.5 0.5 0.5 [17] 0.5 0.5 0.5 [18] 0.5 0.5 0.5 [19] 0.5 0.5 0.5 [20] 0.5 0.5 0.5 [21] 0.5 0.5 0.5 [22] 0.5 0.5 0.5 [23] 0.5 0.5 0.5 [24] 0.5 0.5 0.5 [25] 0.5 0.4326148 0.5 [26] 0.5 0.5 0.5 [27] 0.5 0.5 0.5 [28] 0.5 0.5 0.5 [29] 0.5 0.5 0.5 [30] 0.5 0.5 0.5 [31] 0.5 0.5 0.5 [32] 0.5 0.5 0.5 [33] 0.5 0.4732184 0.5 [34] 0.5 0.5 0.5 [35] 0.5 0.5 0.5 [36] 0.5 0.5 0.5 [37] 0.5 0.5 0.5 [38] 0.5 0.5 0.5 
[2] [0] 0.5 0.5 0.5 [1] 0.5 0.5 0.5 [2] 0.5 0.5 0.5 [3] 0.5 0.5 0.5 [4] 0.5 0.5 0.5 [5] 0.5 0.5 0.5 [6] 0.5 0.5 0.5 [7] 0.5 0.5 0.5 [8] 0.5 0.5 0.5 [9] 0.5 0.5 0.5 [10] 0.5 0.5 0.5 [11] 0.5 0.5 0.5 [12] 0.5 0.5 0.5 [13] 0.5 0.5 0.5 [14] 0.5 0.5 0.5 [15] 0.5 0.5 0.5 [16] 0.5 0.5 0.5 [17] 0.5 0.5 0.5 [18] 0.5 0.5 0.5 [19] 0.5 0.5 0.5049462 [20] 0.5 0.5 0.4546341 [21] 0.5 0.5 0.4701812 [22] 0.4747324 0.5 0.4412052 [23] 0.5 0.5 0.480951 [24] 0.5 0.5 0.4610818 [25] 0.5 0.4787075 0.4817818 [26] 0.5 0.5 0.4685663 [27] 0.5 0.5 0.435632 [28] 0.5 0.5 0.4795474 [29] 0.5 0.5 0.4033554 [30] 0.5 0.5 0.4557258 [31] 0.5 0.5 0.4091878 [32] 0.5 0.5 0.4714833 [33] 0.5 0.4278411 0.3910661 [34] 0.5 0.5 0.4778581 [35] 0.5 0.5 0.4322071 [36] 0.5 0.5 0.4728009 [37] 0.5 0.5 0.4745896 [38] 0.4275147 0.5 0.5 
[20] 
[0] [0] 0.5 0.5 0.5 [1] 0.5 0.5 0.5 [2] 0.5 0.5 0.5 [3] 0.5 0.5 0.5 [4] 0.5 0.5 0.5 [5] 0.5 0.5 0.5 [6] 0.5 0.5 0.5 [7] 0.5 0.5 0.5 [8] 0.5 0.5 0.5 [9] 0.5 0.5 0.5 [10] 0.5 0.5 0.5 [11] 0.5 0.5 0.5 [12] 0.5 0.5 0.5 [13] 0.5 0.5 0.5 [14] 0.5 0.5 0.5 [15] 0.5 0.5 0.5 [16] 0.5 0.5 0.5 [17] 0.5 0.5 0.5 [18] 0.5 0.5 0.5 [19] 0.5 0.5 0.5 [20] 0.5 0.5 0.5 [21] 0.5 0.5 0.5 [22] 0.5 0.5 0.5 [23] 0.5 0.5 0.5 [24] 0.5 0.5 0.5 [25] 0.5 0.5 0.5 [26] 0.5 0.5 0.5 [27] 0.5 0.5 0.5 [28] 0.5 0.5 0.5 [29] 0.5 0.5 0.5 [30] 0.5 0.5 0.5 [31] 0.5 0.5 0.5 [32] 0.5 0.5 0.5 [33] 0.5 0.5 0.5 [34] 0.5 0.5 0.5 [35] 0.5 0.5 0.5 [36] 0.5 0.5 0.5 [37] 0.5 0.5 0.5 [38] 0.5 0.5 0.5 
[1] [0] 0.5 0.5 0.5 [1] 0.5 0.5 0.5 [2] 0.5 0.5 0.5 [3] 0.5 0.5 0.5 [4] 0.5 0.5 0.5 [5] 0.5 0.5 0.5 [6] 0.5 0.5 0.5 [7] 0.5 0.5 0.5 [8] 0.5 0.5 0.5 [9] 0.5 0.5 0.5 [10] 0.5 0.5 0.5 [11] 0.5 0.5 0.5 [12] 0.5 0.5 0.5 [13] 0.5 0.5 0.5 [14] 0.5 0.5 0.5 [15] 0.5 0.5 0.5 [16] 0.5 0.5 0.5 [17] 0.5 0.5 0.5 [18] 0.5 0.5 0.5 [19] 0.5 0.5 0.5 [20] 0.5 0.5 0.5 [21] 0.5 0.5 0.5 [22] 0.5 0.5 0.5 [23] 0.5 0.5 0.5 [24] 0.5 0.5 0.5 [25] 0.5 0.4 0.5 [26] 0.5 0.5 0.5 [27] 0.5 0.5 0.5 [28] 0.5 0.5 0.5 [29] 0.5 0.5 0.5 [30] 0.5 0.5 0.5 [31] 0.5 0.5 0.5 [32] 0.5 0.5 0.5 [33] 0.5 0.4851394 0.5 [34] 0.5 0.5 0.5 [35] 0.5 0.5 0.5 [36] 0.5 0.5 0.5 [37] 0.5 0.5 0.5 [38] 0.5 0.5 0.5 
[2] [0] 0.5 0.5 0.5 [1] 0.5 0.5 0.5 [2] 0.5 0.5 0.5 [3] 0.5 0.5 0.5 [4] 0.5 0.5 0.5 [5] 0.5 0.5 0.5 [6] 0.5 0.5 0.5 [7] 0.5 0.5 0.5 [8] 0.5 0.5 0.5 [9] 0.5 0.5 0.5 [10] 0.5 0.5 0.5 [11] 0.5 0.5 0.5 [12] 0.5 0.5 0.5 [13] 0.5 0.5 0.5 [14] 0.5 0.5 0.5 [15] 0.5 0.5 0.5 [16] 0.5 0.5 0.5 [17] 0.5 0.5 0.5 [18] 0.5 0.5 0.5 [19] 0.5 0.5 0.5 [20] 0.5 0.5 0.4980237 [21] 0.5 0.5 0.4666145 [22] 0.4559403 0.5 0.4 [23] 0.5 0.5 0.4670638 [24] 0.5 0.5 0.4592442 [25] 0.5 0.4768814 0.442206 [26] 0.5 0.5 0.4472789 [27] 0.5 0.5 0.4376557 [28] 0.5 0.5 0.466747 [29] 0.5 0.5 0.3993503 [30] 0.5 0.5 0.4130846 [31] 0.5 0.5 0.420719 [32] 0.5 0.5 0.4579424 [33] 0.5 0.408598 0.3963127 [34] 0.5 0.5 0.4575364 [35] 0.5 0.5 0.4503551 [36] 0.5 0.5 0.4732364 [37] 0.5 0.5 0.4763699 [38] 0.4462655 0.5 0.5 
[21] 
[0] [0] 0.5 0.5 0.5 [1] 0.5 0.5 0.5 [2] 0.5 0.5 0.5 [3] 0.5 0.5 0.5 [4] 0.5 0.5 0.5 [5] 0.5 0.5 0.5 [6] 0.5 0.5 0.5 [7] 0.5 0.5 0.5 [8] 0.5 0.5 0.5 [9] 0.5 0.5 0.5 [10] 0.5 0.5 0.5 [11] 0.5 0.5 0.5 [12] 0.5 0.5 0.5 [13] 0.5 0.5 0.5 [14] 0.5 0.5 0.5 [15] 0.5 0.5 0.5 [16] 0.5 0.5 0.5 [17] 0.5 0.5 0.5 [18] 0.5 0.5 0.5 [19] 0.5 0.5 0.5 [20] 0.5 0.5 0.5 [21] 0.5 0.5 0.5 [22] 0.5 0.5 0.5 [23] 0.5 0.5 0.5 [24] 0.5 0.5 0.5 [25] 0.5 0.5 0.5 [26] 0.5 0.5 0.5 [27] 0.5 0.5 0.5 [28] 0.5 0.5 0.5 [29] 0.5 0.5 0.5 [30] 0.5 0.5 0.5 [31] 0.5 0.5 0.5 [32] 0.5 0.5 0.5 [33] 0.5 0.5 0.5 [34] 0.5 0.5 0.5 [35] 0.5 0.5 0.5 [36] 0.5 0.5 0.5 [37] 0.5 0.5 0.5 [38] 0.5 0.5 0.5 
[1] [0] 0.5 0.5 0.5 [1] 0.5 0.5 0.5 [2] 0.5 0.5 0.5 [3] 0.5 0.5 0.5 [4] 0.5 0.5 0.5 [5] 0.5 0.5 0.5 [6] 0.5 0.5 0.5 [7] 0.5 0.5 0.5 [8] 0.5 0.5 0.5 [9] 0.5 0.5 0.5 [10] 0.5 0.5 0.5 [11] 0.5 0.5 0.5 [12] 0.5 0.5 0.5 [13] 0.5 0.5 0.5 [14] 0.5 0.5 0.5 [15] 0.5 0.5 0.5 [16] 0.5 0.5 0.5 [17] 0.5 0.5 0.5 [18] 0.5 0.5 0.5 [19] 0.5 0.5 0.5 [20] 0.5 0.5 0.5 [21] 0.5 0.5 0.5 [22] 0.5 0.5 0.5 [23] 0.5 0.5 0.5 [24] 0.5 0.5 0.5 [25] 0.5 0.478683 0.5 [26] 0.5 0.5 0.5 [27] 0.5 0.5 0.5 [28] 0.5 0.5 0.5 [29] 0.5 0.5 0.5 [30] 0.5 0.5 0.5 [31] 0.5 0.5 0.5 [32] 0.5 0.5 0.5 [33] 0.5 0.4557292 0.5 [34] 0.5 0.5 0.5 [35] 0.5 0.5 0.5 [36] 0.5 0.5 0.5 [37] 0.5 0.5 0.5 [38] 0.5 0.5 0.5 
[2] [0] 0.5 0.5 0.5 [1] 0.5 0.5 0.5 [2] 0.5 0.5 0.5 [3] 0.5 0.5 0.5 [4] 0.5 0.5 0.5 [5] 0.5 0.5 0.5 [6] 0.5 0.5 0.5 [7] 0.5 0.5 0.5 [8] 0.5 0.5 0.5 [9] 0.5 0.5 0.5 [10] 0.5 0.5 0.5 [11] 0.5 0.5 0.5 [12] 0.5 0.5 0.5 [13] 0.5 0.5 0.5 [14] 0.5 0.5 0.5 [15] 0.5 0.5 0.5 [16] 0.5 0.5 0.5 [17] 0.5 0.5 0.5 [18] 0.5 0.5 0.5 [19] 0.5 0.5 0.5 [20] 0.5 0.5 0.5 [21] 0.5 0.5 0.4901992 [22] 0.4614274 0.5 0.4211168 [23] 0.5 0.5 0.4698701 [24] 0.5 0.5 0.4444681 [25] 0.5 0.4797341 0.4541073 [26] 0.5 0.5 0.4693498 [27] 0.5 0.5 0.4068556 [28] 0.5 0.5 0.479494 [29] 0.5 0.5 0.4045044 [30] 0.5 0.5 0.4363751 [31] 0.5 0.5 0.3970338 [32] 0.5 0.5 0.4498624 [33] 0.5 0.3982406 0.4005952 [34] 0.5 0.5 0.4788759 [35] 0.5 0.5 0.4412518 [36] 0.5 0.5 0.4757309 [37] 0.5 0.5 0.4732012 [38] 0.430958 0.5 0.5 
[22] 
[0] [0] 0.5 0.5 0.5 [1] 0.5 0.5 0.5 [2] 0.5 0.5 0.5 [3] 0.5 0.5 0.5 [4] 0.5 0.5 0.5 [5] 0.5 0.5 0.5 [6] 0.5 0.5 0.5 [7] 0.5 0.5 0.5 [8] 0.5 0.5 0.5 [9] 0.5 0.5 0.5 [10] 0.5 0.5 0.5 [11] 0.5 0.5 0.5 [12] 0.5 0.5 0.5 [13] 0.5 0.5 0.5 [14] 0.5 0.5 0.5 [15] 0.5 0.5 0.5 [16] 0.5 0.5 0.5 [17] 0.5 0.5 0.5 [18] 0.5 0.5 0.5 [19] 0.5 0.5 0.5 [20] 0.5 0.5 0.5 [21] 0.5 0.5 0.5 [22] 0.4550643 0.5 0.5 [23] 0.5 0.5 0.4642049 [24] 0.5 0.5 0.4457032 [25] 0.5 0.4869223 0.4787175 [26] 0.5 0.5 0.4538993 [27] 0.5 0.5 0.4624101 [28] 0.5 0.5 0.4628758 [29] 0.5 0.5 0.4429117 [30] 0.5 0.5 0.4651648 [31] 0.5 0.5 0.3942521 [32] 0.5 0.5 0.4489586 [33] 0.5 0.4429589 0.4282152 [34] 0.5 0.5 0.4655538 [35] 0.5 0.5 0.423549 [36] 0.5 0.5 0.4580348 [37] 0.5 0.5 0.4747881 [38] 0.3971626 0.5 0.5 
[1] [0] 0.5 0.5 0.5 [1] 0.5 0.5 0.5 [2] 0.5 0.5 0.5 [3] 0.5 0.5 0.5 [4] 0.5 0.5 0.5 [5] 0.5 0.5 0.5 [6] 0.5 0.5 0.5 [7] 0.5 0.5 0.5 [8] 0.5 0.5 0.5 [9] 0.5 0.5 0.5 [10] 0.5 0.5 0.5 [11] 0.5 0.5 0.5 [12] 0.5 0.5 0.5 [13] 0.5 0.5 0.5 [14] 0.5 0.5 0.5 [15] 0.5 0.5 0.5 [16] 0.5 0.5 0.5 [17] 0.5 0.5 0.5 [18] 0.5 0.5 0.5 [19] 0.5 0.5 0.5 [20] 0.5 0.5 0.5 [21] 0.5 0.5 0.5 [22] 0.5 0.5 0.5 [23] 0.5 0.5 0.5 [24] 0.5 0.5 0.5 [25] 0.5 0.5000284 0.5 [26] 0.5 0.5 0.5 [27] 0.5 0.5 0.5 [28] 0.5 0.5 0.5 [29] 0.5 0.5 0.5 [30] 0.5 0.5 0.5 [31] 0.5 0.5 0.5 [32] 0.5 0.5 0.5 [33] 0.5 0.4467558 0.5 [34] 0.5 0.5 0.5 [35] 0.5 0.5 0.5 [36] 0.5 0.5 0.5 [37] 0.5 0.5 0.5 [38] 0.5 0.5 0.5 
[2] [0] 0.5 0.5 0.5 [1] 0.5 0.5 0.5 [2] 0.5 0.5 0.5 [3] 0.5 0.5 0.5 [4] 0.5 0.5 0.5 [5] 0.5 0.5 0.5 [6] 0.5 0.5 0.5 [7] 0.5 0.5 0.5 [8] 0.5 0.5 0.5 [9] 0.5 0.5 0.5 [10] 0.5 0.5 0.5 [11] 0.5 0.5 0.5 [12] 0.5 0.5 0.5 [13] 0.5 0.5 0.5 [14] 0.5 0.5 0.5 [15] 0.5 0.5 0.5 [16] 0.5 0.5 0.5 [17] 0.5 0.5 0.5 [18] 0.5 0.5 0.5 [19] 0.5 0.5 0.5 [20] 0.5 0.5 0.5 [21] 0.5 0.5 0.5 [22] 0.5 0.5 0.479661 [23] 0.5 0.5 0.4413725 [24] 0.5 0.5 0.4638931 [25] 0.5 0.4344527 0.4925961 [26] 0.5 0.5 0.4470537 [27] 0.5 0.5 0.4 [28] 0.5 0.5 0.4419502 [29] 0.5 0.5 0.4 [30] 0.5 0.5 0.4209803 [31] 0.5 0.5 0.4 [32] 0.5 0.5 0.4012321 [33] 0.5 0.4106902 0.4 [34] 0.5 0.5 0.4516142 [35] 0.5 0.5 0.5 [36] 0.5 0.5 0.5 [37] 0.5 0.5 0.5 [38] 0.5 0.5 0.5 
[23] 
[0] [0] 0.5 0.5 0.5 [1] 0.5 0.5 0.5 [2] 0.5 0.5 0.5 [3] 0.5 0.5 0.5 [4] 0.5 0.5 0.5 [5] 0.5 0.5 0.5 [6] 0.5 0.5 0.5 [7] 0.5 0.5 0.5 [8] 0.5 0.5 0.5 [9] 0.5 0.5 0.5 [10] 0.5 0.5 0.5 [11] 0.5 0.5 0.5 [12] 0.5 0.5 0.5 [13] 0.5 0.5 0.5 [14] 0.5 0.5 0.5 [15] 0.5 0.5 0.5 [16] 0.5 0.5 0.5 [17] 0.5 0.5 0.5 [18] 0.5 0.5 0.5 [19] 0.5 0.5 0.5 [20] 0.5 0.5 0.5 [21] 0.5 0.5 0.5 [22] 0.5 0.5 0.5 [23] 0.5 0.5 0.5 [24] 0.5 0.5 0.5 [25] 0.5 0.5 0.5 [26] 0.5 0.5 0.5 [27] 0.5 0.5 0.5 [28] 0.5 0.5 0.5 [29] 0.5 0.5 0.5 [30] 0.5 0.5 0.5 [31] 0.5 0.5 0.5 [32] 0.5 0.5 0.5 [33] 0.5 0.5 0.5 [34] 0.5 0.5 0.5 [35] 0.5 0.5 0.5 [36] 0.5 0.5 0.5 [37] 0.5 0.5 0.5 [38] 0.5 0.5 0.5 
[1] [0] 0.5 0.5 0.5 [1] 0.5 0.5 0.5 [2] 0.5 0.5 0.5 [3] 0.5 0.5 0.5 [4] 0.5 0.5 0.5 [5] 0.5 0.5 0.5 [6] 0.5 0.5 0.5 [7] 0.5 0.5 0.5 [8] 0.5 0.5 0.5 [9] 0.5 0.5 0.5 [10] 0.5 0.5 0.5 [11] 0.5 0.5 0.5 [12] 0.5 0.5 0.5 [13] 0.5 0.5 0.5 [14] 0.5 0.5 0.5 [15] 0.5 0.5 0.5 [16] 0.5 0.5 0.5 [17] 0.5 0.5 0.5 [18] 0.5 0.5 0.5 [19] 0.5 0.5 0.5 [20] 0.5 0.5 0.5 [21] 0.5 0.5 0.5 [22] 0.5 0.5 0.5 [23] 0.5 0.5 0.5 [24] 0.5 0.5 0.5 [25] 0.5 0.4956865 0.5 [26] 0.5 0.5 0.5 [27] 0.5 0.5 0.5 [28] 0.5 0.5 0.5 [29] 0.5 0.5 0.5 [30] 0.5 0.5 0.5 [31] 0.5 0.5 0.5 [32] 0.5 0.5 0.5 [33] 0.5 0.4308247 0.5 [34] 0.5 0.5 0.5 [35] 0.5 0.5 0.5 [36] 0.5 0.5 0.5 [37] 0.5 0.5 0.5 [38] 0.5 0.5 0.5 
[2] [0] 0.5 0.5 0.5 [1] 0.5 0.5 0.5 [2] 0.5 0.5 0.5 [3] 0.5 0.5 0.5 [4] 0.5 0.5 0.5 [5] 0.5 0.5 0.5 [6] 0.5 0.5 0.5 [7] 0.5 0.5 0.5 [8] 0.5 0.5 0.5 [9] 0.5 0.5 0.5 [10] 0.5 0.5 0.5 [11] 0.5 0.5 0.5 [12] 0.5 0.5 0.5 [13] 0.5 0.5 0.5 [14] 0.5 0.5 0.5 [15] 0.5 0.5 0.5 [16] 0.5 0.5 0.5 [17] 0.5 0.5 0.5 [18] 0.5 0.5 0.5 [19] 0.5 0.5 0.5 [20] 0.5 0.5 0.5 [21] 0.5 0.5 0.5 [22] 0.5 0.5 0.5 [23] 0.5 0.5 0.4549154 [24] 0.5 0.5 0.4730183 [25] 0.5 0.4734724 0.4760756 [26] 0.5 0.5 0.4612317 [27] 0.5 0.5 0.4646366 [28] 0.5 0.5 0.4737674 [29] 0.5 0.5 0.4132653 [30] 0.5 0.5 0.4809761 [31] 0.5 0.5 0.3979713 [32] 0.5 0.5 0.4768597 [33] 0.5 0.4352434 0.397252 [34] 0.5 0.5 0.469822 [35] 0.5 0.5 0.4184144 [36] 0.5 0.5 0.4797885 [37] 0.5 0.5 0.4830254 [38] 0.400569 0.5 0.5 
[24] 
[0] [0] 0.5 0.5 0.5 [1] 0.5 0.5 0.5 [2] 0.5 0.5 0.5 [3] 0.5 0.5 0.5 [4] 0.5 0.5 0.5 [5] 0.5 0.5 0.5 [6] 0.5 0.5 0.5 [7] 0.5 0.5 0.5 [8] 0.5 0.5 0.5 [9] 0.5 0.5 0.5 [10] 0.5 0.5 0.5 [11] 0.5 0.5 0.5 [12] 0.5 0.5 0.5 [13] 0.5 0.5 0.5 [14] 0.5 0.5 0.5 [15] 0.5 0.5 0.5 [16] 0.5 0.5 0.5 [17] 0.5 0.5 0.5 [18] 0.5 0.5 0.5 [19] 0.5 0.5 0.5 [20] 0.5 0.5 0.5 [21] 0.5 0.5 0.5 [22] 0.5 0.5 0.5 [23] 0.5 0.5 0.5 [24] 0.5 0.5 0.5 [25] 0.5 0.5 0.5 [26] 0.5 0.5 0.5 [27] 0.5 0.5 0.5 [28] 0.5 0.5 0.5 [29] 0.5 0.5 0.5 [30] 0.5 0.5 0.5 [31] 0.5 0.5 0.5 [32] 0.5 0.5 0.5 [33] 0.5 0.5 0.5 [34] 0.5 0.5 0.5 [35] 0.5 0.5 0.5 [36] 0.5 0.5 0.5 [37] 0.5 0.5 0.5 [38] 0.5 0.5 0.5 
[1] [0] 0.5 0.5 0.5 [1] 0.5 0.5 0.5 [2] 0.5 0.5 0.5 [3] 0.5 0.5 0.5 [4] 0.5 0.5 0.5 [5] 0.5 0.5 0.5 [6] 0.5 0.5 0.5 [7] 0.5 0.5 0.5 [8] 0.5 0.5 0.5 [9] 0.5 0.5 0.5 [10] 0.5 0.5 0.5 [11] 0.5 0.5 0.5 [12] 0.5 0.5 0.5 [13] 0.5 0.5 0.5 [14] 0.5 0.5 0.5 [15] 0.5 0.5 0.5 [16] 0.5 0.5 0.5 [17] 0.5 0.5 0.5 [18] 0.5 0.5 0.5 [19] 0.5 0.5 0.5 [20] 0.5 0.5 0.5 [21] 0.5 0.5 0.5 [22] 0.5 0.5 0.5 [23] 0.5 0.5 0.5 [24] 0.5 0.5 0.5 [25] 0.5 0.4926719 0.5 [26] 0.5 0.5 0.5 [27] 0.5 0.5 0.5 [28] 0.5 0.5 0.5 [29] 0.5 0.5 0.5 [30] 0.5 0.5 0.5 [31] 0.5 0.5 0.5 [32] 0.5 0.5 0.5 [33] 0.5 0.454207 0.5 [34] 0.5 0.5 0.5 [35] 0.5 0.5 0.5 [36] 0.5 0.5 0.5 [37] 0.5 0.5 0.5 [38] 0.5 0.5 0.5 
[2] [0] 0.5 0.5 0.5 [1] 0.5 0.5 0.5 [2] 0.5 0.5 0.5 [3] 0.5 0.5 0.5 [4] 0.5 0.5 0.5 [5] 0.5 0.5 0.5 [6] 0.5 0.5 0.5 [7] 0.5 0.5 0.5 [8] 0.5 0.5 0.5 [9] 0.5 0.5 0.5 [10] 0.5 0.5 0.5 [11] 0.5 0.5 0.5 [12] 0.5 0.5 0.5 [13] 0.5 0.5 0.5 [14] 0.5 0.5 0.5 [15] 0.5 0.5 0.5 [16] 0.5 0.5 0.5 [17] 0.5 0.5 0.5 [18] 0.5 0.5 0.5 [19] 0.5 0.5 0.5 [20] 0.5 0.5 0.5 [21] 0.5 0.5 0.5 [22] 0.5 0.5 0.5 [23] 0.5 0.5 0.5 [24] 0.5 0.5 0.4923258 [25] 0.5 0.4815486 0.4526126 [26] 0.5 0.5 0.4421469 [27] 0.5 0.5 0.4195214 [28] 0.5 0.5 0.4809075 [29] 0.5 0.5 0.4089192 [30] 0.5 0.5 0.4506748 [31] 0.5 0.5 0.4003174 [32] 0.5 0.5 0.4484627 [33] 0.5 0.4081157 0.4067273 [34] 0.5 0.5 0.4701172 [35] 0.5 0.5 0.4610678 [36] 0.5 0.5 0.4768469 [37] 0.5 0.5 0.4685905 [38] 0.4440438 0.5 0.5 
[25] 
[0] [0] 0.5 0.5 0.5 [1] 0.5 0.5 0.5 [2] 0.5 0.5 0.5 [3] 0.5 0.5 0.5 [4] 0.5 0.5 0.5 [5] 0.5 0.5 0.5 [6] 0.5 0.5 0.5 [7] 0.5 0.5 0.5 [8] 0.5 0.5 0.5 [9] 0.5 0.5 0.5 [10] 0.5 0.5 0.5 [11] 0.5 0.5 0.5 [12] 0.5 0.5 0.5 [13] 0.5 0.5 0.5 [14] 0.5 0.5 0.5 [15] 0.5 0.5 0.5 [16] 0.5 0.5 0.5 [17] 0.5 0.5 0.5 [18] 0.5 0.5 0.5 [19] 0.5 0.5 0.5 [20] 0.5 0.5 0.5 [21] 0.5 0.5 0.5 [22] 0.5 0.5 0.5 [23] 0.5 0.5 0.5 [24] 0.5 0.5 0.5 [25] 0.5 0.5 0.5 [26] 0.5 0.5 0.5 [27] 0.5 0.5 0.5 [28] 0.5 0.5 0.5 [29] 0.5 0.5 0.5 [30] 0.5 0.5 0.5 [31] 0.5 0.5 0.5 [32] 0.5 0.5 0.5 [33] 0.5 0.5 0.5 [34] 0.5 0.5 0.5 [35] 0.5 0.5 0.5 [36] 0.5 0.5 0.5 [37] 0.5 0.5 0.5 [38] 0.5 0.5 0.5 
[1] [0] 0.5 0.5 0.5 [1] 0.5 0.5 0.5 [2] 0.5 0.5 0.5 [3] 0.5 0.5 0.5 [4] 0.5 0.5 0.5 [5] 0.5 0.5 0.5 [6] 0.5 0.5 0.5 [7] 0.5 0.5 0.5 [8] 0.5 0.5 0.5 [9] 0.5 0.5 0.5 [10] 0.5 0.5 0.5 [11] 0.5 0.5 0.5 [12] 0.5 0.5 0.5 [13] 0.5 0.5 0.5 [14] 0.5 0.5 0.5 [15] 0.5 0.5 0.5 [16] 0.5 0.5 0.5 [17] 0.5 0.5 0.5 [18] 0.5 0.5 0.5 [19] 0.5 0.5 0.5 [20] 0.5 0.5 0.5 [21] 0.5 0.5 0.5 [22] 0.5 0.5 0.5 [23] 0.5 0.5 0.5 [24] 0.5 0.5 0.5 [25] 0.5 0.4598298 0.4574484 [26] 0.5 0.4851745 0.4807009 [27] 0.5 0.4238724 0.4685185 [28] 0.5 0.4467383 0.4918746 [29] 0.5 0.4310391 0.4138019 [30] 0.5 0.4891175 0.4787371 [31] 0.5 0.4514026 0.4148354 [32] 0.5 0.4420971 0.4883935 [33] 0.5 0.4255628 0.3977042 [34] 0.5 0.5 0.4870602 [35] 0.5 0.5 0.4463961 [36] 0.5 0.5 0.4858433 [37] 0.5 0.5 0.4940389 [38] 0.400225 0.5 0.5 
[2] [0] 0.5 0.5 0.5 [1] 0.5 0.5 0.5 [2] 0.5 0.5 0.5 [3] 0.5 0.5 0.5 [4] 0.5 0.5 0.5 [5] 0.5 0.5 0.5 [6] 0.5 0.5 0.5 [7] 0.5 0.5 0.5 [8] 0.5 0.5 0.5 [9] 0.5 0.5 0.5 [10] 0.5 0.5 0.5 [11] 0.5 0.5 0.5 [12] 0.5 0.5 0.5 [13] 0.5 0.5 0.5 [14] 0.5 0.5 0.5 [15] 0.5 0.5 0.5 [16] 0.5 0.5 0.5 [17] 0.5 0.5 0.5 [18] 0.5 0.5 0.5 [19] 0.5 0.5 0.5 [20] 0.5 0.5 0.5 [21] 0.5 0.5 0.5 [22] 0.5 0.5 0.5 [23] 0.5 0.5 0.5 [24] 0.5 0.5 0.5 [25] 0.5 0.4905365 0.4965252 [26] 0.5 0.5 0.4717577 [27] 0.5 0.5 0.397732 [28] 0.5 0.5 0.4653723 [29] 0.5 0.5 0.4004044 [30] 0.5 0.5 0.4340836 [31] 0.5 0.5 0.3972203 [32] 0.5 0.5 0.432951 [33] 0.5 0.4021058 0.3975993 [34] 0.5 0.5 0.4632075 [35] 0.5 0.5 0.4679932 [36] 0.5 0.5 0.4842679 [37] 0.5 0.5 0.4680385 [38] 0.4496395 0.5 0.5 
[26] 
[0] [0] 0.5 0.5 0.5 [1] 0.5 0.5 0.5 [2] 0.5 0.5 0.5 [3] 0.5 0.5 0.5 [4] 0.5 0.5 0.5 [5] 0.5 0.5 0.5 [6] 0.5 0.5 0.5 [7] 0.5 0.5 0.5 [8] 0.5 0.5 0.5 [9] 0.5 0.5 0.5 [10] 0.5 0.5 0.5 [11] 0.5 0.5 0.5 [12] 0.5 0.5 0.5 [13] 0.5 0.5 0.5 [14] 0.5 0.5 0.5 [15] 0.5 0.5 0.5 [16] 0.5 0.5 0.5 [17] 0.5 0.5 0.5 [18] 0.5 0.5 0.5 [19] 0.5 0.5 0.5 [20] 0.5 0.5 0.5 [21] 0.5 0.5 0.5 [22] 0.5 0.5 0.5 [23] 0.5 0.5 0.5 [24] 0.5 0.5 0.5 [25] 0.5 0.5 0.5 [26] 0.5 0.5 0.5 [27] 0.5 0.5 0.5 [28] 0.5 0.5 0.5 [29] 0.5 0.5 0.5 [30] 0.5 0.5 0.5 [31] 0.5 0.5 0.5 [32] 0.5 0.5 0.5 [33] 0.5 0.5 0.5 [34] 0.5 0.5 0.5 [35] 0.5 0.5 0.5 [36] 0.5 0.5 0.5 [37] 0.5 0.5 0.5 [38] 0.5 0.5 0.5 
[1] [0] 0.5 0.5 0.5 [1] 0.5 0.5 0.5 [2] 0.5 0.5 0.5 [3] 0.5 0.5 0.5 [4] 0.5 0.5 0.5 [5] 0.5 0.5 0.5 [6] 0.5 0.5 0.5 [7] 0.5 0.5 0.5 [8] 0.5 0.5 0.5 [9] 0.5 0.5 0.5 [10] 0.5 0.5 0.5 [11] 0.5 0.5 0.5 [12] 0.5 0.5 0.5 [13] 0.5 0.5 0.5 [14] 0.5 0.5 0.5 [15] 0.5 0.5 0.5 [16] 0.5 0.5 0.5 [17] 0.5 0.5 0.5 [18] 0.5 0.5 0.5 [19] 0.5 0.5 0.5 [20] 0.5 0.5 0.5 [21] 0.5 0.5 0.5 [22] 0.5 0.5 0.5 [23] 0.5 0.5 0.5 [24] 0.5 0.5 0.5 [25] 0.5 0.5 0.5 [26] 0.5 0.5 0.5 [27] 0.5 0.5 0.5 [28] 0.5 0.5 0.5 [29] 0.5 0.5 0.5 [30] 0.5 0.5 0.5 [31] 0.5 0.5 0.5 [32] 0.5 0.5 0.5 [33] 0.5 0.4434474 0.5 [34] 0.5 0.5 0.5 [35] 0.5 0.5 0.5 [36] 0.5 0.5 0.5 [37] 0.5 0.5 0.5 [38] 0.5 0.5 0.5 
[2] [0] 0.5 0.5 0.5 [1] 0.5 0.5 0.5 [2] 0.5 0.5 0.5 [3] 0.5 0.5 0.5 [4] 0.5 0.5 0.5 [5] 0.5 0.5 0.5 [6] 0.5 0.5 0.5 [7] 0.5 0.5 0.5 [8] 0.5 0.5 0.5 [9] 0.5 0.5 0.5 [10] 0.5 0.5 0.5 [11] 0.5 0.5 0.5 [12] 0.5 0.5 0.5 [13] 0.5 0.5 0.5 [14] 0.5 0.5 0.5 [15] 0.5 0.5 0.5 [16] 0.5 0.5 0.5 [17] 0.5 0.5 0.5 [18] 0.5 0.5 0.5 [19] 0.5 0.5 0.5 [20] 0.5 0.5 0.5 [21] 0.5 0.5 0.5 [22] 0.5 0.5 0.5 [23] 0.5 0.5 0.5 [24] 0.5 0.5 0.5 [25] 0.5 0.5 0.5 [26] 0.5 0.5 0.4956417 [27] 0.5 0.5 0.4198267 [28] 0.5 0.5 0.4696346 [29] 0.5 0.5 0.4021638 [30] 0.5 0.5 0.437756 [31] 0.5 0.5 0.3995627 [32] 0.5 0.5 0.4232715 [33] 0.5 0.4049177 0.3998092 [34] 0.5 0.5 0.4525099 [35] 0.5 0.5 0.4560198 [36] 0.5 0.5 0.4709281 [37] 0.5 0.5 0.4832034 [38] 0.4512762 0.5 0.5 
[27] 
[0] [0] 0.5 0.5 0.5 [1] 0.5 0.5 0.5 [2] 0.5 0.5 0.5 [3] 0.5 0.5 0.5 [4] 0.5 0.5 0.5 [5] 0.5 0.5 0.5 [6] 0.5 0.5 0.5 [7] 0.5 0.5 0.5 [8] 0.5 0.5 0.5 [9] 0.5 0.5 0.5 [10] 0.5 0.5 0.5 [11] 0.5 0.5 0.5 [12] 0.5 0.5 0.5 [13] 0.5 0.5 0.5 [14] 0.5 0.5 0.5 [15] 0.5 0.5 0.5 [16] 0.5 0.5 0.5 [17] 0.5 0.5 0.5 [18] 0.5 0.5 0.5 [19] 0.5 0.5 0.5 [20] 0.5 0.5 0.5 [21] 0.5 0.5 0.5 [22] 0.5 0.5 0.5 [23] 0.5 0.5 0.5 [24] 0.5 0.5 0.5 [25] 0.5 0.5 0.5 [26] 0.5 0.5 0.5 [27] 0.5 0.5 0.5 [28] 0.5 0.5 0.5 [29] 0.5 0.5 0.5 [30] 0.5 0.5 0.5 [31] 0.5 0.5 0.5 [32] 0.5 0.5 0.5 [33] 0.5 0.5 0.5 [34] 0.5 0.5 0.5 [35] 0.5 0.5 0.5 [36] 0.5 0.5 0.5 [37] 0.5 0.5 0.5 [38] 0.5 0.5 0.5 
[1] [0] 0.5 0.5 0.5 [1] 0.5 0.5 0.5 [2] 0.5 0.5 0.5 [3] 0.5 0.5 0.5 [4] 0.5 0.5 0.5 [5] 0.5 0.5 0.5 [6] 0.5 0.5 0.5 [7] 0.5 0.5 0.5 [8] 0.5 0.5 0.5 [9] 0.5 0.5 0.5 [10] 0.5 0.5 0.5 [11] 0.5 0.5 0.5 [12] 0.5 0.5 0.5 [13] 0.5 0.5 0.5 [14] 0.5 0.5 0.5 [15] 0.5 0.5 0.5 [16] 0.5 0.5 0.5 [17] 0.5 0.5 0.5 [18] 0.5 0.5 0.5 [19] 0.5 0.5 0.5 [20] 0.5 0.5 0.5 [21] 0.5 0.5 0.5 [22] 0.5 0.5 0.5 [23] 0.5 0.5 0.5 [24] 0.5 0.5 0.5 [25] 0.5 0.5 0.5 [26] 0.5 0.5 0.5 [27] 0.5 0.5 0.5 [28] 0.5 0.5 0.5 [29] 0.5 0.5 0.5 [30] 0.5 0.5 0.5 [31] 0.5 0.5 0.5 [32] 0.5 0.5 0.5 [33] 0.5 0.4856443 0.5 [34] 0.5 0.5 0.5 [35] 0.5 0.5 0.5 [36] 0.5 0.5 0.5 [37] 0.5 0.5 0.5 [38] 0.5 0.5 0.5 
[2] [0] 0.5 0.5 0.5 [1] 0.5 0.5 0.5 [2] 0.5 0.5 0.5 [3] 0.5 0.5 0.5 [4] 0.5 0.5 0.5 [5] 0.5 0.5 0.5 [6] 0.5 0.5 0.5 [7] 0.5 0.5 0.5 [8] 0.5 0.5 0.5 [9] 0.5 0.5 0.5 [10] 0.5 0.5 0.5 [11] 0.5 0.5 0.5 [12] 0.5 0.5 0.5 [13] 0.5 0.5 0.5 [14] 0.5 0.5 0.5 [15] 0.5 0.5 0.5 [16] 0.5 0.5 0.5 [17] 0.5 0.5 0.5 [18] 0.5 0.5 0.5 [19] 0.5 0.5 0.5 [20] 0.5 0.5 0.5 [21] 0.5 0.5 0.5 [22] 0.5 0.5 0.5 [23] 0.5 0.5 0.5 [24] 0.5 0.5 0.5 [25] 0.5 0.5 0.5 [26] 0.5 0.5 0.5 [27] 0.5 0.5 0.4393525 [28] 0.5 0.5 0.4590684 [29] 0.5 0.5 0.4004014 [30] 0.5 0.5 0.4001966 [31] 0.5 0.5 0.4019732 [32] 0.5 0.5 0.4213392 [33] 0.5 0.4050551 0.4023844 [34] 0.5 0.5 0.4181434 [35] 0.5 0.5 0.4660783 [36] 0.5 0.5 0.4662584 [37] 0.5 0.5 0.444041 [38] 0.4578228 0.5 0.5 
[28] 
[0] [0] 0.5 0.5 0.5 [1] 0.5 0.5 0.5 [2] 0.5 0.5 0.5 [3] 0.5 0.5 0.5 [4] 0.5 0.5 0.5 [5] 0.5 0.5 0.5 [6] 0.5 0.5 0.5 [7] 0.5 0.5 0.5 [8] 0.5 0.5 0.5 [9] 0.5 0.5 0.5 [10] 0.5 0.5 0.5 [11] 0.5 0.5 0.5 [12] 0.5 0.5 0.5 [13] 0.5 0.5 0.5 [14] 0.5 0.5 0.5 [15] 0.5 0.5 0.5 [16] 0.5 0.5 0.5 [17] 0.5 0.5 0.5 [18] 0.5 0.5 0.5 [19] 0.5 0.5 0.5 [20] 0.5 0.5 0.5 [21] 0.5 0.5 0.5 [22] 0.5 0.5 0.5 [23] 0.5 0.5 0.5 [24] 0.5 0.5 0.5 [25] 0.5 0.5 0.5 [26] 0.5 0.5 0.5 [27] 0.5 0.5 0.5 [28] 0.5 0.5 0.5 [29] 0.5 0.5 0.5 [30] 0.5 0.5 0.5 [31] 0.5 0.5 0.5 [32] 0.5 0.5 0.5 [33] 0.5 0.5 0.5 [34] 0.5 0.5 0.5 [35] 0.5 0.5 0.5 [36] 0.5 0.5 0.5 [37] 0.5 0.5 0.5 [38] 0.5 0.5 0.5 
[1] [0] 0.5 0.5 0.5 [1] 0.5 0.5 0.5 [2] 0.5 0.5 0.5 [3] 0.5 0.5 0.5 [4] 0.5 0.5 0.5 [5] 0.5 0.5 0.5 [6] 0.5 0.5 0.5 [7] 0.5 0.5 0.5 [8] 0.5 0.5 0.5 [9] 0.5 0.5 0.5 [10] 0.5 0.5 0.5 [11] 0.5 0.5 0.5 [12] 0.5 0.5 0.5 [13] 0.5 0.5 0.5 [14] 0.5 0.5 0.5 [15] 0.5 0.5 0.5 [16] 0.5 0.5 0.5 [17] 0.5 0.5 0.5 [18] 0.5 0.5 0.5 [19] 0.5 0.5 0.5 [20] 0.5 0.5 0.5 [21] 0.5 0.5 0.5 [22] 0.5 0.5 0.5 [23] 0.5 0.5 0.5 [24] 0.5 0.5 0.5 [25] 0.5 0.5 0.5 [26] 0.5 0.5 0.5 [27] 0.5 0.5 0.5 [28] 0.5 0.5 0.5 [29] 0.5 0.5 0.5 [30] 0.5 0.5 0.5 [31] 0.5 0.5 0.5 [32] 0.5 0.5 0.5 [33] 0.5 0.4336686 0.5 [34] 0.5 0.5 0.5 [35] 0.5 0.5 0.5 [36] 0.5 0.5 0.5 [37] 0.5 0.5 0.5 [38] 0.5 0.5 0.5 
[2] [0] 0.5 0.5 0.5 [1] 0.5 0.5 0.5 [2] 0.5 0.5 0.5 [3] 0.5 0.5 0.5 [4] 0.5 0.5 0.5 [5] 0.5 0.5 0.5 [6] 0.5 0.5 0.5 [7] 0.5 0.5 0.5 [8] 0.5 0.5 0.5 [9] 0.5 0.5 0.5 [10] 0.5 0.5 0.5 [11] 0.5 0.5 0.5 [12] 0.5 0.5 0.5 [13] 0.5 0.5 0.5 [14] 0.5 0.5 0.5 [15] 0.5 0.5 0.5 [16] 0.5 0.5 0.5 [17] 0.5 0.5 0.5 [18] 0.5 0.5 0.5 [19] 0.5 0.5 0.5 [20] 0.5 0.5 0.5 [21] 0.5 0.5 0.5 [22] 0.5 0.5 0.5 [23] 0.5 0.5 0.5 [24] 0.5 0.5 0.5 [25] 0.5 0.5 0.5 [26] 0.5 0.5 0.5 [27] 0.5 0.5 0.5 [28] 0.5 0.5 0.4437035 [29] 0.5 0.5 0.4004905 [30] 0.5 0.5 0.4670493 [31] 0.5 0.5 0.3967907 [32] 0.5 0.5 0.4926155 [33] 0.5 0.4355226 0.4041003 [34] 0.5 0.5 0.4828603 [35] 0.5 0.5 0.4175457 [36] 0.5 0.5 0.4675705 [37] 0.5 0.5 0.4728733 [38] 0.3895421 0.5 0.5 
[29] 
[0] [0] 0.5 0.5 0.5 [1] 0.5 0.5 0.5 [2] 0.5 0.5 0.5 [3] 0.5 0.5 0.5 [4] 0.5 0.5 0.5 [5] 0.5 0.5 0.5 [6] 0.5 0.5 0.5 [7] 0.5 0.5 0.5 [8] 0.5 0.5 0.5 [9] 0.5 0.5 0.5 [10] 0.5 0.5 0.5 [11] 0.5 0.5 0.5 [12] 0.5 0.5 0.5 [13] 0.5 0.5 0.5 [14] 0.5 0.5 0.5 [15] 0.5 0.5 0.5 [16] 0.5 0.5 0.5 [17] 0.5 0.5 0.5 [18] 0.5 0.5 0.5 [19] 0.5 0.5 0.5 [20] 0.5 0.5 0.5 [21] 0.5 0.5 0.5 [22] 0.5 0.5 0.5 [23] 0.5 0.5 0.5 [24] 0.5 0.5 0.5 [25] 0.5 0.5 0.5 [26] 0.5 0.5 0.5 [27] 0.5 0.5 0.5 [28] 0.5 0.5 0.5 [29] 0.5 0.5 0.5 [30] 0.5 0.5 0.5 [31] 0.5 0.5 0.5 [32] 0.5 0.5 0.5 [33] 0.5 0.5 0.5 [34] 0.5 0.5 0.5 [35] 0.5 0.5 0.5 [36] 0.5 0.5 0.5 [37] 0.5 0.5 0.5 [38] 0.5 0.5 0.5 
[1] [0] 0.5 0.5 0.5 [1] 0.5 0.5 0.5 [2] 0.5 0.5 0.5 [3] 0.5 0.5 0.5 [4] 0.5 0.5 0.5 [5] 0.5 0.5 0.5 [6] 0.5 0.5 0.5 [7] 0.5 0.5 0.5 [8] 0.5 0.5 0.5 [9] 0.5 0.5 0.5 [10] 0.5 0.5 0.5 [11] 0.5 0.5 0.5 [12] 0.5 0.5 0.5 [13] 0.5 0.5 0.5 [14] 0.5 0.5 0.5 [15] 0.5 0.5 0.5 [16] 0.5 0.5 0.5 [17] 0.5 0.5 0.5 [18] 0.5 0.5 0.5 [19] 0.5 0.5 0.5 [20] 0.5 0.5 0.5 [21] 0.5 0.5 0.5 [22] 0.5 0.5 0.5 [23] 0.5 0.5 0.5 [24] 0.5 0.5 0.5 [25] 0.5 0.5 0.5 [26] 0.5 0.5 0.5 [27] 0.5 0.5 0.5 [28] 0.5 0.5 0.5 [29] 0.5 0.5 0.5 [30] 0.5 0.5 0.5 [31] 0.5 0.5 0.5 [32] 0.5 0.5 0.5 [33] 0.5 0.4966829 0.5 [34] 0.5 0.5 0.5 [35] 0.5 0.5 0.5 [36] 0.5 0.5 0.5 [37] 0.5 0.5 0.5 [38] 0.5 0.5 0.5 
[2] [0] 0.5 0.5 0.5 [1] 0.5 0.5 0.5 [2] 0.5 0.5 0.5 [3] 0.5 0.5 0.5 [4] 0.5 0.5 0.5 [5] 0.5 0.5 0.5 [6] 0.5 0.5 0.5 [7] 0.5 0.5 0.5 [8] 0.5 0.5 0.5 [9] 0.5 0.5 0.5 [10] 0.5 0.5 0.5 [11] 0.5 0.5 0.5 [12] 0.5 0.5 0.5 [13] 0.5 0.5 0.5 [14] 0.5 0.5 0.5 [15] 0.5 0.5 0.5 [16] 0.5 0.5 0.5 [17] 0.5 0.5 0.5 [18] 0.5 0.5 0.5 [19] 0.5 0.5 0.5 [20] 0.5 0.5 0.5 [21] 0.5 0.5 0.5 [22] 0.5 0.5 0.5 [23] 0.5 0.5 0.5 [24] 0.5 0.5 0.5 [25] 0.5 0.5 0.5 [26] 0.5 0.5 0.5 [27] 0.5 0.5 0.5 [28] 0.5 0.5 0.5 [29] 0.5 0.5 0.499001 [30] 0.5 0.5 0.3999813 [31] 0.5 0.5 0.3984024 [32] 0.5 0.5 0.4023755 [33] 0.5 0.400997 0.399997 [34] 0.5 0.5 0.3982035 [35] 0.5 0.5 0.4836582 [36] 0.5 0.5 0.4565307 [37] 0.5 0.5 0.4527504 [38] 0.4763307 0.5 0.5 
[30] 
[0] [0] 0.5 0.5 0.5 [1] 0.5 0.5 0.5 [2] 0.5 0.5 0.5 [3] 0.5 0.5 0.5 [4] 0.5 0.5 0.5 [5] 0.5 0.5 0.5 [6] 0.5 0.5 0.5 [7] 0.5 0.5 0.5 [8] 0.5 0.5 0.5 [9] 0.5 0.5 0.5 [10] 0.5 0.5 0.5 [11] 0.5 0.5 0.5 [12] 0.5 0.5 0.5 [13] 0.5 0.5 0.5 [14] 0.5 0.5 0.5 [15] 0.5 0.5 0.5 [16] 0.5 0.5 0.5 [17] 0.5 0.5 0.5 [18] 0.5 0.5 0.5 [19] 0.5 0.5 0.5 [20] 0.5 0.5 0.5 [21] 0.5 0.5 0.5 [22] 0.5 0.5 0.5 [23] 0.5 0.5 0.5 [24] 0.5 0.5 0.5 [25] 0.5 0.5 0.5 [26] 0.5 0.5 0.5 [27] 0.5 0.5 0.5 [28] 0.5 0.5 0.5 [29] 0.5 0.5 0.5 [30] 0.5 0.5 0.5 [31] 0.5 0.5 0.5 [32] 0.5 0.5 0.5 [33] 0.5 0.5 0.5 [34] 0.5 0.5 0.5 [35] 0.5 0.5 0.5 [36] 0.5 0.5 0.5 [37] 0.5 0.5 0.5 [38] 0.5 0.5 0.5 
[1] [0] 0.5 0.5 0.5 [1] 0.5 0.5 0.5 [2] 0.5 0.5 0.5 [3] 0.5 0.5 0.5 [4] 0.5 0.5 0.5 [5] 0.5 0.5 0.5 [6] 0.5 0.5 0.5 [7] 0.5 0.5 0.5 [8] 0.5 0.5 0.5 [9] 0.5 0.5 0.5 [10] 0.5 0.5 0.5 [11] 0.5 0.5 0.5 [12] 0.5 0.5 0.5 [13] 0.5 0.5 0.5 [14] 0.5 0.5 0.5 [15] 0.5 0.5 0.5 [16] 0.5 0.5 0.5 [17] 0.5 0.5 0.5 [18] 0.5 0.5 0.5 [19] 0.5 0.5 0.5 [20] 0.5 0.5 0.5 [21] 0.5 0.5 0.5 [22] 0.5 0.5 0.5 [23] 0.5 0.5 0.5 [24] 0.5 0.5 0.5 [25] 0.5 0.5 0.5 [26] 0.5 0.5 0.5 [27] 0.5 0.5 0.5 [28] 0.5 0.5 0.5 [29] 0.5 0.5 0.5 [30] 0.5 0.5 0.5 [31] 0.5 0.5 0.5 [32] 0.5 0.5 0.5 [33] 0.5 0.4422552 0.5 [34] 0.5 0.5 0.5 [35] 0.5 0.5 0.5 [36] 0.5 0.5 0.5 [37] 0.5 0.5 0.5 [38] 0.5 0.5 0.5 
[2] [0] 0.5 0.5 0.5 [1] 0.5 0.5 0.5 [2] 0.5 0.5 0.5 [3] 0.5 0.5 0.5 [4] 0.5 0.5 0.5 [5] 0.5 0.5 0.5 [6] 0.5 0.5 0.5 [7] 0.5 0.5 0.5 [8] 0.5 0.5 0.5 [9] 0.5 0.5 0.5 [10] 0.5 0.5 0.5 [11] 0.5 0.5 0.5 [12] 0.5 0.5 0.5 [13] 0.5 0.5 0.5 [14] 0.5 0.5 0.5 [15] 0.5 0.5 0.5 [16] 0.5 0.5 0.5 [17] 0.5 0.5 0.5 [18] 0.5 0.5 0.5 [19] 0.5 0.5 0.5 [20] 0.5 0.5 0.5 [21] 0.5 0.5 0.5 [22] 0.5 0.5 0.5 [23] 0.5 0.5 0.5 [24] 0.5 0.5 0.5 [25] 0.5 0.5 0.5 [26] 0.5 0.5 0.5 [27] 0.5 0.5 0.5 [28] 0.5 0.5 0.5 [29] 0.5 0.5 0.5 [30] 0.5 0.5 0.5014976 [31] 0.5 0.5 0.4203782 [32] 0.5 0.5 0.4174948 [33] 0.5 0.400002 0.4007823 [34] 0.5 0.5 0.472517 [35] 0.5 0.5 0.4721549 [36] 0.5 0.5 0.4616441 [37] 0.5 0.5 0.4746749 [38] 0.4761254 0.5 0.5 
[31] 
[0] [0] 0.5 0.5 0.5 [1] 0.5 0.5 0.5 [2] 0.5 0.5 0.5 [3] 0.5 0.5 0.5 [4] 0.5 0.5 0.5 [5] 0.5 0.5 0.5 [6] 0.5 0.5 0.5 [7] 0.5 0.5 0.5 [8] 0.5 0.5 0.5 [9] 0.5 0.5 0.5 [10] 0.5 0.5 0.5 [11] 0.5 0.5 0.5 [12] 0.5 0.5 0.5 [13] 0.5 0.5 0.5 [14] 0.5 0.5 0.5 [15] 0.5 0.5 0.5 [16] 0.5 0.5 0.5 [17] 0.5 0.5 0.5 [18] 0.5 0.5 0.5 [19] 0.5 0.5 0.5 [20] 0.5 0.5 0.5 [21] 0.5 0.5 0.5 [22] 0.5 0.5 0.5 [23] 0.5 0.5 0.5 [24] 0.5 0.5 0.5 [25] 0.5 0.5 0.5 [26] 0.5 0.5 0.5 [27] 0.5 0.5 0.5 [28] 0.5 0.5 0.5 [29] 0.5 0.5 0.5 [30] 0.5 0.5 0.5 [31] 0.5 0.5 0.5 [32] 0.5 0.5 0.5 [33] 0.5 0.5 0.5 [34] 0.5 0.5 0.5 [35] 0.5 0.5 0.5 [36] 0.5 0.5 0.5 [37] 0.5 0.5 0.5 [38] 0.5 0.5 0.5 
[1] [0] 0.5 0.5 0.5 [1] 0.5 0.5 0.5 [2] 0.5 0.5 0.5 [3] 0.5 0.5 0.5 [4] 0.5 0.5 0.5 [5] 0.5 0.5 0.5 [6] 0.5 0.5 0.5 [7] 0.5 0.5 0.5 [8] 0.5 0.5 0.5 [9] 0.5 0.5 0.5 [10] 0.5 0.5 0.5 [11] 0.5 0.5 0.5 [12] 0.5 0.5 0.5 [13] 0.5 0.5 0.5 [14] 0.5 0.5 0.5 [15] 0.5 0.5 0.5 [16] 0.5 0.5 0.5 [17] 0.5 0.5 0.5 [18] 0.5 0.5 0.5 [19] 0.5 0.5 0.5 [20] 0.5 0.5 0.5 [21] 0.5 0.5 0.5 [22] 0.5 0.5 0.5 [23] 0.5 0.5 0.5 [24] 0.5 0.5 0.5 [25] 0.5 0.5 0.5 [26] 0.5 0.5 0.5 [27] 0.5 0.5 0.5 [28] 0.5 0.5 0.5 [29] 0.5 0.5 0.5 [30] 0.5 0.5 0.5 [31] 0.5 0.5 0.5 [32] 0.5 0.5 0.5 [33] 0.5 0.4903649 0.5 [34] 0.5 0.5 0.5 [35] 0.5 0.5 0.5 [36] 0.5 0.5 0.5 [37] 0.5 0.5 0.5 [38] 0.5 0.5 0.5 
[2] [0] 0.5 0.5 0.5 [1] 0.5 0.5 0.5 [2] 0.5 0.5 0.5 [3] 0.5 0.5 0.5 [4] 0.5 0.5 0.5 [5] 0.5 0.5 0.5 [6] 0.5 0.5 0.5 [7] 0.5 0.5 0.5 [8] 0.5 0.5 0.5 [9] 0.5 0.5 0.5 [10] 0.5 0.5 0.5 [11] 0.5 0.5 0.5 [12] 0.5 0.5 0.5 [13] 0.5 0.5 0.5 [14] 0.5 0.5 0.5 [15] 0.5 0.5 0.5 [16] 0.5 0.5 0.5 [17] 0.5 0.5 0.5 [18] 0.5 0.5 0.5 [19] 0.5 0.5 0.5 [20] 0.5 0.5 0.5 [21] 0.5 0.5 0.5 [22] 0.5 0.5 0.5 [23] 0.5 0.5 0.5 [24] 0.5 0.5 0.5 [25] 0.5 0.5 0.5 [26] 0.5 0.5 0.5 [27] 0.5 0.5 0.5 [28] 0.5 0.5 0.5 [29] 0.5 0.5 0.5 [30] 0.5 0.5 0.5 [31] 0.5 0.5 0.498503 [32] 0.5 0.5 0.3945443 [33] 0.5 0.4117469 0.3984024 [34] 0.5 0.5 0.3978536 [35] 0.5 0.5 0.4851377 [36] 0.5 0.5 0.4029929 [37] 0.5 0.5 0.3904267 [38] 0.4734195 0.5 0.5 
[32] 
[0] [0] 0.5 0.5 0.5 [1] 0.5 0.5 0.5 [2] 0.5 0.5 0.5 [3] 0.5 0.5 0.5 [4] 0.5 0.5 0.5 [5] 0.5 0.5 0.5 [6] 0.5 0.5 0.5 [7] 0.5 0.5 0.5 [8] 0.5 0.5 0.5 [9] 0.5 0.5 0.5 [10] 0.5 0.5 0.5 [11] 0.5 0.5 0.5 [12] 0.5 0.5 0.5 [13] 0.5 0.5 0.5 [14] 0.5 0.5 0.5 [15] 0.5 0.5 0.5 [16] 0.5 0.5 0.5 [17] 0.5 0.5 0.5 [18] 0.5 0.5 0.5 [19] 0.5 0.5 0.5 [20] 0.5 0.5 0.5 [21] 0.5 0.5 0.5 [22] 0.5 0.5 0.5 [23] 0.5 0.5 0.5 [24] 0.5 0.5 0.5 [25] 0.5 0.5 0.5 [26] 0.5 0.5 0.5 [27] 0.5 0.5 0.5 [28] 0.5 0.5 0.5 [29] 0.5 0.5 0.5 [30] 0.5 0.5 0.5 [31] 0.5 0.5 0.5 [32] 0.5 0.5 0.5 [33] 0.5 0.5 0.5 [34] 0.5 0.5 0.5 [35] 0.5 0.5 0.5 [36] 0.5 0.5 0.5 [37] 0.5 0.5 0.5 [38] 0.5 0.5 0.5 
[1] [0] 0.5 0.5 0.5 [1] 0.5 0.5 0.5 [2] 0.5 0.5 0.5 [3] 0.5 0.5 0.5 [4] 0.5 0.5 0.5 [5] 0.5 0.5 0.5 [6] 0.5 0.5 0.5 [7] 0.5 0.5 0.5 [8] 0.5 0.5 0.5 [9] 0.5 0.5 0.5 [10] 0.5 0.5 0.5 [11] 0.5 0.5 0.5 [12] 0.5 0.5 0.5 [13] 0.5 0.5 0.5 [14] 0.5 0.5 0.5 [15] 0.5 0.5 0.5 [16] 0.5 0.5 0.5 [17] 0.5 0.5 0.5 [18] 0.5 0.5 0.5 [19] 0.5 0.5 0.5 [20] 0.5 0.5 0.5 [21] 0.5 0.5 0.5 [22] 0.5 0.5 0.5 [23] 0.5 0.5 0.5 [24] 0.5 0.5 0.5 [25] 0.5 0.5 0.5 [26] 0.5 0.5 0.5 [27] 0.5 0.5 0.5 [28] 0.5 0.5 0.5 [29] 0.5 0.5 0.5 [30] 0.5 0.5 0.5 [31] 0.5 0.5 0.5 [32] 0.5 0.5 0.5 [33] 0.5 0.4656591 0.5 [34] 0.5 0.5 0.5 [35] 0.5 0.5 0.5 [36] 0.5 0.5 0.5 [37] 0.5 0.5 0.5 [38] 0.5 0.5 0.5 
[2] [0] 0.5 0.5 0.5 [1] 0.5 0.5 0.5 [2] 0.5 0.5 0.5 [3] 0.5 0.5 0.5 [4] 0.5 0.5 0.5 [5] 0.5 0.5 0.5 [6] 0.5 0.5 0.5 [7] 0.5 0.5 0.5 [8] 0.5 0.5 0.5 [9] 0.5 0.5 0.5 [10] 0.5 0.5 0.5 [11] 0.5 0.5 0.5 [12] 0.5 0.5 0.5 [13] 0.5 0.5 0.5 [14] 0.5 0.5 0.5 [15] 0.5 0.5 0.5 [16] 0.5 0.5 0.5 [17] 0.5 0.5 0.5 [18] 0.5 0.5 0.5 [19] 0.5 0.5 0.5 [20] 0.5 0.5 0.5 [21] 0.5 0.5 0.5 [22] 0.5 0.5 0.5 [23] 0.5 0.5 0.5 [24] 0.5 0.5 0.5 [25] 0.5 0.5 0.5 [26] 0.5 0.5 0.5 [27] 0.5 0.5 0.5 [28] 0.5 0.5 0.5 [29] 0.5 0.5 0.5 [30] 0.5 0.5 0.5 [31] 0.5 0.5 0.5 [32] 0.5 0.5 0.4945632 [33] 0.5 0.4334847 0.3985991 [34] 0.5 0.5 0.474731 [35] 0.5 0.5 0.4846147 [36] 0.5 0.5 0.4865273 [37] 0.5 0.5 0.4923898 [38] 0.4617113 0.5 0.5 
[33] 
[0] [0] 0.5 0.5 0.5 [1] 0.5 0.5 0.5 [2] 0.5 0.5 0.5 [3] 0.5 0.5 0.5 [4] 0.5 0.5 0.5 [5] 0.5 0.5 0.5 [6] 0.5 0.5 0.5 [7] 0.5 0.5 0.5 [8] 0.5 0.5 0.5 [9] 0.5 0.5 0.5 [10] 0.5 0.5 0.5 [11] 0.5 0.5 0.5 [12] 0.5 0.5 0.5 [13] 0.5 0.5 0.5 [14] 0.5 0.5 0.5 [15] 0.5 0.5 0.5 [16] 0.5 0.5 0.5 [17] 0.5 0.5 0.5 [18] 0.5 0.5 0.5 [19] 0.5 0.5 0.5 [20] 0.5 0.5 0.5 [21] 0.5 0.5 0.5 [22] 0.5 0.5 0.5 [23] 0.5 0.5 0.5 [24] 0.5 0.5 0.5 [25] 0.5 0.5 0.5 [26] 0.5 0.5 0.5 [27] 0.5 0.5 0.5 [28] 0.5 0.5 0.5 [29] 0.5 0.5 0.5 [30] 0.5 0.5 0.5 [31] 0.5 0.5 0.5 [32] 0.5 0.5 0.5 [33] 0.5 0.5 0.5 [34] 0.5 0.5 0.5 [35] 0.5 0.5 0.5 [36] 0.5 0.5 0.5 [37] 0.5 0.5 0.5 [38] 0.5 0.5 0.5 
[1] [0] 0.5 0.5 0.5 [1] 0.5 0.5 0.5 [2] 0.5 0.5 0.5 [3] 0.5 0.5 0.5 [4] 0.5 0.5 0.5 [5] 0.5 0.5 0.5 [6] 0.5 0.5 0.5 [7] 0.5 0.5 0.5 [8] 0.5 0.5 0.5 [9] 0.5 0.5 0.5 [10] 0.5 0.5 0.5 [11] 0.5 0.5 0.5 [12] 0.5 0.5 0.5 [13] 0.5 0.5 0.5 [14] 0.5 0.5 0.5 [15] 0.5 0.5 0.5 [16] 0.5 0.5 0.5 [17] 0.5 0.5 0.5 [18] 0.5 0.5 0.5 [19] 0.5 0.5 0.5 [20] 0.5 0.5 0.5 [21] 0.5 0.5 0.5 [22] 0.5 0.5 0.5 [23] 0.5 0.5 0.5 [24] 0.5 0.5 0.5 [25] 0.5 0.5 0.5 [26] 0.5 0.5 0.5 [27] 0.5 0.5 0.5 [28] 0.5 0.5 0.5 [29] 0.5 0.5 0.5 [30] 0.5 0.5 0.5 [31] 0.5 0.5 0.5 [32] 0.5 0.5 0.5 [33] 0.5 0.4810155 0.453404 [34] 0.5 0.5 0.4038102 [35] 0.5 0.5 0.4888312 [36] 0.5 0.5 0.4473838 [37] 0.5 0.5 0.4516661 [38] 0.4868381 0.5 0.5 
[2] [0] 0.5 0.5 0.5 [1] 0.5 0.5 0.5 [2] 0.5 0.5 0.5 [3] 0.5 0.5 0.5 [4] 0.5 0.5 0.5 [5] 0.5 0.5 0.5 [6] 0.5 0.5 0.5 [7] 0.5 0.5 0.5 [8] 0.5 0.5 0.5 [9] 0.5 0.5 0.5 [10] 0.5 0.5 0.5 [11] 0.5 0.5 0.5 [12] 0.5 0.5 0.5 [13] 0.5 0.5 0.5 [14] 0.5 0.5 0.5 [15] 0.5 0.5 0.5 [16] 0.5 0.5 0.5 [17] 0.5 0.5 0.5 [18] 0.5 0.5 0.5 [19] 0.5 0.5 0.5 [20] 0.5 0.5 0.5 [21] 0.5 0.5 0.5 [22] 0.5 0.5 0.5 [23] 0.5 0.5 0.5 [24] 0.5 0.5 0.5 [25] 0.5 0.5 0.5 [26] 0.5 0.5 0.5 [27] 0.5 0.5 0.5 [28] 0.5 0.5 0.5 [29] 0.5 0.5 0.5 [30] 0.5 0.5 0.5 [31] 0.5 0.5 0.5 [32] 0.5 0.5 0.5 [33] 0.5 0.4197351 0.4593494 [34] 0.5 0.5 0.3944948 [35] 0.5 0.5 0.4786457 [36] 0.5 0.5 0.4426346 [37] 0.5 0.5 0.4357171 [38] 0.4879985 0.5 0.5 
[34] 
[0] [0] 0.5 0.5 0.5 [1] 0.5 0.5 0.5 [2] 0.5 0.5 0.5 [3] 0.5 0.5 0.5 [4] 0.5 0.5 0.5 [5] 0.5 0.5 0.5 [6] 0.5 0.5 0.5 [7] 0.5 0.5 0.5 [8] 0.5 0.5 0.5 [9] 0.5 0.5 0.5 [10] 0.5 0.5 0.5 [11] 0.5 0.5 0.5 [12] 0.5 0.5 0.5 [13] 0.5 0.5 0.5 [14] 0.5 0.5 0.5 [15] 0.5 0.5 0.5 [16] 0.5 0.5 0.5 [17] 0.5 0.5 0.5 [18] 0.5 0.5 0.5 [19] 0.5 0.5 0.5 [20] 0.5 0.5 0.5 [21] 0.5 0.5 0.5 [22] 0.5 0.5 0.5 [23] 0.5 0.5 0.5 [24] 0.5 0.5 0.5 [25] 0.5 0.5 0.5 [26] 0.5 0.5 0.5 [27] 0.5 0.5 0.5 [28] 0.5 0.5 0.5 [29] 0.5 0.5 0.5 [30] 0.5 0.5 0.5 [31] 0.5 0.5 0.5 [32] 0.5 0.5 0.5 [33] 0.5 0.5 0.5 [34] 0.5 0.5 0.5 [35] 0.5 0.5 0.5 [36] 0.5 0.5 0.5 [37] 0.5 0.5 0.5 [38] 0.5 0.5 0.5 
[1] [0] 0.5 0.5 0.5 [1] 0.5 0.5 0.5 [2] 0.5 0.5 0.5 [3] 0.5 0.5 0.5 [4] 0.5 0.5 0.5 [5] 0.5 0.5 0.5 [6] 0.5 0.5 0.5 [7] 0.5 0.5 0.5 [8] 0.5 0.5 0.5 [9] 0.5 0.5 0.5 [10] 0.5 0.5 0.5 [11] 0.5 0.5 0.5 [12] 0.5 0.5 0.5 [13] 0.5 0.5 0.5 [14] 0.5 0.5 0.5 [15] 0.5 0.5 0.5 [16] 0.5 0.5 0.5 [17] 0.5 0.5 0.5 [18] 0.5 0.5 0.5 [19] 0.5 0.5 0.5 [20] 0.5 0.5 0.5 [21] 0.5 0.5 0.5 [22] 0.5 0.5 0.5 [23] 0.5 0.5 0.5 [24] 0.5 0.5 0.5 [25] 0.5 0.5 0.5 [26] 0.5 0.5 0.5 [27] 0.5 0.5 0.5 [28] 0.5 0.5 0.5 [29] 0.5 0.5 0.5 [30] 0.5 0.5 0.5 [31] 0.5 0.5 0.5 [32] 0.5 0.5 0.5 [33] 0.5 0.5 0.5 [34] 0.5 0.5 0.5 [35] 0.5 0.5 0.5 [36] 0.5 0.5 0.5 [37] 0.5 0.5 0.5 [38] 0.5 0.5 0.5 
[2] [0] 0.5 0.5 0.5 [1] 0.5 0.5 0.5 [2] 0.5 0.5 0.5 [3] 0.5 0.5 0.5 [4] 0.5 0.5 0.5 [5] 0.5 0.5 0.5 [6] 0.5 0.5 0.5 [7] 0.5 0.5 0.5 [8] 0.5 0.5 0.5 [9] 0.5 0.5 0.5 [10] 0.5 0.5 0.5 [11] 0.5 0.5 0.5 [12] 0.5 0.5 0.5 [13] 0.5 0.5 0.5 [14] 0.5 0.5 0.5 [15] 0.5 0.5 0.5 [16] 0.5 0.5 0.5 [17] 0.5 0.5 0.5 [18] 0.5 0.5 0.5 [19] 0.5 0.5 0.5 [20] 0.5 0.5 0.5 [21] 0.5 0.5 0.5 [22] 0.5 0.5 0.5 [23] 0.5 0.5 0.5 [24] 0.5 0.5 0.5 [25] 0.5 0.5 0.5 [26] 0.5 0.5 0.5 [27] 0.5 0.5 0.5 [28] 0.5 0.5 0.5 [29] 0.5 0.5 0.5 [30] 0.5 0.5 0.5 [31] 0.5 0.5 0.5 [32] 0.5 0.5 0.5 [33] 0.5 0.5 0.5 [34] 0.5 0.5 0.4789189 [35] 0.5 0.5 0.4373484 [36] 0.5 0.5 0.4757892 [37] 0.5 0.5 0.4773196 [38] 0.424904 0.5 0.5 
[35] 
[0] [0] 0.5 0.5 0.5 [1] 0.5 0.5 0.5 [2] 0.5 0.5 0.5 [3] 0.5 0.5 0.5 [4] 0.5 0.5 0.5 [5] 0.5 0.5 0.5 [6] 0.5 0.5 0.5 [7] 0.5 0.5 0.5 [8] 0.5 0.5 0.5 [9] 0.5 0.5 0.5 [10] 0.5 0.5 0.5 [11] 0.5 0.5 0.5 [12] 0.5 0.5 0.5 [13] 0.5 0.5 0.5 [14] 0.5 0.5 0.5 [15] 0.5 0.5 0.5 [16] 0.5 0.5 0.5 [17] 0.5 0.5 0.5 [18] 0.5 0.5 0.5 [19] 0.5 0.5 0.5 [20] 0.5 0.5 0.5 [21] 0.5 0.5 0.5 [22] 0.5 0.5 0.5 [23] 0.5 0.5 0.5 [24] 0.5 0.5 0.5 [25] 0.5 0.5 0.5 [26] 0.5 0.5 0.5 [27] 0.5 0.5 0.5 [28] 0.5 0.5 0.5 [29] 0.5 0.5 0.5 [30] 0.5 0.5 0.5 [31] 0.5 0.5 0.5 [32] 0.5 0.5 0.5 [33] 0.5 0.5 0.5 [34] 0.5 0.5 0.5 [35] 0.5 0.5 0.5 [36] 0.5 0.5 0.5 [37] 0.5 0.5 0.5 [38] 0.5 0.5 0.5 
[1] [0] 0.5 0.5 0.5 [1] 0.5 0.5 0.5 [2] 0.5 0.5 0.5 [3] 0.5 0.5 0.5 [4] 0.5 0.5 0.5 [5] 0.5 0.5 0.5 [6] 0.5 0.5 0.5 [7] 0.5 0.5 0.5 [8] 0.5 0.5 0.5 [9] 0.5 0.5 0.5 [10] 0.5 0.5 0.5 [11] 0.5 0.5 0.5 [12] 0.5 0.5 0.5 [13] 0.5 0.5 0.5 [14] 0.5 0.5 0.5 [15] 0.5 0.5 0.5 [16] 0.5 0.5 0.5 [17] 0.5 0.5 0.5 [18] 0.5 0.5 0.5 [19] 0.5 0.5 0.5 [20] 0.5 0.5 0.5 [21] 0.5 0.5 0.5 [22] 0.5 0.5 0.5 [23] 0.5 0.5 0.5 [24] 0.5 0.5 0.5 [25] 0.5 0.5 0.5 [26] 0.5 0.5 0.5 [27] 0.5 0.5 0.5 [28] 0.5 0.5 0.5 [29] 0.5 0.5 0.5 [30] 0.5 0.5 0.5 [31] 0.5 0.5 0.5 [32] 0.5 0.5 0.5 [33] 0.5 0.5 0.5 [34] 0.5 0.5 0.5 [35] 0.5 0.5 0.5 [36] 0.5 0.5 0.5 [37] 0.5 0.5 0.5 [38] 0.5 0.5 0.5 
[2] [0] 0.5 0.5 0.5 [1] 0.5 0.5 0.5 [2] 0.5 0.5 0.5 [3] 0.5 0.5 0.5 [4] 0.5 0.5 0.5 [5] 0.5 0.5 0.5 [6] 0.5 0.5 0.5 [7] 0.5 0.5 0.5 [8] 0.5 0.5 0.5 [9] 0.5 0.5 0.5 [10] 0.5 0.5 0.5 [11] 0.5 0.5 0.5 [12] 0.5 0.5 0.5 [13] 0.5 0.5 0.5 [14] 0.5 0.5 0.5 [15] 0.5 0.5 0.5 [16] 0.5 0.5 0.5 [17] 0.5 0.5 0.5 [18] 0.5 0.5 0.5 [19] 0.5 0.5 0.5 [20] 0.5 0.5 0.5 [21] 0.5 0.5 0.5 [22] 0.5 0.5 0.5 [23] 0.5 0.5 0.5 [24] 0.5 0.5 0.5 [25] 0.5 0.5 0.5 [26] 0.5 0.5 0.5 [27] 0.5 0.5 0.5 [28] 0.5 0.5 0.5 [29] 0.5 0.5 0.5 [30] 0.5 0.5 0.5 [31] 0.5 0.5 0.5 [32] 0.5 0.5 0.5 [33] 0.5 0.5 0.5 [34] 0.5 0.5 0.5 [35] 0.5 0.5 0.4580851 [36] 0.5 0.5 0.4261747 [37] 0.5 0.5 0.430167 [38] 0.3959626 0.5 0.5 
[36] 
[0] [0] 0.5 0.5 0.5 [1] 0.5 0.5 0.5 [2] 0.5 0.5 0.5 [3] 0.5 0.5 0.5 [4] 0.5 0.5 0.5 [5] 0.5 0.5 0.5 [6] 0.5 0.5 0.5 [7] 0.5 0.5 0.5 [8] 0.5 0.5 0.5 [9] 0.5 0.5 0.5 [10] 0.5 0.5 0.5 [11] 0.5 0.5 0.5 [12] 0.5 0.5 0.5 [13] 0.5 0.5 0.5 [14] 0.5 0.5 0.5 [15] 0.5 0.5 0.5 [16] 0.5 0.5 0.5 [17] 0.5 0.5 0.5 [18] 0.5 0.5 0.5 [19] 0.5 0.5 0.5 [20] 0.5 0.5 0.5 [21] 0.5 0.5 0.5 [22] 0.5 0.5 0.5 [23] 0.5 0.5 0.5 [24] 0.5 0.5 0.5 [25] 0.5 0.5 0.5 [26] 0.5 0.5 0.5 [27] 0.5 0.5 0.5 [28] 0.5 0.5 0.5 [29] 0.5 0.5 0.5 [30] 0.5 0.5 0.5 [31] 0.5 0.5 0.5 [32] 0.5 0.5 0.5 [33] 0.5 0.5 0.5 [34] 0.5 0.5 0.5 [35] 0.5 0.5 0.5 [36] 0.5 0.5 0.5 [37] 0.5 0.5 0.5 [38] 0.5 0.5 0.5 
[1] [0] 0.5 0.5 0.5 [1] 0.5 0.5 0.5 [2] 0.5 0.5 0.5 [3] 0.5 0.5 0.5 [4] 0.5 0.5 0.5 [5] 0.5 0.5 0.5 [6] 0.5 0.5 0.5 [7] 0.5 0.5 0.5 [8] 0.5 0.5 0.5 [9] 0.5 0.5 0.5 [10] 0.5 0.5 0.5 [11] 0.5 0.5 0.5 [12] 0.5 0.5 0.5 [13] 0.5 0.5 0.5 [14] 0.5 0.5 0.5 [15] 0.5 0.5 0.5 [16] 0.5 0.5 0.5 [17] 0.5 0.5 0.5 [18] 0.5 0.5 0.5 [19] 0.5 0.5 0.5 [20] 0.5 0.5 0.5 [21] 0.5 0.5 0.5 [22] 0.5 0.5 0.5 [23] 0.5 0.5 0.5 [24] 0.5 0.5 0.5 [25] 0.5 0.5 0.5 [26] 0.5 0.5 0.5 [27] 0.5 0.5 0.5 [28] 0.5 0.5 0.5 [29] 0.5 0.5 0.5 [30] 0.5 0.5 0.5 [31] 0.5 0.5 0.5 [32] 0.5 0.5 0.5 [33] 0.5 0.5 0.5 [34] 0.5 0.5 0.5 [35] 0.5 0.5 0.5 [36] 0.5 0.5 0.5 [37] 0.5 0.5 0.5 [38] 0.5 0.5 0.5 
[2] [0] 0.5 0.5 0.5 [1] 0.5 0.5 0.5 [2] 0.5 0.5 0.5 [3] 0.5 0.5 0.5 [4] 0.5 0.5 0.5 [5] 0.5 0.5 0.5 [6] 0.5 0.5 0.5 [7] 0.5 0.5 0.5 [8] 0.5 0.5 0.5 [9] 0.5 0.5 0.5 [10] 0.5 0.5 0.5 [11] 0.5 0.5 0.5 [12] 0.5 0.5 0.5 [13] 0.5 0.5 0.5 [14] 0.5 0.5 0.5 [15] 0.5 0.5 0.5 [16] 0.5 0.5 0.5 [17] 0.5 0.5 0.5 [18] 0.5 0.5 0.5 [19] 0.5 0.5 0.5 [20] 0.5 0.5 0.5 [21] 0.5 0.5 0.5 [22] 0.5 0.5 0.5 [23] 0.5 0.5 0.5 [24] 0.5 0.5 0.5 [25] 0.5 0.5 0.5 [26] 0.5 0.5 0.5 [27] 0.5 0.5 0.5 [28] 0.5 0.5 0.5 [29] 0.5 0.5 0.5 [30] 0.5 0.5 0.5 [31] 0.5 0.5 0.5 [32] 0.5 0.5 0.5 [33] 0.5 0.5 0.5 [34] 0.5 0.5 0.5 [35] 0.5 0.5 0.5 [36] 0.5 0.5 0.4379852 [37] 0.5 0.5 0.499487 [38] 0.4089291 0.5 0.5 
[37] 
[0] [0] 0.5 0.5 0.5 [1] 0.5 0.5 0.5 [2] 0.5 0.5 0.5 [3] 0.5 0.5 0.5 [4] 0.5 0.5 0.5 [5] 0.5 0.5 0.5 [6] 0.5 0.5 0.5 [7] 0.5 0.5 0.5 [8] 0.5 0.5 0.5 [9] 0.5 0.5 0.5 [10] 0.5 0.5 0.5 [11] 0.5 0.5 0.5 [12] 0.5 0.5 0.5 [13] 0.5 0.5 0.5 [14] 0.5 0.5 0.5 [15] 0.5 0.5 0.5 [16] 0.5 0.5 0.5 [17] 0.5 0.5 0.5 [18] 0.5 0.5 0.5 [19] 0.5 0.5 0.5 [20] 0.5 0.5 0.5 [21] 0.5 0.5 0.5 [22] 0.5 0.5 0.5 [23] 0.5 0.5 0.5 [24] 0.5 0.5 0.5 [25] 0.5 0.5 0.5 [26] 0.5 0.5 0.5 [27] 0.5 0.5 0.5 [28] 0.5 0.5 0.5 [29] 0.5 0.5 0.5 [30] 0.5 0.5 0.5 [31] 0.5 0.5 0.5 [32] 0.5 0.5 0.5 [33] 0.5 0.5 0.5 [34] 0.5 0.5 0.5 [35] 0.5 0.5 0.5 [36] 0.5 0.5 0.5 [37] 0.5 0.5 0.5 [38] 0.5 0.5 0.5 
[1] [0] 0.5 0.5 0.5 [1] 0.5 0.5 0.5 [2] 0.5 0.5 0.5 [3] 0.5 0.5 0.5 [4] 0.5 0.5 0.5 [5] 0.5 0.5 0.5 [6] 0.5 0.5 0.5 [7] 0.5 0.5 0.5 [8] 0.5 0.5 0.5 [9] 0.5 0.5 0.5 [10] 0.5 0.5 0.5 [11] 0.5 0.5 0.5 [12] 0.5 0.5 0.5 [13] 0.5 0.5 0.5 [14] 0.5 0.5 0.5 [15] 0.5 0.5 0.5 [16] 0.5 0.5 0.5 [17] 0.5 0.5 0.5 [18] 0.5 0.5 0.5 [19] 0.5 0.5 0.5 [20] 0.5 0.5 0.5 [21] 0.5 0.5 0.5 [22] 0.5 0.5 0.5 [23] 0.5 0.5 0.5 [24] 0.5 0.5 0.5 [25] 0.5 0.5 0.5 [26] 0.5 0.5 0.5 [27] 0.5 0.5 0.5 [28] 0.5 0.5 0.5 [29] 0.5 0.5 0.5 [30] 0.5 0.5 0.5 [31] 0.5 0.5 0.5 [32] 0.5 0.5 0.5 [33] 0.5 0.5 0.5 [34] 0.5 0.5 0.5 [35] 0.5 0.5 0.5 [36] 0.5 0.5 0.5 [37] 0.5 0.5 0.5 [38] 0.5 0.5 0.5 
[2] [0] 0.5 0.5 0.5 [1] 0.5 0.5 0.5 [2] 0.5 0.5 0.5 [3] 0.5 0.5 0.5 [4] 0.5 0.5 0.5 [5] 0.5 0.5 0.5 [6] 0.5 0.5 0.5 [7] 0.5 0.5 0.5 [8] 0.5 0.5 0.5 [9] 0.5 0.5 0.5 [10] 0.5 0.5 0.5 [11] 0.5 0.5 0.5 [12] 0.5 0.5 0.5 [13] 0.5 0.5 0.5 [14] 0.5 0.5 0.5 [15] 0.5 0.5 0.5 [16] 0.5 0.5 0.5 [17] 0.5 0.5 0.5 [18] 0.5 0.5 0.5 [19] 0.5 0.5 0.5 [20] 0.5 0.5 0.5 [21] 0.5 0.5 0.5 [22] 0.5 0.5 0.5 [23] 0.5 0.5 0.5 [24] 0.5 0.5 0.5 [25] 0.5 0.5 0.5 [26] 0.5 0.5 0.5 [27] 0.5 0.5 0.5 [28] 0.5 0.5 0.5 [29] 0.5 0.5 0.5 [30] 0.5 0.5 0.5 [31] 0.5 0.5 0.5 [32] 0.5 0.5 0.5 [33] 0.5 0.5 0.5 [34] 0.5 0.5 0.5 [35] 0.5 0.5 0.5 [36] 0.5 0.5 0.5 [37] 0.5 0.5 0.4381256 [38] 0.3855278 0.5 0.5 
[38] 
[0] [0] 0.5 0.5 0.5 [1] 0.5 0.5 0.5 [2] 0.5 0.5 0.5 [3] 0.5 0.5 0.5 [4] 0.5 0.5 0.5 [5] 0.5 0.5 0.5 [6] 0.5 0.5 0.5 [7] 0.5 0.5 0.5 [8] 0.5 0.5 0.5 [9] 0.5 0.5 0.5 [10] 0.5 0.5 0.5 [11] 0.5 0.5 0.5 [12] 0.5 0.5 0.5 [13] 0.5 0.5 0.5 [14] 0.5 0.5 0.5 [15] 0.5 0.5 0.5 [16] 0.5 0.5 0.5 [17] 0.5 0.5 0.5 [18] 0.5 0.5 0.5 [19] 0.5 0.5 0.5 [20] 0.5 0.5 0.5 [21] 0.5 0.5 0.5 [22] 0.5 0.5 0.5 [23] 0.5 0.5 0.5 [24] 0.5 0.5 0.5 [25] 0.5 0.5 0.5 [26] 0.5 0.5 0.5 [27] 0.5 0.5 0.5 [28] 0.5 0.5 0.5 [29] 0.5 0.5 0.5 [30] 0.5 0.5 0.5 [31] 0.5 0.5 0.5 [32] 0.5 0.5 0.5 [33] 0.5 0.5 0.5 [34] 0.5 0.5 0.5 [35] 0.5 0.5 0.5 [36] 0.5 0.5 0.5 [37] 0.5 0.5 0.5 [38] 0.4482522 0.5 0.5 
[1] [0] 0.5 0.5 0.5 [1] 0.5 0.5 0.5 [2] 0.5 0.5 0.5 [3] 0.5 0.5 0.5 [4] 0.5 0.5 0.5 [5] 0.5 0.5 0.5 [6] 0.5 0.5 0.5 [7] 0.5 0.5 0.5 [8] 0.5 0.5 0.5 [9] 0.5 0.5 0.5 [10] 0.5 0.5 0.5 [11] 0.5 0.5 0.5 [12] 0.5 0.5 0.5 [13] 0.5 0.5 0.5 [14] 0.5 0.5 0.5 [15] 0.5 0.5 0.5 [16] 0.5 0.5 0.5 [17] 0.5 0.5 0.5 [18] 0.5 0.5 0.5 [19] 0.5 0.5 0.5 [20] 0.5 0.5 0.5 [21] 0.5 0.5 0.5 [22] 0.5 0.5 0.5 [23] 0.5 0.5 0.5 [24] 0.5 0.5 0.5 [25] 0.5 0.5 0.5 [26] 0.5 0.5 0.5 [27] 0.5 0.5 0.5 [28] 0.5 0.5 0.5 [29] 0.5 0.5 0.5 [30] 0.5 0.5 0.5 [31] 0.5 0.5 0.5 [32] 0.5 0.5 0.5 [33] 0.5 0.5 0.5 [34] 0.5 0.5 0.5 [35] 0.5 0.5 0.5 [36] 0.5 0.5 0.5 [37] 0.5 0.5 0.5 [38] 0.5 0.5 0.5 
[2] [0] 0.5 0.5 0.5 [1] 0.5 0.5 0.5 [2] 0.5 0.5 0.5 [3] 0.5 0.5 0.5 [4] 0.5 0.5 0.5 [5] 0.5 0.5 0.5 [6] 0.5 0.5 0.5 [7] 0.5 0.5 0.5 [8] 0.5 0.5 0.5 [9] 0.5 0.5 0.5 [10] 0.5 0.5 0.5 [11] 0.5 0.5 0.5 [12] 0.5 0.5 0.5 [13] 0.5 0.5 0.5 [14] 0.5 0.5 0.5 [15] 0.5 0.5 0.5 [16] 0.5 0.5 0.5 [17] 0.5 0.5 0.5 [18] 0.5 0.5 0.5 [19] 0.5 0.5 0.5 [20] 0.5 0.5 0.5 [21] 0.5 0.5 0.5 [22] 0.5 0.5 0.5 [23] 0.5 0.5 0.5 [24] 0.5 0.5 0.5 [25] 0.5 0.5 0.5 [26] 0.5 0.5 0.5 [27] 0.5 0.5 0.5 [28] 0.5 0.5 0.5 [29] 0.5 0.5 0.5 [30] 0.5 0.5 0.5 [31] 0.5 0.5 0.5 [32] 0.5 0.5 0.5 [33] 0.5 0.5 0.5 [34] 0.5 0.5 0.5 [35] 0.5 0.5 0.5 [36] 0.5 0.5 0.5 [37] 0.5 0.5 0.5 [38] 0.5 0.5 0.5 
