[0] 
[0] [0] 0.4138658 0.5 0.5 [1] 0.5 0.4433419 0.4476878 [2] 0.5 0.4803523 0.4636698 [3] 0.5 0.4327441 0.5 [4] 0.5 0.5 0.4645104 [5] 0.5 0.464756 0.4490938 [6] 0.5 0.5 0.4392825 [7] 0.5 0.4438502 0.4786969 [8] 0.5 0.4405237 0.4229094 [9] 0.5 0.5 0.4710684 [10] 0.5 0.5 0.4574001 [11] 0.4517614 0.5 0.5 [12] 0.5 0.5 0.454743 [13] 0.5 0.4636833 0.4649036 [14] 0.5 0.4485086 0.5 [15] 0.5 0.5 0.4598071 [16] 0.5 0.4188463 0.5 [17] 0.5 0.4599751 0.5 [18] 0.5 0.4384147 0.5 [19] 0.5 0.5 0.4596993 [20] 0.5 0.5 0.4538389 
[1] [0] 0.5 0.5 0.5 [1] 0.5 0.5 0.5 [2] 0.5 0.5 0.5 [3] 0.5 0.5 0.5 [4] 0.5 0.5 0.5 [5] 0.5 0.5 0.5 [6] 0.5 0.5 0.5 [7] 0.5 0.5 0.5 [8] 0.5 0.5 0.5 [9] 0.5 0.5 0.5 [10] 0.5 0.5 0.5 [11] 0.5 0.5 0.5 [12] 0.5 0.5 0.5 [13] 0.5 0.5 0.5 [14] 0.5 0.5 0.5 [15] 0.5 0.5 0.5 [16] 0.5 0.5 0.5 [17] 0.5 0.5 0.5 [18] 0.5 0.5 0.5 [19] 0.5 0.5 0.5 [20] 0.5 0.5 0.5 
[2] [0] 0.5 0.5 0.5 [1] 0.5 0.5 0.5 [2] 0.5 0.5 0.5 [3] 0.5 0.5 0.5 [4] 0.5 0.5 0.5 [5] 0.5 0.5 0.5 [6] 0.5 0.5 0.5 [7] 0.5 0.5 0.5 [8] 0.5 0.5 0.5 [9] 0.5 0.5 0.5 [10] 0.5 0.5 0.5 [11] 0.5 0.5 0.5 [12] 0.5 0.5 0.5 [13] 0.5 0.5 0.5 [14] 0.5 0.5 0.5 [15] 0.5 0.5 0.5 [16] 0.5 0.5 0.5 [17] 0.5 0.5 0.5 [18] 0.5 0.5 0.5 [19] 0.5 0.5 0.5 [20] 0.5 0.5 0.5 
[1] 
[0] [0] 0.5 0.5 0.5 [1] 0.5 0.5 0.5 [2] 0.5 0.5 0.5 [3] 0.5 0.5 0.5 [4] 0.5 0.5 0.5 [5] 0.5 0.5 0.5 [6] 0.5 0.5 0.5 [7] 0.5 0.5 0.5 [8] 0.5 0.5 0.5 [9] 0.5 0.5 0.5 [10] 0.5 0.5 0.5 [11] 0.5 0.5 0.5 [12] 0.5 0.5 0.5 [13] 0.5 0.5 0.5 [14] 0.5 0.5 0.5 [15] 0.5 0.5 0.5 [16] 0.5 0.5 0.5 [17] 0.5 0.5 0.5 [18] 0.5 0.5 0.5 [19] 0.5 0.5 0.5 [20] 0.5 0.5 0.5 
[1] [0] 0.4873283 0.5 0.5 [1] 0.5 0.5 0.5239297 [2] 0.5 0.5342181 0.4722589 [3] 0.5 0.4428295 0.5 [4] 0.5 0.5 0.4290128 [5] 0.5 0.4924196 0.4950166 [6] 0.5 0.5 0.4775362 [7] 0.5 0.4350228 0.468903 [8] 0.5 0.505891 0.5094041 [9] 0.5 0.5 0.4310223 [10] 0.5 0.5 0.4789424 [11] 0.4905037 0.5 0.5 [12] 0.5 0.5 0.5029756 [13] 0.5 0.4825697 0.4932658 [14] 0.5 0.4638992 0.5 [15] 0.5 0.5 0.4696188 [16] 0.5 0.4329426 0.5 [17] 0.5 0.4745792 0.5 [18] 0.5 0.4618599 0.5 [19] 0.5 0.5 0.4778048 [20] 0.5 0.5 0.4770466 
[2] [0] 0.4786709 0.5 0.5 [1] 0.5 0.5259307 0.5 [2] 0.5 0.5286239 0.4795569 [3] 0.5 0.4553244 0.5 [4] 0.5 0.5 0.459594 [5] 0.5 0.4711573 0.4981303 [6] 0.5 0.5 0.5057241 [7] 0.5 0.4329834 0.4655786 [8] 0.5 0.5321211 0.5095178 [9] 0.5 0.5 0.4456305 [10] 0.5 0.5 0.5003185 [11] 0.4899142 0.5 0.5 [12] 0.5 0.5 0.5032114 [13] 0.5 0.45621 0.4961369 [14] 0.5 0.4783394 0.5 [15] 0.5 0.5 0.473053 [16] 0.5 0.4322385 0.5 [17] 0.5 0.4609351 0.5 [18] 0.5 0.4465538 0.5 [19] 0.5 0.5 0.4540962 [20] 0.5 0.5 0.4602674 
[2] 
[0] [0] 0.5 0.5 0.5 [1] 0.5 0.5 0.5 [2] 0.5 0.5 0.5 [3] 0.5 0.5 0.5 [4] 0.5 0.5 0.5 [5] 0.5 0.5 0.5 [6] 0.5 0.5 0.5 [7] 0.5 0.5 0.5 [8] 0.5 0.5 0.5 [9] 0.5 0.5 0.5 [10] 0.5 0.5 0.5 [11] 0.5 0.5 0.5 [12] 0.5 0.5 0.5 [13] 0.5 0.5 0.5 [14] 0.5 0.5 0.5 [15] 0.5 0.5 0.5 [16] 0.5 0.5 0.5 [17] 0.5 0.5 0.5 [18] 0.5 0.5 0.5 [19] 0.5 0.5 0.5 [20] 0.5 0.5 0.5 
[1] [0] 0.4630207 0.5 0.5 [1] 0.5 0.5145991 0.4928549 [2] 0.5 0.5 0.5029595 [3] 0.5 0.4891829 0.5 [4] 0.5 0.5 0.4793478 [5] 0.5 0.4865839 0.4807314 [6] 0.5 0.5 0.4959458 [7] 0.5 0.4826266 0.5032088 [8] 0.5 0.5099771 0.5029092 [9] 0.5 0.5 0.4742644 [10] 0.5 0.5 0.4959082 [11] 0.4471805 0.5 0.5 [12] 0.5 0.5 0.5260009 [13] 0.5 0.4839816 0.4833281 [14] 0.5 0.4804431 0.5 [15] 0.5 0.5 0.4842024 [16] 0.5 0.4716299 0.5 [17] 0.5 0.4835822 0.5 [18] 0.5 0.4856492 0.5 [19] 0.5 0.5 0.4930284 [20] 0.5 0.5 0.4714609 
[2] [0] 0.4546112 0.5 0.5 [1] 0.5 0.4861611 0.4853832 [2] 0.5 0.4873431 0.5 [3] 0.5 0.4794299 0.5 [4] 0.5 0.5 0.485172 [5] 0.5 0.4765405 0.4870967 [6] 0.5 0.5 0.4762539 [7] 0.5 0.4867397 0.4960126 [8] 0.5 0.4773105 0.4706285 [9] 0.5 0.5 0.4839903 [10] 0.5 0.5 0.477969 [11] 0.4362833 0.5 0.5 [12] 0.5 0.5 0.4798852 [13] 0.5 0.4728992 0.4805596 [14] 0.5 0.4888625 0.5 [15] 0.5 0.5 0.4877339 [16] 0.5 0.4797801 0.5 [17] 0.5 0.4940897 0.5 [18] 0.5 0.4912248 0.5 [19] 0.5 0.5 0.4898829 [20] 0.5 0.5 0.4894008 
[3] 
[0] [0] 0.5 0.5 0.5 [1] 0.5 0.5 0.5 [2] 0.5 0.5 0.5 [3] 0.5 0.5 0.5 [4] 0.5 0.5 0.5 [5] 0.5 0.5 0.5 [6] 0.5 0.5 0.5 [7] 0.5 0.5 0.5 [8] 0.5 0.5 0.5 [9] 0.5 0.5 0.5 [10] 0.5 0.5 0.5 [11] 0.5 0.5 0.5 [12] 0.5 0.5 0.5 [13] 0.5 0.5 0.5 [14] 0.5 0.5 0.5 [15] 0.5 0.5 0.5 [16] 0.5 0.5 0.5 [17] 0.5 0.5 0.5 [18] 0.5 0.5 0.5 [19] 0.5 0.5 0.5 [20] 0.5 0.5 0.5 
[1] [0] 0.4296946 0.5 0.5 [1] 0.5 0.4776523 0.4796462 [2] 0.5 0.4899873 0.4970895 [3] 0.5 0.5 0.5 [4] 0.5 0.5 0.4776932 [5] 0.5 0.4727697 0.4968791 [6] 0.5 0.5 0.5090659 [7] 0.5 0.4616039 0.4908193 [8] 0.5 0.4867992 0.462763 [9] 0.5 0.5 0.4769233 [10] 0.5 0.5 0.4748859 [11] 0.4559236 0.5 0.5 [12] 0.5 0.5 0.4560782 [13] 0.5 0.4540727 0.4878494 [14] 0.5 0.4849882 0.5 [15] 0.5 0.5 0.4678663 [16] 0.5 0.4674878 0.5 [17] 0.5 0.484532 0.5 [18] 0.5 0.4800879 0.5 [19] 0.5 0.5 0.4757472 [20] 0.5 0.5 0.4785706 
[2] [0] 0.5 0.5 0.5 [1] 0.5 0.5 0.5 [2] 0.5 0.5 0.5 [3] 0.5 0.5 0.5 [4] 0.5 0.5 0.5 [5] 0.5 0.5 0.5 [6] 0.5 0.5 0.5 [7] 0.5 0.5 0.5 [8] 0.5 0.5 0.5 [9] 0.5 0.5 0.5 [10] 0.5 0.5 0.5 [11] 0.5 0.5 0.5 [12] 0.5 0.5 0.5 [13] 0.5 0.5 0.5 [14] 0.5 0.5 0.5 [15] 0.5 0.5 0.5 [16] 0.5 0.5 0.5 [17] 0.5 0.5 0.5 [18] 0.5 0.5 0.5 [19] 0.5 0.5 0.5 [20] 0.5 0.5 0.5 
[4] 
[0] [0] 0.5 0.5 0.5 [1] 0.5 0.5 0.5 [2] 0.5 0.5 0.5 [3] 0.5 0.5 0.5 [4] 0.5 0.5 0.5 [5] 0.5 0.5 0.5 [6] 0.5 0.5 0.5 [7] 0.5 0.5 0.5 [8] 0.5 0.5 0.5 [9] 0.5 0.5 0.5 [10] 0.5 0.5 0.5 [11] 0.5 0.5 0.5 [12] 0.5 0.5 0.5 [13] 0.5 0.5 0.5 [14] 0.5 0.5 0.5 [15] 0.5 0.5 0.5 [16] 0.5 0.5 0.5 [17] 0.5 0.5 0.5 [18] 0.5 0.5 0.5 [19] 0.5 0.5 0.5 [20] 0.5 0.5 0.5 
[1] [0] 0.5 0.5 0.5 [1] 0.5 0.5 0.5 [2] 0.5 0.5 0.5 [3] 0.5 0.5 0.5 [4] 0.5 0.5 0.5 [5] 0.5 0.5 0.5 [6] 0.5 0.5 0.5 [7] 0.5 0.5 0.5 [8] 0.5 0.5 0.5 [9] 0.5 0.5 0.5 [10] 0.5 0.5 0.5 [11] 0.5 0.5 0.5 [12] 0.5 0.5 0.5 [13] 0.5 0.5 0.5 [14] 0.5 0.5 0.5 [15] 0.5 0.5 0.5 [16] 0.5 0.5 0.5 [17] 0.5 0.5 0.5 [18] 0.5 0.5 0.5 [19] 0.5 0.5 0.5 [20] 0.5 0.5 0.5 
[2] [0] 0.4947542 0.5 0.5 [1] 0.5 0.5334198 0.5175006 [2] 0.5 0.4946577 0.4954885 [3] 0.5 0.482776 0.5 [4] 0.5 0.5 0.5 [5] 0.5 0.5198596 0.5135266 [6] 0.5 0.5 0.517112 [7] 0.5 0.4927957 0.5294803 [8] 0.5 0.5252357 0.4804503 [9] 0.5 0.5 0.5028287 [10] 0.5 0.5 0.4691004 [11] 0.4827932 0.5 0.5 [12] 0.5 0.5 0.5097409 [13] 0.5 0.4973104 0.5259841 [14] 0.5 0.4980041 0.5 [15] 0.5 0.5 0.4955871 [16] 0.5 0.494277 0.5 [17] 0.5 0.495106 0.5 [18] 0.5 0.4995154 0.5 [19] 0.5 0.5 0.4837028 [20] 0.5 0.5 0.4971011 
[5] 
[0] [0] 0.5 0.5 0.5 [1] 0.5 0.5 0.5 [2] 0.5 0.5 0.5 [3] 0.5 0.5 0.5 [4] 0.5 0.5 0.5 [5] 0.5 0.5 0.5 [6] 0.5 0.5 0.5 [7] 0.5 0.5 0.5 [8] 0.5 0.5 0.5 [9] 0.5 0.5 0.5 [10] 0.5 0.5 0.5 [11] 0.5 0.5 0.5 [12] 0.5 0.5 0.5 [13] 0.5 0.5 0.5 [14] 0.5 0.5 0.5 [15] 0.5 0.5 0.5 [16] 0.5 0.5 0.5 [17] 0.5 0.5 0.5 [18] 0.5 0.5 0.5 [19] 0.5 0.5 0.5 [20] 0.5 0.5 0.5 
[1] [0] 0.4472397 0.5 0.5 [1] 0.5 0.4663553 0.4972539 [2] 0.5 0.5013072 0.46867 [3] 0.5 0.4470555 0.5 [4] 0.5 0.5 0.4583945 [5] 0.5 0.5 0.5214379 [6] 0.5 0.5 0.5080914 [7] 0.5 0.4535362 0.5032481 [8] 0.5 0.4808415 0.4806891 [9] 0.5 0.5 0.4916081 [10] 0.5 0.5 0.5031953 [11] 0.4869054 0.5 0.5 [12] 0.5 0.5 0.5032967 [13] 0.5 0.4963351 0.5029683 [14] 0.5 0.4687185 0.5 [15] 0.5 0.5 0.4832026 [16] 0.5 0.4700105 0.5 [17] 0.5 0.4693667 0.5 [18] 0.5 0.4795978 0.5 [19] 0.5 0.5 0.4934691 [20] 0.5 0.5 0.4917885 
[2] [0] 0.4540857 0.5 0.5 [1] 0.5 0.4960679 0.5055537 [2] 0.5 0.5257075 0.467176 [3] 0.5 0.4596515 0.5 [4] 0.5 0.5 0.4591807 [5] 0.5 0.5041074 0.5 [6] 0.5 0.5 0.4853734 [7] 0.5 0.4512097 0.4915642 [8] 0.5 0.4922532 0.4809627 [9] 0.5 0.5 0.4688232 [10] 0.5 0.5 0.5047296 [11] 0.5017146 0.5 0.5 [12] 0.5 0.5 0.5391911 [13] 0.5 0.4814309 0.5047409 [14] 0.5 0.4718508 0.5 [15] 0.5 0.5 0.4636582 [16] 0.5 0.449657 0.5 [17] 0.5 0.4631697 0.5 [18] 0.5 0.4722977 0.5 [19] 0.5 0.5 0.4931733 [20] 0.5 0.5 0.47983 
[6] 
[0] [0] 0.5 0.5 0.5 [1] 0.5 0.5 0.5 [2] 0.5 0.5 0.5 [3] 0.5 0.5 0.5 [4] 0.5 0.5 0.5 [5] 0.5 0.5 0.5 [6] 0.5 0.5 0.5 [7] 0.5 0.5 0.5 [8] 0.5 0.5 0.5 [9] 0.5 0.5 0.5 [10] 0.5 0.5 0.5 [11] 0.5 0.5 0.5 [12] 0.5 0.5 0.5 [13] 0.5 0.5 0.5 [14] 0.5 0.5 0.5 [15] 0.5 0.5 0.5 [16] 0.5 0.5 0.5 [17] 0.5 0.5 0.5 [18] 0.5 0.5 0.5 [19] 0.5 0.5 0.5 [20] 0.5 0.5 0.5 
[1] [0] 0.5 0.5 0.5 [1] 0.5 0.5 0.5 [2] 0.5 0.5 0.5 [3] 0.5 0.5 0.5 [4] 0.5 0.5 0.5 [5] 0.5 0.5 0.5 [6] 0.5 0.5 0.5 [7] 0.5 0.5 0.5 [8] 0.5 0.5 0.5 [9] 0.5 0.5 0.5 [10] 0.5 0.5 0.5 [11] 0.5 0.5 0.5 [12] 0.5 0.5 0.5 [13] 0.5 0.5 0.5 [14] 0.5 0.5 0.5 [15] 0.5 0.5 0.5 [16] 0.5 0.5 0.5 [17] 0.5 0.5 0.5 [18] 0.5 0.5 0.5 [19] 0.5 0.5 0.5 [20] 0.5 0.5 0.5 
[2] [0] 0.4593455 0.5 0.5 [1] 0.5 0.517181 0.4843465 [2] 0.5 0.5392954 0.5018172 [3] 0.5 0.4792394 0.5 [4] 0.5 0.5 0.449105 [5] 0.5 0.4999879 0.4909699 [6] 0.5 0.5 0.5 [7] 0.5 0.4331659 0.4739252 [8] 0.5 0.5241007 0.5014774 [9] 0.5 0.5 0.4614402 [10] 0.5 0.5 0.5000777 [11] 0.4725146 0.5 0.5 [12] 0.5 0.5 0.4818505 [13] 0.5 0.4867428 0.4965736 [14] 0.5 0.4579853 0.5 [15] 0.5 0.5 0.474178 [16] 0.5 0.4448988 0.5 [17] 0.5 0.4786301 0.5 [18] 0.5 0.461966 0.5 [19] 0.5 0.5 0.4877417 [20] 0.5 0.5 0.4856366 
[7] 
[0] [0] 0.5 0.5 0.5 [1] 0.5 0.5 0.5 [2] 0.5 0.5 0.5 [3] 0.5 0.5 0.5 [4] 0.5 0.5 0.5 [5] 0.5 0.5 0.5 [6] 0.5 0.5 0.5 [7] 0.5 0.5 0.5 [8] 0.5 0.5 0.5 [9] 0.5 0.5 0.5 [10] 0.5 0.5 0.5 [11] 0.5 0.5 0.5 [12] 0.5 0.5 0.5 [13] 0.5 0.5 0.5 [14] 0.5 0.5 0.5 [15] 0.5 0.5 0.5 [16] 0.5 0.5 0.5 [17] 0.5 0.5 0.5 [18] 0.5 0.5 0.5 [19] 0.5 0.5 0.5 [20] 0.5 0.5 0.5 
[1] [0] 0.4956068 0.5 0.5 [1] 0.5 0.5467205 0.5276371 [2] 0.5 0.4970719 0.4910223 [3] 0.5 0.4953683 0.5 [4] 0.5 0.5 0.5180208 [5] 0.5 0.4863524 0.5010424 [6] 0.5 0.5 0.5472249 [7] 0.5 0.5 0.5129684 [8] 0.5 0.5363093 0.4920767 [9] 0.5 0.5 0.5218253 [10] 0.5 0.5 0.4886313 [11] 0.4962424 0.5 0.5 [12] 0.5 0.5 0.5230885 [13] 0.5 0.5018473 0.5285432 [14] 0.5 0.4970547 0.5 [15] 0.5 0.5 0.4945678 [16] 0.5 0.4985041 0.5 [17] 0.5 0.4964836 0.5 [18] 0.5 0.4970269 0.5 [19] 0.5 0.5 0.4906207 [20] 0.5 0.5 0.4989794 
[2] [0] 0.494095 0.5 0.5 [1] 0.5 0.5576022 0.5167021 [2] 0.5 0.4844916 0.5046865 [3] 0.5 0.482356 0.5 [4] 0.5 0.5 0.4843139 [5] 0.5 0.4843417 0.5260169 [6] 0.5 0.5 0.5045692 [7] 0.5 0.4703689 0.5 [8] 0.5 0.5100012 0.4732606 [9] 0.5 0.5 0.4941444 [10] 0.5 0.5 0.4822616 [11] 0.4698523 0.5 0.5 [12] 0.5 0.5 0.5116414 [13] 0.5 0.4658571 0.4927276 [14] 0.5 0.4980164 0.5 [15] 0.5 0.5 0.4979977 [16] 0.5 0.5014026 0.5 [17] 0.5 0.4950266 0.5 [18] 0.5 0.4985017 0.5 [19] 0.5 0.5 0.4999651 [20] 0.5 0.5 0.4945581 
[8] 
[0] [0] 0.5 0.5 0.5 [1] 0.5 0.5 0.5 [2] 0.5 0.5 0.5 [3] 0.5 0.5 0.5 [4] 0.5 0.5 0.5 [5] 0.5 0.5 0.5 [6] 0.5 0.5 0.5 [7] 0.5 0.5 0.5 [8] 0.5 0.5 0.5 [9] 0.5 0.5 0.5 [10] 0.5 0.5 0.5 [11] 0.5 0.5 0.5 [12] 0.5 0.5 0.5 [13] 0.5 0.5 0.5 [14] 0.5 0.5 0.5 [15] 0.5 0.5 0.5 [16] 0.5 0.5 0.5 [17] 0.5 0.5 0.5 [18] 0.5 0.5 0.5 [19] 0.5 0.5 0.5 [20] 0.5 0.5 0.5 
[1] [0] 0.4688191 0.5 0.5 [1] 0.5 0.5147675 0.5119439 [2] 0.5 0.5523642 0.4838567 [3] 0.5 0.4508913 0.5 [4] 0.5 0.5 0.4488187 [5] 0.5 0.4866021 0.4940363 [6] 0.5 0.5 0.4991292 [7] 0.5 0.4319468 0.4780429 [8] 0.5 0.5 0.4912964 [9] 0.5 0.5 0.4462955 [10] 0.5 0.5 0.492904 [11] 0.5084556 0.5 0.5 [12] 0.5 0.5 0.4908755 [13] 0.5 0.4623113 0.4833252 [14] 0.5 0.4637266 0.5 [15] 0.5 0.5 0.4543133 [16] 0.5 0.4429993 0.5 [17] 0.5 0.4601276 0.5 [18] 0.5 0.4576079 0.5 [19] 0.5 0.5 0.4791325 [20] 0.5 0.5 0.4644013 
[2] [0] 0.4997189 0.5 0.5 [1] 0.5 0.5077518 0.523937 [2] 0.5 0.5580385 0.4765011 [3] 0.5 0.459263 0.5 [4] 0.5 0.5 0.435838 [5] 0.5 0.4612224 0.5026023 [6] 0.5 0.5 0.5013376 [7] 0.5 0.4417103 0.4863114 [8] 0.5 0.4967586 0.5 [9] 0.5 0.5 0.4487936 [10] 0.5 0.5 0.4965196 [11] 0.5019188 0.5 0.5 [12] 0.5 0.5 0.5095508 [13] 0.5 0.451699 0.4931846 [14] 0.5 0.4657395 0.5 [15] 0.5 0.5 0.4524506 [16] 0.5 0.4622024 0.5 [17] 0.5 0.4535979 0.5 [18] 0.5 0.4512513 0.5 [19] 0.5 0.5 0.4723449 [20] 0.5 0.5 0.471843 
[9] 
[0] [0] 0.5 0.5 0.5 [1] 0.5 0.5 0.5 [2] 0.5 0.5 0.5 [3] 0.5 0.5 0.5 [4] 0.5 0.5 0.5 [5] 0.5 0.5 0.5 [6] 0.5 0.5 0.5 [7] 0.5 0.5 0.5 [8] 0.5 0.5 0.5 [9] 0.5 0.5 0.5 [10] 0.5 0.5 0.5 [11] 0.5 0.5 0.5 [12] 0.5 0.5 0.5 [13] 0.5 0.5 0.5 [14] 0.5 0.5 0.5 [15] 0.5 0.5 0.5 [16] 0.5 0.5 0.5 [17] 0.5 0.5 0.5 [18] 0.5 0.5 0.5 [19] 0.5 0.5 0.5 [20] 0.5 0.5 0.5 
[1] [0] 0.5 0.5 0.5 [1] 0.5 0.5 0.5 [2] 0.5 0.5 0.5 [3] 0.5 0.5 0.5 [4] 0.5 0.5 0.5 [5] 0.5 0.5 0.5 [6] 0.5 0.5 0.5 [7] 0.5 0.5 0.5 [8] 0.5 0.5 0.5 [9] 0.5 0.5 0.5 [10] 0.5 0.5 0.5 [11] 0.5 0.5 0.5 [12] 0.5 0.5 0.5 [13] 0.5 0.5 0.5 [14] 0.5 0.5 0.5 [15] 0.5 0.5 0.5 [16] 0.5 0.5 0.5 [17] 0.5 0.5 0.5 [18] 0.5 0.5 0.5 [19] 0.5 0.5 0.5 [20] 0.5 0.5 0.5 
[2] [0] 0.4794529 0.5 0.5 [1] 0.5 0.5290098 0.5014369 [2] 0.5 0.484003 0.4951069 [3] 0.5 0.4723572 0.5 [4] 0.5 0.5 0.480565 [5] 0.5 0.5253285 0.502564 [6] 0.5 0.5 0.5241815 [7] 0.5 0.4830038 0.5264741 [8] 0.5 0.4952061 0.4773309 [9] 0.5 0.5 0.5 [10] 0.5 0.5 0.4777865 [11] 0.4566036 0.5 0.5 [12] 0.5 0.5 0.4993957 [13] 0.5 0.4736047 0.5171145 [14] 0.5 0.4886051 0.5 [15] 0.5 0.5 0.4918253 [16] 0.5 0.4936862 0.5 [17] 0.5 0.4868241 0.5 [18] 0.5 0.4878393 0.5 [19] 0.5 0.5 0.4795578 [20] 0.5 0.5 0.4894104 
[10] 
[0] [0] 0.5 0.5 0.5 [1] 0.5 0.5 0.5 [2] 0.5 0.5 0.5 [3] 0.5 0.5 0.5 [4] 0.5 0.5 0.5 [5] 0.5 0.5 0.5 [6] 0.5 0.5 0.5 [7] 0.5 0.5 0.5 [8] 0.5 0.5 0.5 [9] 0.5 0.5 0.5 [10] 0.5 0.5 0.5 [11] 0.5 0.5 0.5 [12] 0.5 0.5 0.5 [13] 0.5 0.5 0.5 [14] 0.5 0.5 0.5 [15] 0.5 0.5 0.5 [16] 0.5 0.5 0.5 [17] 0.5 0.5 0.5 [18] 0.5 0.5 0.5 [19] 0.5 0.5 0.5 [20] 0.5 0.5 0.5 
[1] [0] 0.5 0.5 0.5 [1] 0.5 0.5 0.5 [2] 0.5 0.5 0.5 [3] 0.5 0.5 0.5 [4] 0.5 0.5 0.5 [5] 0.5 0.5 0.5 [6] 0.5 0.5 0.5 [7] 0.5 0.5 0.5 [8] 0.5 0.5 0.5 [9] 0.5 0.5 0.5 [10] 0.5 0.5 0.5 [11] 0.5 0.5 0.5 [12] 0.5 0.5 0.5 [13] 0.5 0.5 0.5 [14] 0.5 0.5 0.5 [15] 0.5 0.5 0.5 [16] 0.5 0.5 0.5 [17] 0.5 0.5 0.5 [18] 0.5 0.5 0.5 [19] 0.5 0.5 0.5 [20] 0.5 0.5 0.5 
[2] [0] 0.4810398 0.5 0.5 [1] 0.5 0.5210861 0.4919936 [2] 0.5 0.4808261 0.5258663 [3] 0.5 0.4713433 0.5 [4] 0.5 0.5 0.4803375 [5] 0.5 0.4725086 0.5193883 [6] 0.5 0.5 0.4876006 [7] 0.5 0.4788993 0.4959004 [8] 0.5 0.4855182 0.5040463 [9] 0.5 0.5 0.4909711 [10] 0.5 0.5 0.5 [11] 0.4860045 0.5 0.5 [12] 0.5 0.5 0.4884864 [13] 0.5 0.4872573 0.4883912 [14] 0.5 0.4853442 0.5 [15] 0.5 0.5 0.481319 [16] 0.5 0.4646453 0.5 [17] 0.5 0.4764965 0.5 [18] 0.5 0.4834612 0.5 [19] 0.5 0.5 0.511158 [20] 0.5 0.5 0.4877334 
[11] 
[0] [0] 0.4773383 0.5 0.5 [1] 0.5 0.4937108 0.4879249 [2] 0.5 0.5296724 0.3948722 [3] 0.5 0.478969 0.5 [4] 0.5 0.5 0.371192 [5] 0.5 0.4822251 0.4831733 [6] 0.5 0.5 0.4850338 [7] 0.5 0.3466596 0.4102185 [8] 0.5 0.5051681 0.490487 [9] 0.5 0.5 0.4271997 [10] 0.5 0.5 0.4738556 [11] 0.5196437 0.5 0.5 [12] 0.5 0.5 0.5250679 [13] 0.5 0.4737785 0.4849493 [14] 0.5 0.4274037 0.5 [15] 0.5 0.5 0.365706 [16] 0.5 0.4164296 0.5 [17] 0.5 0.3799269 0.5 [18] 0.5 0.3783096 0.5 [19] 0.5 0.5 0.4657899 [20] 0.5 0.5 0.3658616 
[1] [0] 0.5 0.5 0.5 [1] 0.5 0.5 0.5 [2] 0.5 0.5 0.5 [3] 0.5 0.5 0.5 [4] 0.5 0.5 0.5 [5] 0.5 0.5 0.5 [6] 0.5 0.5 0.5 [7] 0.5 0.5 0.5 [8] 0.5 0.5 0.5 [9] 0.5 0.5 0.5 [10] 0.5 0.5 0.5 [11] 0.5 0.5 0.5 [12] 0.5 0.5 0.5 [13] 0.5 0.5 0.5 [14] 0.5 0.5 0.5 [15] 0.5 0.5 0.5 [16] 0.5 0.5 0.5 [17] 0.5 0.5 0.5 [18] 0.5 0.5 0.5 [19] 0.5 0.5 0.5 [20] 0.5 0.5 0.5 
[2] [0] 0.5 0.5 0.5 [1] 0.5 0.5 0.5 [2] 0.5 0.5 0.5 [3] 0.5 0.5 0.5 [4] 0.5 0.5 0.5 [5] 0.5 0.5 0.5 [6] 0.5 0.5 0.5 [7] 0.5 0.5 0.5 [8] 0.5 0.5 0.5 [9] 0.5 0.5 0.5 [10] 0.5 0.5 0.5 [11] 0.5 0.5 0.5 [12] 0.5 0.5 0.5 [13] 0.5 0.5 0.5 [14] 0.5 0.5 0.5 [15] 0.5 0.5 0.5 [16] 0.5 0.5 0.5 [17] 0.5 0.5 0.5 [18] 0.5 0.5 0.5 [19] 0.5 0.5 0.5 [20] 0.5 0.5 0.5 
[12] 
[0] [0] 0.5 0.5 0.5 [1] 0.5 0.5 0.5 [2] 0.5 0.5 0.5 [3] 0.5 0.5 0.5 [4] 0.5 0.5 0.5 [5] 0.5 0.5 0.5 [6] 0.5 0.5 0.5 [7] 0.5 0.5 0.5 [8] 0.5 0.5 0.5 [9] 0.5 0.5 0.5 [10] 0.5 0.5 0.5 [11] 0.5 0.5 0.5 [12] 0.5 0.5 0.5 [13] 0.5 0.5 0.5 [14] 0.5 0.5 0.5 [15] 0.5 0.5 0.5 [16] 0.5 0.5 0.5 [17] 0.5 0.5 0.5 [18] 0.5 0.5 0.5 [19] 0.5 0.5 0.5 [20] 0.5 0.5 0.5 
[1] [0] 0.5 0.5 0.5 [1] 0.5 0.5 0.5 [2] 0.5 0.5 0.5 [3] 0.5 0.5 0.5 [4] 0.5 0.5 0.5 [5] 0.5 0.5 0.5 [6] 0.5 0.5 0.5 [7] 0.5 0.5 0.5 [8] 0.5 0.5 0.5 [9] 0.5 0.5 0.5 [10] 0.5 0.5 0.5 [11] 0.5 0.5 0.5 [12] 0.5 0.5 0.5 [13] 0.5 0.5 0.5 [14] 0.5 0.5 0.5 [15] 0.5 0.5 0.5 [16] 0.5 0.5 0.5 [17] 0.5 0.5 0.5 [18] 0.5 0.5 0.5 [19] 0.5 0.5 0.5 [20] 0.5 0.5 0.5 
[2] [0] 0.4562218 0.5 0.5 [1] 0.5 0.4809297 0.4901072 [2] 0.5 0.5311129 0.4705941 [3] 0.5 0.4388138 0.5 [4] 0.5 0.5 0.4393199 [5] 0.5 0.4860147 0.4969148 [6] 0.5 0.5 0.4558006 [7] 0.5 0.4334344 0.4648317 [8] 0.5 0.4891216 0.4859148 [9] 0.5 0.5 0.4594421 [10] 0.5 0.5 0.4593327 [11] 0.5223829 0.5 0.5 [12] 0.5 0.5 0.5 [13] 0.5 0.4415006 0.4790766 [14] 0.5 0.4522039 0.5 [15] 0.5 0.5 0.4592889 [16] 0.5 0.4606039 0.5 [17] 0.5 0.454954 0.5 [18] 0.5 0.4552579 0.5 [19] 0.5 0.5 0.4450815 [20] 0.5 0.5 0.4625841 
[13] 
[0] [0] 0.5 0.5 0.5 [1] 0.5 0.5 0.5 [2] 0.5 0.5 0.5 [3] 0.5 0.5 0.5 [4] 0.5 0.5 0.5 [5] 0.5 0.5 0.5 [6] 0.5 0.5 0.5 [7] 0.5 0.5 0.5 [8] 0.5 0.5 0.5 [9] 0.5 0.5 0.5 [10] 0.5 0.5 0.5 [11] 0.5 0.5 0.5 [12] 0.5 0.5 0.5 [13] 0.5 0.5 0.5 [14] 0.5 0.5 0.5 [15] 0.5 0.5 0.5 [16] 0.5 0.5 0.5 [17] 0.5 0.5 0.5 [18] 0.5 0.5 0.5 [19] 0.5 0.5 0.5 [20] 0.5 0.5 0.5 
[1] [0] 0.4515035 0.5 0.5 [1] 0.5 0.4996616 0.4841208 [2] 0.5 0.4930125 0.4907728 [3] 0.5 0.4609221 0.5 [4] 0.5 0.5 0.4679574 [5] 0.5 0.5190712 0.500707 [6] 0.5 0.5 0.4943195 [7] 0.5 0.4807614 0.5171244 [8] 0.5 0.476588 0.4847488 [9] 0.5 0.5 0.4739235 [10] 0.5 0.5 0.4737684 [11] 0.4784336 0.5 0.5 [12] 0.5 0.5 0.4801395 [13] 0.5 0.5 0.4959466 [14] 0.5 0.4678654 0.5 [15] 0.5 0.5 0.4834588 [16] 0.5 0.4669216 0.5 [17] 0.5 0.4669274 0.5 [18] 0.5 0.476588 0.5 [19] 0.5 0.5 0.4858349 [20] 0.5 0.5 0.472124 
[2] [0] 0.4673544 0.5 0.5 [1] 0.5 0.5189431 0.5062893 [2] 0.5 0.5956747 0.487818 [3] 0.5 0.4856533 0.5 [4] 0.5 0.5 0.4540276 [5] 0.5 0.4966883 0.4963106 [6] 0.5 0.5 0.4858997 [7] 0.5 0.4400451 0.4646858 [8] 0.5 0.4976789 0.4971009 [9] 0.5 0.5 0.4526065 [10] 0.5 0.5 0.4700242 [11] 0.497388 0.5 0.5 [12] 0.5 0.5 0.5533702 [13] 0.5 0.4976993 0.5 [14] 0.5 0.4515242 0.5 [15] 0.5 0.5 0.4657246 [16] 0.5 0.4500631 0.5 [17] 0.5 0.4537142 0.5 [18] 0.5 0.4593865 0.5 [19] 0.5 0.5 0.4585902 [20] 0.5 0.5 0.4647197 
[14] 
[0] [0] 0.5 0.5 0.5 [1] 0.5 0.5 0.5 [2] 0.5 0.5 0.5 [3] 0.5 0.5 0.5 [4] 0.5 0.5 0.5 [5] 0.5 0.5 0.5 [6] 0.5 0.5 0.5 [7] 0.5 0.5 0.5 [8] 0.5 0.5 0.5 [9] 0.5 0.5 0.5 [10] 0.5 0.5 0.5 [11] 0.5 0.5 0.5 [12] 0.5 0.5 0.5 [13] 0.5 0.5 0.5 [14] 0.5 0.5 0.5 [15] 0.5 0.5 0.5 [16] 0.5 0.5 0.5 [17] 0.5 0.5 0.5 [18] 0.5 0.5 0.5 [19] 0.5 0.5 0.5 [20] 0.5 0.5 0.5 
[1] [0] 0.482399 0.5 0.5 [1] 0.5 0.4868354 0.4754603 [2] 0.5 0.4853425 0.4930604 [3] 0.5 0.4731288 0.5 [4] 0.5 0.5 0.4860238 [5] 0.5 0.4774179 0.4825017 [6] 0.5 0.5 0.4635364 [7] 0.5 0.4910468 0.4896685 [8] 0.5 0.4662316 0.4560314 [9] 0.5 0.5 0.4868933 [10] 0.5 0.5 0.4778674 [11] 0.4351411 0.5 0.5 [12] 0.5 0.5 0.464794 [13] 0.5 0.4866771 0.4627734 [14] 0.5 0.4887916 0.5 [15] 0.5 0.5 0.4841228 [16] 0.5 0.4842912 0.5 [17] 0.5 0.4978201 0.5 [18] 0.5 0.4820561 0.5 [19] 0.5 0.5 0.4831362 [20] 0.5 0.5 0.4892812 
[2] [0] 0.5 0.5 0.5 [1] 0.5 0.5 0.5 [2] 0.5 0.5 0.5 [3] 0.5 0.5 0.5 [4] 0.5 0.5 0.5 [5] 0.5 0.5 0.5 [6] 0.5 0.5 0.5 [7] 0.5 0.5 0.5 [8] 0.5 0.5 0.5 [9] 0.5 0.5 0.5 [10] 0.5 0.5 0.5 [11] 0.5 0.5 0.5 [12] 0.5 0.5 0.5 [13] 0.5 0.5 0.5 [14] 0.5 0.5 0.5 [15] 0.5 0.5 0.5 [16] 0.5 0.5 0.5 [17] 0.5 0.5 0.5 [18] 0.5 0.5 0.5 [19] 0.5 0.5 0.5 [20] 0.5 0.5 0.5 
[15] 
[0] [0] 0.5 0.5 0.5 [1] 0.5 0.5 0.5 [2] 0.5 0.5 0.5 [3] 0.5 0.5 0.5 [4] 0.5 0.5 0.5 [5] 0.5 0.5 0.5 [6] 0.5 0.5 0.5 [7] 0.5 0.5 0.5 [8] 0.5 0.5 0.5 [9] 0.5 0.5 0.5 [10] 0.5 0.5 0.5 [11] 0.5 0.5 0.5 [12] 0.5 0.5 0.5 [13] 0.5 0.5 0.5 [14] 0.5 0.5 0.5 [15] 0.5 0.5 0.5 [16] 0.5 0.5 0.5 [17] 0.5 0.5 0.5 [18] 0.5 0.5 0.5 [19] 0.5 0.5 0.5 [20] 0.5 0.5 0.5 
[1] [0] 0.5 0.5 0.5 [1] 0.5 0.5 0.5 [2] 0.5 0.5 0.5 [3] 0.5 0.5 0.5 [4] 0.5 0.5 0.5 [5] 0.5 0.5 0.5 [6] 0.5 0.5 0.5 [7] 0.5 0.5 0.5 [8] 0.5 0.5 0.5 [9] 0.5 0.5 0.5 [10] 0.5 0.5 0.5 [11] 0.5 0.5 0.5 [12] 0.5 0.5 0.5 [13] 0.5 0.5 0.5 [14] 0.5 0.5 0.5 [15] 0.5 0.5 0.5 [16] 0.5 0.5 0.5 [17] 0.5 0.5 0.5 [18] 0.5 0.5 0.5 [19] 0.5 0.5 0.5 [20] 0.5 0.5 0.5 
[2] [0] 0.4959947 0.5 0.5 [1] 0.5 0.4945463 0.4985816 [2] 0.5 0.4980014 0.5052764 [3] 0.5 0.4985091 0.5 [4] 0.5 0.5 0.4990076 [5] 0.5 0.5019726 0.497992 [6] 0.5 0.5 0.4936368 [7] 0.5 0.4950228 0.4950255 [8] 0.5 0.4935835 0.4970271 [9] 0.5 0.5 0.4930913 [10] 0.5 0.5 0.4975466 [11] 0.4923626 0.5 0.5 [12] 0.5 0.5 0.4887034 [13] 0.5 0.5029709 0.4984919 [14] 0.5 0.4960861 0.5 [15] 0.5 0.5 0.5 [16] 0.5 0.496119 0.5 [17] 0.5 0.4955399 0.5 [18] 0.5 0.4970127 0.5 [19] 0.5 0.5 0.494545 [20] 0.5 0.5 0.4989843 
[16] 
[0] [0] 0.5 0.5 0.5 [1] 0.5 0.5 0.5 [2] 0.5 0.5 0.5 [3] 0.5 0.5 0.5 [4] 0.5 0.5 0.5 [5] 0.5 0.5 0.5 [6] 0.5 0.5 0.5 [7] 0.5 0.5 0.5 [8] 0.5 0.5 0.5 [9] 0.5 0.5 0.5 [10] 0.5 0.5 0.5 [11] 0.5 0.5 0.5 [12] 0.5 0.5 0.5 [13] 0.5 0.5 0.5 [14] 0.5 0.5 0.5 [15] 0.5 0.5 0.5 [16] 0.5 0.5 0.5 [17] 0.5 0.5 0.5 [18] 0.5 0.5 0.5 [19] 0.5 0.5 0.5 [20] 0.5 0.5 0.5 
[1] [0] 0.4350051 0.5 0.5 [1] 0.5 0.4731891 0.4742882 [2] 0.5 0.4914226 0.4930427 [3] 0.5 0.4753405 0.5 [4] 0.5 0.5 0.4709587 [5] 0.5 0.4643022 0.4725133 [6] 0.5 0.5 0.4663521 [7] 0.5 0.4810227 0.4992719 [8] 0.5 0.457451 0.4633135 [9] 0.5 0.5 0.4869823 [10] 0.5 0.5 0.4729961 [11] 0.419971 0.5 0.5 [12] 0.5 0.5 0.4715945 [13] 0.5 0.482862 0.4656361 [14] 0.5 0.4934819 0.5 [15] 0.5 0.5 0.4747865 [16] 0.5 0.4717254 0.5 [17] 0.5 0.4902756 0.5 [18] 0.5 0.4879389 0.5 [19] 0.5 0.5 0.4659052 [20] 0.5 0.5 0.4829425 
[2] [0] 0.5 0.5 0.5 [1] 0.5 0.5 0.5 [2] 0.5 0.5 0.5 [3] 0.5 0.5 0.5 [4] 0.5 0.5 0.5 [5] 0.5 0.5 0.5 [6] 0.5 0.5 0.5 [7] 0.5 0.5 0.5 [8] 0.5 0.5 0.5 [9] 0.5 0.5 0.5 [10] 0.5 0.5 0.5 [11] 0.5 0.5 0.5 [12] 0.5 0.5 0.5 [13] 0.5 0.5 0.5 [14] 0.5 0.5 0.5 [15] 0.5 0.5 0.5 [16] 0.5 0.5 0.5 [17] 0.5 0.5 0.5 [18] 0.5 0.5 0.5 [19] 0.5 0.5 0.5 [20] 0.5 0.5 0.5 
[17] 
[0] [0] 0.5 0.5 0.5 [1] 0.5 0.5 0.5 [2] 0.5 0.5 0.5 [3] 0.5 0.5 0.5 [4] 0.5 0.5 0.5 [5] 0.5 0.5 0.5 [6] 0.5 0.5 0.5 [7] 0.5 0.5 0.5 [8] 0.5 0.5 0.5 [9] 0.5 0.5 0.5 [10] 0.5 0.5 0.5 [11] 0.5 0.5 0.5 [12] 0.5 0.5 0.5 [13] 0.5 0.5 0.5 [14] 0.5 0.5 0.5 [15] 0.5 0.5 0.5 [16] 0.5 0.5 0.5 [17] 0.5 0.5 0.5 [18] 0.5 0.5 0.5 [19] 0.5 0.5 0.5 [20] 0.5 0.5 0.5 
[1] [0] 0.4910389 0.5 0.5 [1] 0.5 0.4876188 0.4754295 [2] 0.5 0.4909417 0.4935038 [3] 0.5 0.4984787 0.5 [4] 0.5 0.5 0.4964647 [5] 0.5 0.5008683 0.4826854 [6] 0.5 0.5 0.493617 [7] 0.5 0.4985018 0.4960275 [8] 0.5 0.4999375 0.484156 [9] 0.5 0.5 0.4882211 [10] 0.5 0.5 0.4897314 [11] 0.4695724 0.5 0.5 [12] 0.5 0.5 0.4797082 [13] 0.5 0.4955855 0.4803506 [14] 0.5 0.4936092 0.5 [15] 0.5 0.5 0.4921176 [16] 0.5 0.4922253 0.5 [17] 0.5 0.5 0.5 [18] 0.5 0.4985115 0.5 [19] 0.5 0.5 0.4960128 [20] 0.5 0.5 0.5019025 
[2] [0] 0.5 0.5 0.5 [1] 0.5 0.5 0.5 [2] 0.5 0.5 0.5 [3] 0.5 0.5 0.5 [4] 0.5 0.5 0.5 [5] 0.5 0.5 0.5 [6] 0.5 0.5 0.5 [7] 0.5 0.5 0.5 [8] 0.5 0.5 0.5 [9] 0.5 0.5 0.5 [10] 0.5 0.5 0.5 [11] 0.5 0.5 0.5 [12] 0.5 0.5 0.5 [13] 0.5 0.5 0.5 [14] 0.5 0.5 0.5 [15] 0.5 0.5 0.5 [16] 0.5 0.5 0.5 [17] 0.5 0.5 0.5 [18] 0.5 0.5 0.5 [19] 0.5 0.5 0.5 [20] 0.5 0.5 0.5 
[18] 
[0] [0] 0.5 0.5 0.5 [1] 0.5 0.5 0.5 [2] 0.5 0.5 0.5 [3] 0.5 0.5 0.5 [4] 0.5 0.5 0.5 [5] 0.5 0.5 0.5 [6] 0.5 0.5 0.5 [7] 0.5 0.5 0.5 [8] 0.5 0.5 0.5 [9] 0.5 0.5 0.5 [10] 0.5 0.5 0.5 [11] 0.5 0.5 0.5 [12] 0.5 0.5 0.5 [13] 0.5 0.5 0.5 [14] 0.5 0.5 0.5 [15] 0.5 0.5 0.5 [16] 0.5 0.5 0.5 [17] 0.5 0.5 0.5 [18] 0.5 0.5 0.5 [19] 0.5 0.5 0.5 [20] 0.5 0.5 0.5 
[1] [0] 0.4857576 0.5 0.5 [1] 0.5 0.495208 0.4793721 [2] 0.5 0.4907764 0.5017174 [3] 0.5 0.4894539 0.5 [4] 0.5 0.5 0.4921086 [5] 0.5 0.4965638 0.4818249 [6] 0.5 0.5 0.4862432 [7] 0.5 0.4985065 0.4980146 [8] 0.5 0.4915823 0.4774177 [9] 0.5 0.5 0.4926541 [10] 0.5 0.5 0.4858365 [11] 0.4641709 0.5 0.5 [12] 0.5 0.5 0.4702688 [13] 0.5 0.4919327 0.4804738 [14] 0.5 0.5018756 0.5 [15] 0.5 0.5 0.4960269 [16] 0.5 0.4961399 0.5 [17] 0.5 0.4911618 0.5 [18] 0.5 0.5 0.5 [19] 0.5 0.5 0.4936386 [20] 0.5 0.5 0.4964546 
[2] [0] 0.5 0.5 0.5 [1] 0.5 0.5 0.5 [2] 0.5 0.5 0.5 [3] 0.5 0.5 0.5 [4] 0.5 0.5 0.5 [5] 0.5 0.5 0.5 [6] 0.5 0.5 0.5 [7] 0.5 0.5 0.5 [8] 0.5 0.5 0.5 [9] 0.5 0.5 0.5 [10] 0.5 0.5 0.5 [11] 0.5 0.5 0.5 [12] 0.5 0.5 0.5 [13] 0.5 0.5 0.5 [14] 0.5 0.5 0.5 [15] 0.5 0.5 0.5 [16] 0.5 0.5 0.5 [17] 0.5 0.5 0.5 [18] 0.5 0.5 0.5 [19] 0.5 0.5 0.5 [20] 0.5 0.5 0.5 
[19] 
[0] [0] 0.5 0.5 0.5 [1] 0.5 0.5 0.5 [2] 0.5 0.5 0.5 [3] 0.5 0.5 0.5 [4] 0.5 0.5 0.5 [5] 0.5 0.5 0.5 [6] 0.5 0.5 0.5 [7] 0.5 0.5 0.5 [8] 0.5 0.5 0.5 [9] 0.5 0.5 0.5 [10] 0.5 0.5 0.5 [11] 0.5 0.5 0.5 [12] 0.5 0.5 0.5 [13] 0.5 0.5 0.5 [14] 0.5 0.5 0.5 [15] 0.5 0.5 0.5 [16] 0.5 0.5 0.5 [17] 0.5 0.5 0.5 [18] 0.5 0.5 0.5 [19] 0.5 0.5 0.5 [20] 0.5 0.5 0.5 
[1] [0] 0.5 0.5 0.5 [1] 0.5 0.5 0.5 [2] 0.5 0.5 0.5 [3] 0.5 0.5 0.5 [4] 0.5 0.5 0.5 [5] 0.5 0.5 0.5 [6] 0.5 0.5 0.5 [7] 0.5 0.5 0.5 [8] 0.5 0.5 0.5 [9] 0.5 0.5 0.5 [10] 0.5 0.5 0.5 [11] 0.5 0.5 0.5 [12] 0.5 0.5 0.5 [13] 0.5 0.5 0.5 [14] 0.5 0.5 0.5 [15] 0.5 0.5 0.5 [16] 0.5 0.5 0.5 [17] 0.5 0.5 0.5 [18] 0.5 0.5 0.5 [19] 0.5 0.5 0.5 [20] 0.5 0.5 0.5 
[2] [0] 0.4426768 0.5 0.5 [1] 0.5 0.4998859 0.4899261 [2] 0.5 0.522899 0.4909048 [3] 0.5 0.4675382 0.5 [4] 0.5 0.5 0.4933052 [5] 0.5 0.470275 0.4945599 [6] 0.5 0.5 0.5002383 [7] 0.5 0.4893883 0.4905208 [8] 0.5 0.5036577 0.4884501 [9] 0.5 0.5 0.4900796 [10] 0.5 0.5 0.4789433 [11] 0.4813383 0.5 0.5 [12] 0.5 0.5 0.4842148 [13] 0.5 0.4653183 0.4895797 [14] 0.5 0.4734408 0.5 [15] 0.5 0.5 0.4880214 [16] 0.5 0.4637405 0.5 [17] 0.5 0.4789335 0.5 [18] 0.5 0.4773576 0.5 [19] 0.5 0.5 0.5 [20] 0.5 0.5 0.4875534 
[20] 
[0] [0] 0.5 0.5 0.5 [1] 0.5 0.5 0.5 [2] 0.5 0.5 0.5 [3] 0.5 0.5 0.5 [4] 0.5 0.5 0.5 [5] 0.5 0.5 0.5 [6] 0.5 0.5 0.5 [7] 0.5 0.5 0.5 [8] 0.5 0.5 0.5 [9] 0.5 0.5 0.5 [10] 0.5 0.5 0.5 [11] 0.5 0.5 0.5 [12] 0.5 0.5 0.5 [13] 0.5 0.5 0.5 [14] 0.5 0.5 0.5 [15] 0.5 0.5 0.5 [16] 0.5 0.5 0.5 [17] 0.5 0.5 0.5 [18] 0.5 0.5 0.5 [19] 0.5 0.5 0.5 [20] 0.5 0.5 0.5 
[1] [0] 0.5 0.5 0.5 [1] 0.5 0.5 0.5 [2] 0.5 0.5 0.5 [3] 0.5 0.5 0.5 [4] 0.5 0.5 0.5 [5] 0.5 0.5 0.5 [6] 0.5 0.5 0.5 [7] 0.5 0.5 0.5 [8] 0.5 0.5 0.5 [9] 0.5 0.5 0.5 [10] 0.5 0.5 0.5 [11] 0.5 0.5 0.5 [12] 0.5 0.5 0.5 [13] 0.5 0.5 0.5 [14] 0.5 0.5 0.5 [15] 0.5 0.5 0.5 [16] 0.5 0.5 0.5 [17] 0.5 0.5 0.5 [18] 0.5 0.5 0.5 [19] 0.5 0.5 0.5 [20] 0.5 0.5 0.5 
[2] [0] 0.4950359 0.5 0.5 [1] 0.5 0.4848364 0.4939654 [2] 0.5 0.5049897 0.4979065 [3] 0.5 0.4951744 0.5 [4] 0.5 0.5 0.4941414 [5] 0.5 0.4950953 0.4980653 [6] 0.5 0.5 0.5006577 [7] 0.5 0.4925883 0.4965363 [8] 0.5 0.5012075 0.4981574 [9] 0.5 0.5 0.4926741 [10] 0.5 0.5 0.5009568 [11] 0.4848115 0.5 0.5 [12] 0.5 0.5 0.5017014 [13] 0.5 0.500842 0.5011508 [14] 0.5 0.4989468 0.5 [15] 0.5 0.5 0.4950675 [16] 0.5 0.492771 0.5 [17] 0.5 0.4980111 0.5 [18] 0.5 0.4925609 0.5 [19] 0.5 0.5 0.4899554 [20] 0.5 0.5 0.5 
