[0] [0] 0.42 0.42 0.491531 0.5010548 0.4816181 0.4809094 0.42 0.42 0.42 0.42 [1] 0.42 0.42 0.42 0.42 0.42 0.42 0.42 0.42 0.42 0.42 [2] 0.42 0.42 0.42 0.42 0.42 0.42 0.42 0.42 0.42 0.42 
[1] [0] 0.42 0.42 0.42 0.42 0.42 0.42 0.42 0.42 0.42 0.42 [1] 0.42 0.42 0.4644651 0.4239528 0.4600387 0.4405448 0.42 0.42 0.42 0.42 [2] 0.42 0.42 0.503507 0.5125347 0.4827503 0.4755205 0.42 0.42 0.42 0.42 
[2] [0] 0.42 0.42 0.42 0.42 0.42 0.42 0.42 0.42 0.42 0.42 [1] 0.42 0.42 0.4160233 0.428341 0.4349814 0.4432496 0.42 0.42 0.42 0.42 [2] 0.42 0.42 0.1699735 0.2455564 0.3165399 0.3550973 0.42 0.42 0.42 0.42 
[3] [0] 0.42 0.42 0.42 0.42 0.42 0.42 0.42 0.42 0.42 0.42 [1] 0.42 0.42 0.4290709 0.4134461 0.4176483 0.4289389 0.42 0.42 0.42 0.42 [2] 0.42 0.42 0.42 0.42 0.42 0.42 0.42 0.42 0.42 0.42 
[4] [0] 0.42 0.42 0.42 0.42 0.42 0.42 0.42 0.42 0.42 0.42 [1] 0.42 0.42 0.42 0.42 0.42 0.42 0.42 0.42 0.42 0.42 [2] 0.42 0.42 0.3954918 0.412361 0.3826651 0.4258587 0.42 0.42 0.42 0.42 
[5] [0] 0.42 0.42 0.42 0.42 0.42 0.42 0.42 0.42 0.42 0.42 [1] 0.42 0.42 0.3941116 0.3983298 0.4082029 0.3892423 0.42 0.42 0.42 0.42 [2] 0.42 0.42 0.5036637 0.5007902 0.496207 0.4896368 0.42 0.42 0.42 0.42 
[6] [0] 0.42 0.42 0.42 0.42 0.42 0.42 0.42 0.42 0.42 0.42 [1] 0.42 0.42 0.4075408 0.4210486 0.4180818 0.4184147 0.42 0.42 0.42 0.42 [2] 0.42 0.42 0.4393126 0.4513282 0.4507194 0.4567136 0.42 0.42 0.42 0.42 
[7] [0] 0.42 0.42 0.42 0.42 0.42 0.42 0.42 0.42 0.42 0.42 [1] 0.42 0.42 0.4334907 0.4692218 0.4567137 0.4605197 0.42 0.42 0.42 0.42 [2] 0.42 0.42 0.5346404 0.5052729 0.4710407 0.4686726 0.42 0.42 0.42 0.42 
[8] [0] 0.42 0.42 0.42 0.42 0.42 0.42 0.42 0.42 0.42 0.42 [1] 0.42 0.42 0.5046896 0.4996827 0.4919139 0.4939086 0.42 0.42 0.42 0.42 [2] 0.42 0.42 0.5151256 0.5001901 0.4755765 0.4886792 0.42 0.42 0.42 0.42 
[9] [0] 0.42 0.42 0.42 0.42 0.42 0.42 0.42 0.42 0.42 0.42 [1] 0.42 0.42 0.42 0.42 0.42 0.42 0.42 0.42 0.42 0.42 [2] 0.42 0.42 0.3951875 0.4149241 0.4207677 0.3914337 0.42 0.42 0.42 0.42 
[10] [0] 0.42 0.42 0.42 0.42 0.42 0.42 0.42 0.42 0.42 0.42 [1] 0.42 0.42 0.4569826 0.4377991 0.4301213 0.4398462 0.42 0.42 0.42 0.42 [2] 0.42 0.42 0.42 0.42 0.42 0.42 0.42 0.42 0.42 0.42 
[11] [0] 0.42 0.42 0.4938186 0.5090699 0.4788311 0.492397 0.42 0.42 0.42 0.42 [1] 0.42 0.42 0.42 0.42 0.42 0.42 0.42 0.42 0.42 0.42 [2] 0.42 0.42 0.42 0.42 0.42 0.42 0.42 0.42 0.42 0.42 
[12] [0] 0.42 0.42 0.42 0.42 0.42 0.42 0.42 0.42 0.42 0.42 [1] 0.42 0.42 0.42 0.42 0.42 0.42 0.42 0.42 0.42 0.42 [2] 0.42 0.42 0.4968524 0.4951987 0.5063921 0.4920749 0.42 0.42 0.42 0.42 
[13] [0] 0.42 0.42 0.42 0.42 0.42 0.42 0.42 0.42 0.42 0.42 [1] 0.42 0.42 0.3901022 0.3885365 0.3962722 0.3997453 0.42 0.42 0.42 0.42 [2] 0.42 0.42 0.498814 0.5045609 0.486396 0.5091856 0.42 0.42 0.42 0.42 
[14] [0] 0.42 0.42 0.42 0.42 0.42 0.42 0.42 0.42 0.42 0.42 [1] 0.42 0.42 0.378439 0.412943 0.4015699 0.3990315 0.42 0.42 0.42 0.42 [2] 0.42 0.42 0.3683107 0.3853216 0.4100521 0.3871216 0.42 0.42 0.42 0.42 
[15] [0] 0.42 0.42 0.42 0.42 0.42 0.42 0.42 0.42 0.42 0.42 [1] 0.42 0.42 0.2288043 0.2923007 0.312401 0.3350094 0.42 0.42 0.42 0.42 [2] 0.42 0.42 0.39046 0.4112585 0.4029851 0.4138053 0.42 0.42 0.42 0.42 
[16] [0] 0.42 0.42 0.42 0.42 0.42 0.42 0.42 0.42 0.42 0.42 [1] 0.42 0.42 0.4158131 0.4077032 0.4113613 0.4219155 0.42 0.42 0.42 0.42 [2] 0.42 0.42 0.42 0.42 0.42 0.42 0.42 0.42 0.42 0.42 
[17] [0] 0.42 0.42 0.42 0.42 0.42 0.42 0.42 0.42 0.42 0.42 [1] 0.42 0.42 0.284346 0.3238674 0.3267586 0.3377301 0.42 0.42 0.42 0.42 [2] 0.42 0.42 0.3630374 0.3910998 0.4118616 0.4059001 0.42 0.42 0.42 0.42 
[18] [0] 0.42 0.42 0.42 0.42 0.42 0.42 0.42 0.42 0.42 0.42 [1] 0.42 0.42 0.4183693 0.4025406 0.4131457 0.4172297 0.42 0.42 0.42 0.42 [2] 0.42 0.42 0.42 0.42 0.42 0.42 0.42 0.42 0.42 0.42 
[19] [0] 0.42 0.42 0.42 0.42 0.42 0.42 0.42 0.42 0.42 0.42 [1] 0.42 0.42 0.42 0.42 0.42 0.42 0.42 0.42 0.42 0.42 [2] 0.42 0.42 0.4402389 0.4136683 0.4115154 0.4220019 0.42 0.42 0.42 0.42 
[20] [0] 0.42 0.42 0.42 0.42 0.42 0.42 0.42 0.42 0.42 0.42 [1] 0.42 0.42 0.42 0.42 0.42 0.42 0.42 0.42 0.42 0.42 [2] 0.42 0.42 0.3756781 0.3973306 0.3869755 0.4107793 0.42 0.42 0.42 0.42 
[21] [0] 0.42 0.42 0.42 0.42 0.42 0.42 0.42 0.42 0.42 0.42 [1] 0.42 0.42 0.42 0.42 0.42 0.42 0.42 0.42 0.42 0.42 [2] 0.42 0.42 0.4327419 0.4536788 0.4367845 0.4341962 0.42 0.42 0.42 0.42 
[22] [0] 0.42 0.42 0.42 0.42 0.42 0.42 0.42 0.42 0.42 0.42 [1] 0.42 0.42 0.42 0.42 0.42 0.42 0.42 0.42 0.42 0.42 [2] 0.42 0.42 0.497656 0.4816097 0.4906909 0.4976803 0.42 0.42 0.42 0.42 
[23] [0] 0.42 0.42 0.42 0.42 0.42 0.42 0.42 0.42 0.42 0.42 [1] 0.42 0.42 0.42 0.42 0.42 0.42 0.42 0.42 0.42 0.42 [2] 0.42 0.42 0.4201525 0.4292965 0.4502039 0.4530239 0.42 0.42 0.42 0.42 
[24] [0] 0.42 0.42 0.42 0.42 0.42 0.42 0.42 0.42 0.42 0.42 [1] 0.42 0.42 0.42 0.42 0.42 0.42 0.42 0.42 0.42 0.42 [2] 0.42 0.42 0.4606607 0.4518057 0.4548093 0.4374548 0.42 0.42 0.42 0.42 
[25] [0] 0.42 0.42 0.42 0.42 0.42 0.42 0.42 0.42 0.42 0.42 [1] 0.42 0.42 0.461187 0.4745072 0.4642647 0.4515741 0.42 0.42 0.42 0.42 [2] 0.42 0.42 0.52357 0.5109027 0.473729 0.4675716 0.42 0.42 0.42 0.42 
[26] [0] 0.42 0.42 0.42 0.42 0.42 0.42 0.42 0.42 0.42 0.42 [1] 0.42 0.42 0.42 0.42 0.42 0.42 0.42 0.42 0.42 0.42 [2] 0.42 0.42 0.4501954 0.4375842 0.4398864 0.4171301 0.42 0.42 0.42 0.42 
[27] [0] 0.42 0.42 0.42 0.42 0.42 0.42 0.42 0.42 0.42 0.42 [1] 0.42 0.42 0.42 0.42 0.42 0.42 0.42 0.42 0.42 0.42 [2] 0.42 0.42 0.3805227 0.3899628 0.383216 0.3953251 0.42 0.42 0.42 0.42 
[28] [0] 0.42 0.42 0.42 0.42 0.42 0.42 0.42 0.42 0.42 0.42 [1] 0.42 0.42 0.42 0.42 0.42 0.42 0.42 0.42 0.42 0.42 [2] 0.42 0.42 0.4438173 0.4116911 0.4292321 0.4292551 0.42 0.42 0.42 0.42 
[29] [0] 0.42 0.42 0.42 0.42 0.42 0.42 0.42 0.42 0.42 0.42 [1] 0.42 0.42 0.42 0.42 0.42 0.42 0.42 0.42 0.42 0.42 [2] 0.42 0.42 0.2827367 0.3070025 0.3415606 0.3418838 0.42 0.42 0.42 0.42 
[30] [0] 0.42 0.42 0.42 0.42 0.42 0.42 0.42 0.42 0.42 0.42 [1] 0.42 0.42 0.42 0.42 0.42 0.42 0.42 0.42 0.42 0.42 [2] 0.42 0.42 0.435361 0.4563129 0.4569484 0.4503089 0.42 0.42 0.42 0.42 
[31] [0] 0.42 0.42 0.42 0.42 0.42 0.42 0.42 0.42 0.42 0.42 [1] 0.42 0.42 0.42 0.42 0.42 0.42 0.42 0.42 0.42 0.42 [2] 0.42 0.42 0.3589984 0.371537 0.3866588 0.39965 0.42 0.42 0.42 0.42 
[32] [0] 0.42 0.42 0.42 0.42 0.42 0.42 0.42 0.42 0.42 0.42 [1] 0.42 0.42 0.42 0.42 0.42 0.42 0.42 0.42 0.42 0.42 [2] 0.42 0.42 0.4074738 0.3811032 0.3960297 0.4092201 0.42 0.42 0.42 0.42 
[33] [0] 0.42 0.42 0.42 0.42 0.42 0.42 0.42 0.42 0.42 0.42 [1] 0.42 0.42 0.3942059 0.3974765 0.4127549 0.4165437 0.42 0.42 0.42 0.42 [2] 0.42 0.42 0.3094123 0.3417623 0.3897485 0.389768 0.42 0.42 0.42 0.42 
[34] [0] 0.42 0.42 0.42 0.42 0.42 0.42 0.42 0.42 0.42 0.42 [1] 0.42 0.42 0.42 0.42 0.42 0.42 0.42 0.42 0.42 0.42 [2] 0.42 0.42 0.4372231 0.4178718 0.4327957 0.4418282 0.42 0.42 0.42 0.42 
