[0] 
[0] [0] 0.4147346 0.5 0.5 [1] 0.4559281 0.5 0.5 [2] 0.4002463 0.5 0.5 [3] 0.4150882 0.5 0.5 [4] 0.4111515 0.5 0.5 [5] 0.4477498 0.5 0.5 [6] 0.3953601 0.5 0.5 [7] 0.4506943 0.5 0.5 [8] 0.4660642 0.5 0.5 [9] 0.4395614 0.5 0.5 [10] 0.4867829 0.5 0.5 [11] 0.4762167 0.5 0.5 [12] 0.4643247 0.5 0.5 [13] 0.4519965 0.5 0.5 [14] 0.414897 0.5 0.5 [15] 0.4197607 0.5 0.5 [16] 0.4097136 0.5 0.5 [17] 0.3851272 0.5 0.5 [18] 0.3349299 0.5 0.5 [19] 0.4162645 0.5 0.5 [20] 0.4102372 0.5 0.5 [21] 0.4347437 0.5 0.5 [22] 0.4909267 0.5 0.5 [23] 0.4338441 0.5 0.5 [24] 0.4367995 0.5 0.5 [25] 0.4557799 0.5 0.5 [26] 0.4675017 0.5 0.5 [27] 0.3916132 0.5 0.5 
[1] [0] 0.5 0.5 0.5 [1] 0.5 0.5 0.5 [2] 0.5 0.5 0.5 [3] 0.5 0.5 0.5 [4] 0.5 0.5 0.5 [5] 0.5 0.5 0.5 [6] 0.5 0.5 0.5 [7] 0.5 0.5 0.5 [8] 0.5 0.5 0.5 [9] 0.5 0.5 0.5 [10] 0.5 0.5 0.5 [11] 0.5 0.5 0.5 [12] 0.5 0.5 0.5 [13] 0.5 0.5 0.5 [14] 0.5 0.5 0.5 [15] 0.5 0.5 0.5 [16] 0.5 0.5 0.5 [17] 0.5 0.5 0.5 [18] 0.5 0.5 0.5 [19] 0.5 0.5 0.5 [20] 0.5 0.5 0.5 [21] 0.5 0.5 0.5 [22] 0.5 0.5 0.5 [23] 0.5 0.5 0.5 [24] 0.5 0.5 0.5 [25] 0.5 0.5 0.5 [26] 0.5 0.5 0.5 [27] 0.5 0.5 0.5 
[2] [0] 0.5 0.5 0.5 [1] 0.5 0.5 0.5 [2] 0.5 0.5 0.5 [3] 0.5 0.5 0.5 [4] 0.5 0.5 0.5 [5] 0.5 0.5 0.5 [6] 0.5 0.5 0.5 [7] 0.5 0.5 0.5 [8] 0.5 0.5 0.5 [9] 0.5 0.5 0.5 [10] 0.5 0.5 0.5 [11] 0.5 0.5 0.5 [12] 0.5 0.5 0.5 [13] 0.5 0.5 0.5 [14] 0.5 0.5 0.5 [15] 0.5 0.5 0.5 [16] 0.5 0.5 0.5 [17] 0.5 0.5 0.5 [18] 0.5 0.5 0.5 [19] 0.5 0.5 0.5 [20] 0.5 0.5 0.5 [21] 0.5 0.5 0.5 [22] 0.5 0.5 0.5 [23] 0.5 0.5 0.5 [24] 0.5 0.5 0.5 [25] 0.5 0.5 0.5 [26] 0.5 0.5 0.5 [27] 0.5 0.5 0.5 
[1] 
[0] [0] 0.5 0.5 0.5 [1] 0.5 0.5 0.5 [2] 0.5 0.5 0.5 [3] 0.5 0.5 0.5 [4] 0.5 0.5 0.5 [5] 0.5 0.5 0.5 [6] 0.5 0.5 0.5 [7] 0.5 0.5 0.5 [8] 0.5 0.5 0.5 [9] 0.5 0.5 0.5 [10] 0.5 0.5 0.5 [11] 0.4727511 0.5 0.5 [12] 0.5 0.5 0.5 [13] 0.5 0.5 0.5 [14] 0.5 0.5 0.5 [15] 0.5 0.5 0.5 [16] 0.5 0.5 0.5 [17] 0.5 0.5 0.5 [18] 0.5 0.5 0.5 [19] 0.5 0.5 0.5 [20] 0.5 0.5 0.5 [21] 0.5 0.5 0.5 [22] 0.5 0.5 0.5 [23] 0.5 0.5 0.5 [24] 0.5 0.5 0.5 [25] 0.5 0.5 0.5 [26] 0.5 0.5 0.5 [27] 0.5 0.5 0.5 
[1] [0] 0.5 0.5 0.5 [1] 0.5 0.4546441 0.5 [2] 0.5 0.4446648 0.5 [3] 0.5 0.4466966 0.5 [4] 0.5 0.3925084 0.5 [5] 0.5 0.4553163 0.5 [6] 0.5 0.385205 0.5 [7] 0.5 0.4537394 0.5 [8] 0.5 0.4664052 0.5 [9] 0.5 0.4209539 0.5 [10] 0.5 0.4738986 0.5 [11] 0.5 0.5 0.5 [12] 0.5 0.4607341 0.5 [13] 0.5 0.4620565 0.5 [14] 0.5 0.4322247 0.5 [15] 0.5 0.4121015 0.5 [16] 0.5 0.4507587 0.5 [17] 0.5 0.430485 0.5 [18] 0.5 0.3608253 0.5 [19] 0.5 0.438171 0.5 [20] 0.5 0.3815208 0.5 [21] 0.5 0.4573159 0.5 [22] 0.5 0.4836961 0.5 [23] 0.5 0.4332354 0.5 [24] 0.5 0.4289948 0.5 [25] 0.5 0.4725947 0.5 [26] 0.5 0.4621161 0.5 [27] 0.5 0.3805713 0.5 
[2] [0] 0.5 0.5 0.5 [1] 0.5 0.5 0.4592074 [2] 0.5 0.5 0.2729564 [3] 0.5 0.5 0.5 [4] 0.5 0.5 0.4227571 [5] 0.5 0.5 0.4902645 [6] 0.5 0.5 0.4050215 [7] 0.5 0.5 0.4930285 [8] 0.5 0.5 0.5067486 [9] 0.5 0.5 0.4572266 [10] 0.5 0.5 0.5009512 [11] 0.5 0.5 0.5 [12] 0.5 0.5 0.5007998 [13] 0.5 0.5 0.4861097 [14] 0.5 0.5 0.5 [15] 0.5 0.5 0.4594211 [16] 0.5 0.5 0.5 [17] 0.5 0.5 0.5 [18] 0.5 0.5 0.5 [19] 0.5 0.5 0.4820852 [20] 0.5 0.5 0.4357796 [21] 0.5 0.5 0.4714639 [22] 0.5 0.5 0.518594 [23] 0.5 0.5 0.4721791 [24] 0.5 0.5 0.4732734 [25] 0.5 0.5 0.5025936 [26] 0.5 0.5 0.50163 [27] 0.5 0.5 0.3953084 
[2] 
[0] [0] 0.5 0.5 0.5 [1] 0.5 0.5 0.5 [2] 0.5 0.5 0.5 [3] 0.5 0.5 0.5 [4] 0.5 0.5 0.5 [5] 0.5 0.5 0.5 [6] 0.5 0.5 0.5 [7] 0.5 0.5 0.5 [8] 0.5 0.5 0.5 [9] 0.5 0.5 0.5 [10] 0.5 0.5 0.5 [11] 0.40646 0.5 0.5 [12] 0.5 0.5 0.5 [13] 0.5 0.5 0.5 [14] 0.5 0.5 0.5 [15] 0.5 0.5 0.5 [16] 0.5 0.5 0.5 [17] 0.5 0.5 0.5 [18] 0.5 0.5 0.5 [19] 0.5 0.5 0.5 [20] 0.5 0.5 0.5 [21] 0.5 0.5 0.5 [22] 0.5 0.5 0.5 [23] 0.5 0.5 0.5 [24] 0.5 0.5 0.5 [25] 0.5 0.5 0.5 [26] 0.5 0.5 0.5 [27] 0.5 0.5 0.5 
[1] [0] 0.5 0.5 0.5 [1] 0.5 0.5 0.5 [2] 0.5 0.3363792 0.5 [3] 0.5 0.3783406 0.5 [4] 0.5 0.4476238 0.5 [5] 0.5 0.4548675 0.5 [6] 0.5 0.3582612 0.5 [7] 0.5 0.4550541 0.5 [8] 0.5 0.46779 0.5 [9] 0.5 0.4666277 0.5 [10] 0.5 0.4862907 0.5 [11] 0.5 0.5 0.5 [12] 0.5 0.4771991 0.5 [13] 0.5 0.4666718 0.5 [14] 0.5 0.408634 0.5 [15] 0.5 0.415374 0.5 [16] 0.5 0.4028022 0.5 [17] 0.5 0.3781214 0.5 [18] 0.5 0.3260684 0.5 [19] 0.5 0.4578952 0.5 [20] 0.5 0.4099266 0.5 [21] 0.5 0.4672659 0.5 [22] 0.5 0.4941349 0.5 [23] 0.5 0.4810781 0.5 [24] 0.5 0.4710449 0.5 [25] 0.5 0.4423956 0.5 [26] 0.5 0.4805945 0.5 [27] 0.5 0.4364063 0.5 
[2] [0] 0.5 0.5 0.5 [1] 0.5 0.5 0.5 [2] 0.5 0.5 0.5 [3] 0.5 0.5 0.5 [4] 0.5 0.5 0.3556013 [5] 0.5 0.5 0.2541072 [6] 0.5 0.5 0.3172095 [7] 0.5 0.5 0.2988082 [8] 0.5 0.5 0.2524107 [9] 0.5 0.5 0.3435974 [10] 0.5 0.5 0.2712191 [11] 0.5 0.5 0.5 [12] 0.5 0.5 0.2614145 [13] 0.5 0.5 0.2526923 [14] 0.5 0.5 0.5 [15] 0.5 0.5 0.3692964 [16] 0.5 0.5 0.5 [17] 0.5 0.5 0.5 [18] 0.5 0.5 0.5 [19] 0.5 0.5 0.2929499 [20] 0.5 0.5 0.3733623 [21] 0.5 0.5 0.2787004 [22] 0.5 0.5 0.2802472 [23] 0.5 0.5 0.2862737 [24] 0.5 0.5 0.3235816 [25] 0.5 0.5 0.2673835 [26] 0.5 0.5 0.2670591 [27] 0.5 0.5 0.4234466 
[3] 
[0] [0] 0.5 0.5 0.5 [1] 0.5 0.5 0.5 [2] 0.5 0.5 0.5 [3] 0.5 0.5 0.5 [4] 0.5 0.5 0.5 [5] 0.5 0.5 0.5 [6] 0.5 0.5 0.5 [7] 0.5 0.5 0.5 [8] 0.5 0.5 0.5 [9] 0.5 0.5 0.5 [10] 0.5 0.5 0.5 [11] 0.4534995 0.5 0.5 [12] 0.5 0.5 0.5 [13] 0.5 0.5 0.5 [14] 0.5 0.5 0.5 [15] 0.5 0.5 0.5 [16] 0.5 0.5 0.5 [17] 0.5 0.5 0.5 [18] 0.5 0.5 0.5 [19] 0.5 0.5 0.5 [20] 0.5 0.5 0.5 [21] 0.5 0.5 0.5 [22] 0.5 0.5 0.5 [23] 0.5 0.5 0.5 [24] 0.5 0.5 0.5 [25] 0.5 0.5 0.5 [26] 0.5 0.5 0.5 [27] 0.5 0.5 0.5 
[1] [0] 0.5 0.5 0.5 [1] 0.5 0.5 0.5 [2] 0.5 0.5 0.5 [3] 0.5 0.5 0.5 [4] 0.5 0.4138994 0.5 [5] 0.5 0.4571933 0.5 [6] 0.5 0.3964611 0.5 [7] 0.5 0.4610931 0.5 [8] 0.5 0.4572194 0.5 [9] 0.5 0.4331495 0.5 [10] 0.5 0.4762276 0.5 [11] 0.5 0.5 0.5 [12] 0.5 0.4632469 0.5 [13] 0.5 0.4500408 0.5 [14] 0.5 0.4129572 0.5 [15] 0.5 0.4112084 0.5 [16] 0.5 0.4329444 0.5 [17] 0.5 0.4147583 0.5 [18] 0.5 0.3395824 0.5 [19] 0.5 0.4504136 0.5 [20] 0.5 0.4080278 0.5 [21] 0.5 0.4452778 0.5 [22] 0.5 0.4793849 0.5 [23] 0.5 0.4389076 0.5 [24] 0.5 0.4588962 0.5 [25] 0.5 0.4694218 0.5 [26] 0.5 0.4629913 0.5 [27] 0.5 0.3815822 0.5 
[2] [0] 0.5 0.5 0.5 [1] 0.5 0.5 0.5 [2] 0.5 0.5 0.5 [3] 0.5 0.5 0.5 [4] 0.5 0.5 0.5 [5] 0.5 0.5 0.5 [6] 0.5 0.5 0.5 [7] 0.5 0.5 0.5 [8] 0.5 0.5 0.5 [9] 0.5 0.5 0.5 [10] 0.5 0.5 0.5 [11] 0.5 0.5 0.5 [12] 0.5 0.5 0.5 [13] 0.5 0.5 0.5 [14] 0.5 0.5 0.5 [15] 0.5 0.5 0.5 [16] 0.5 0.5 0.5 [17] 0.5 0.5 0.5 [18] 0.5 0.5 0.5 [19] 0.5 0.5 0.5 [20] 0.5 0.5 0.5 [21] 0.5 0.5 0.5 [22] 0.5 0.5 0.5 [23] 0.5 0.5 0.5 [24] 0.5 0.5 0.5 [25] 0.5 0.5 0.5 [26] 0.5 0.5 0.5 [27] 0.5 0.5 0.5 
[4] 
[0] [0] 0.5 0.5 0.5 [1] 0.5 0.5 0.5 [2] 0.5 0.5 0.5 [3] 0.5 0.5 0.5 [4] 0.5 0.5 0.5 [5] 0.5 0.5 0.5 [6] 0.5 0.5 0.5 [7] 0.5 0.5 0.5 [8] 0.5 0.5 0.5 [9] 0.5 0.5 0.5 [10] 0.5 0.5 0.5 [11] 0.439609 0.5 0.5 [12] 0.5 0.5 0.5 [13] 0.5 0.5 0.5 [14] 0.5 0.5 0.5 [15] 0.5 0.5 0.5 [16] 0.5 0.5 0.5 [17] 0.5 0.5 0.5 [18] 0.5 0.5 0.5 [19] 0.5 0.5 0.5 [20] 0.5 0.5 0.5 [21] 0.5 0.5 0.5 [22] 0.5 0.5 0.5 [23] 0.5 0.5 0.5 [24] 0.5 0.5 0.5 [25] 0.5 0.5 0.5 [26] 0.5 0.5 0.5 [27] 0.5 0.5 0.5 
[1] [0] 0.5 0.5 0.5 [1] 0.5 0.5 0.5 [2] 0.5 0.5 0.5 [3] 0.5 0.5 0.5 [4] 0.5 0.5 0.5 [5] 0.5 0.4254138 0.5 [6] 0.5 0.5 0.5 [7] 0.5 0.4192541 0.5 [8] 0.5 0.4094682 0.5 [9] 0.5 0.5 0.5 [10] 0.5 0.5 0.5 [11] 0.5 0.5 0.5 [12] 0.5 0.5 0.5 [13] 0.5 0.4196624 0.5 [14] 0.5 0.4133966 0.5 [15] 0.5 0.5 0.5 [16] 0.5 0.3956721 0.5 [17] 0.5 0.4170835 0.5 [18] 0.5 0.3287377 0.5 [19] 0.5 0.5 0.5 [20] 0.5 0.5 0.5 [21] 0.5 0.5 0.5 [22] 0.5 0.5 0.5 [23] 0.5 0.5 0.5 [24] 0.5 0.5 0.5 [25] 0.5 0.4293017 0.5 [26] 0.5 0.5 0.5 [27] 0.5 0.5 0.5 
[2] [0] 0.5 0.5 0.5 [1] 0.5 0.5 0.5 [2] 0.5 0.5 0.5 [3] 0.5 0.5 0.5 [4] 0.5 0.5 0.5 [5] 0.5 0.5 0.4201457 [6] 0.5 0.5 0.3756674 [7] 0.5 0.5 0.4314324 [8] 0.5 0.5 0.4284687 [9] 0.5 0.5 0.4075735 [10] 0.5 0.5 0.4451172 [11] 0.5 0.5 0.5 [12] 0.5 0.5 0.439873 [13] 0.5 0.5 0.4289432 [14] 0.5 0.5 0.5 [15] 0.5 0.5 0.3995034 [16] 0.5 0.5 0.5 [17] 0.5 0.5 0.5 [18] 0.5 0.5 0.5 [19] 0.5 0.5 0.3943114 [20] 0.5 0.5 0.3924093 [21] 0.5 0.5 0.4226775 [22] 0.5 0.5 0.460619 [23] 0.5 0.5 0.4207158 [24] 0.5 0.5 0.4190235 [25] 0.5 0.5 0.4401908 [26] 0.5 0.5 0.4180195 [27] 0.5 0.5 0.4050419 
[5] 
[0] [0] 0.5 0.5 0.5 [1] 0.5 0.5 0.5 [2] 0.5 0.5 0.5 [3] 0.5 0.5 0.5 [4] 0.5 0.5 0.5 [5] 0.5 0.5 0.5 [6] 0.5 0.5 0.5 [7] 0.5 0.5 0.5 [8] 0.5 0.5 0.5 [9] 0.5 0.5 0.5 [10] 0.5 0.5 0.5 [11] 0.4620131 0.5 0.5 [12] 0.5 0.5 0.5 [13] 0.5 0.5 0.5 [14] 0.5 0.5 0.5 [15] 0.5 0.5 0.5 [16] 0.5 0.5 0.5 [17] 0.5 0.5 0.5 [18] 0.5 0.5 0.5 [19] 0.5 0.5 0.5 [20] 0.5 0.5 0.5 [21] 0.5 0.5 0.5 [22] 0.5 0.5 0.5 [23] 0.5 0.5 0.5 [24] 0.5 0.5 0.5 [25] 0.5 0.5 0.5 [26] 0.5 0.5 0.5 [27] 0.5 0.5 0.5 
[1] [0] 0.5 0.5 0.5 [1] 0.5 0.5 0.5 [2] 0.5 0.5 0.5 [3] 0.5 0.5 0.5 [4] 0.5 0.5 0.5 [5] 0.5 0.4773617 0.5 [6] 0.5 0.4038152 0.5 [7] 0.5 0.4572363 0.5 [8] 0.5 0.4780104 0.5 [9] 0.5 0.4549703 0.5 [10] 0.5 0.497299 0.5 [11] 0.5 0.5 0.5 [12] 0.5 0.4928788 0.5 [13] 0.5 0.4660129 0.5 [14] 0.5 0.4505433 0.5 [15] 0.5 0.4274769 0.5 [16] 0.5 0.4405351 0.5 [17] 0.5 0.4478129 0.5 [18] 0.5 0.371041 0.5 [19] 0.5 0.4561307 0.5 [20] 0.5 0.4229431 0.5 [21] 0.5 0.4616605 0.5 [22] 0.5 0.5001773 0.5 [23] 0.5 0.4595269 0.5 [24] 0.5 0.4738659 0.5 [25] 0.5 0.4785084 0.5 [26] 0.5 0.484246 0.5 [27] 0.5 0.4105079 0.5 
[2] [0] 0.5 0.5 0.5 [1] 0.5 0.5 0.5 [2] 0.5 0.5 0.5 [3] 0.5 0.5 0.5 [4] 0.5 0.5 0.5 [5] 0.5 0.5 0.5 [6] 0.5 0.5 0.424776 [7] 0.5 0.5 0.4845423 [8] 0.5 0.5 0.4966089 [9] 0.5 0.5 0.4469786 [10] 0.5 0.5 0.5061539 [11] 0.5 0.5 0.5 [12] 0.5 0.5 0.4952454 [13] 0.5 0.5 0.4756095 [14] 0.5 0.5 0.5 [15] 0.5 0.5 0.4393583 [16] 0.5 0.5 0.5 [17] 0.5 0.5 0.5 [18] 0.5 0.5 0.5 [19] 0.5 0.5 0.4678932 [20] 0.5 0.5 0.4362027 [21] 0.5 0.5 0.4735433 [22] 0.5 0.5 0.5064039 [23] 0.5 0.5 0.4708756 [24] 0.5 0.5 0.4669358 [25] 0.5 0.5 0.4969147 [26] 0.5 0.5 0.493431 [27] 0.5 0.5 0.4022478 
[6] 
[0] [0] 0.5 0.5 0.5 [1] 0.5 0.5 0.5 [2] 0.5 0.5 0.5 [3] 0.5 0.5 0.5 [4] 0.5 0.5 0.5 [5] 0.5 0.5 0.5 [6] 0.5 0.5 0.5 [7] 0.5 0.5 0.5 [8] 0.5 0.5 0.5 [9] 0.5 0.5 0.5 [10] 0.5 0.5 0.5 [11] 0.4299559 0.5 0.5 [12] 0.5 0.5 0.5 [13] 0.5 0.5 0.5 [14] 0.5 0.5 0.5 [15] 0.5 0.5 0.5 [16] 0.5 0.5 0.5 [17] 0.5 0.5 0.5 [18] 0.5 0.5 0.5 [19] 0.5 0.5 0.5 [20] 0.5 0.5 0.5 [21] 0.5 0.5 0.5 [22] 0.5 0.5 0.5 [23] 0.5 0.5 0.5 [24] 0.5 0.5 0.5 [25] 0.5 0.5 0.5 [26] 0.5 0.5 0.5 [27] 0.5 0.5 0.5 
[1] [0] 0.5 0.5 0.5 [1] 0.5 0.5 0.5 [2] 0.5 0.5 0.5 [3] 0.5 0.5 0.5 [4] 0.5 0.5 0.5 [5] 0.5 0.5 0.5 [6] 0.5 0.5 0.5 [7] 0.5 0.4349878 0.5 [8] 0.5 0.4256606 0.5 [9] 0.5 0.5 0.5 [10] 0.5 0.5 0.5 [11] 0.5 0.5 0.5 [12] 0.5 0.5 0.5 [13] 0.5 0.4041851 0.5 [14] 0.5 0.3853737 0.5 [15] 0.5 0.5 0.5 [16] 0.5 0.4026872 0.5 [17] 0.5 0.3743068 0.5 [18] 0.5 0.2912221 0.5 [19] 0.5 0.5 0.5 [20] 0.5 0.5 0.5 [21] 0.5 0.5 0.5 [22] 0.5 0.5 0.5 [23] 0.5 0.5 0.5 [24] 0.5 0.5 0.5 [25] 0.5 0.4146069 0.5 [26] 0.5 0.5 0.5 [27] 0.5 0.5 0.5 
[2] [0] 0.5 0.5 0.5 [1] 0.5 0.5 0.5 [2] 0.5 0.5 0.5 [3] 0.5 0.5 0.5 [4] 0.5 0.5 0.5 [5] 0.5 0.5 0.5 [6] 0.5 0.5 0.419905 [7] 0.5 0.5 0.4255072 [8] 0.5 0.5 0.4096569 [9] 0.5 0.5 0.3740049 [10] 0.5 0.5 0.4433789 [11] 0.5 0.5 0.5 [12] 0.5 0.5 0.4190243 [13] 0.5 0.5 0.4128446 [14] 0.5 0.5 0.5 [15] 0.5 0.5 0.3619125 [16] 0.5 0.5 0.5 [17] 0.5 0.5 0.5 [18] 0.5 0.5 0.5 [19] 0.5 0.5 0.3804369 [20] 0.5 0.5 0.3608733 [21] 0.5 0.5 0.4073598 [22] 0.5 0.5 0.4614617 [23] 0.5 0.5 0.398149 [24] 0.5 0.5 0.3911655 [25] 0.5 0.5 0.4269283 [26] 0.5 0.5 0.4313646 [27] 0.5 0.5 0.3901426 
[7] 
[0] [0] 0.5 0.5 0.5 [1] 0.5 0.5 0.5 [2] 0.5 0.5 0.5 [3] 0.5 0.5 0.5 [4] 0.5 0.5 0.5 [5] 0.5 0.5 0.5 [6] 0.5 0.5 0.5 [7] 0.5 0.5 0.5 [8] 0.5 0.5 0.5 [9] 0.5 0.5 0.5 [10] 0.5 0.5 0.5 [11] 0.4922291 0.5 0.5 [12] 0.5 0.5 0.5 [13] 0.5 0.5 0.5 [14] 0.5 0.5 0.5 [15] 0.5 0.5 0.5 [16] 0.5 0.5 0.5 [17] 0.5 0.5 0.5 [18] 0.5 0.5 0.5 [19] 0.5 0.5 0.5 [20] 0.5 0.5 0.5 [21] 0.5 0.5 0.5 [22] 0.5 0.5 0.5 [23] 0.5 0.5 0.5 [24] 0.5 0.5 0.5 [25] 0.5 0.5 0.5 [26] 0.5 0.5 0.5 [27] 0.5 0.5 0.5 
[1] [0] 0.5 0.5 0.5 [1] 0.5 0.5 0.5 [2] 0.5 0.5 0.5 [3] 0.5 0.5 0.5 [4] 0.5 0.5 0.5 [5] 0.5 0.5 0.5 [6] 0.5 0.5 0.5 [7] 0.5 0.4710335 0.5 [8] 0.5 0.4880095 0.5 [9] 0.5 0.4514576 0.5 [10] 0.5 0.4853364 0.5 [11] 0.5 0.5 0.5 [12] 0.5 0.4823901 0.5 [13] 0.5 0.483395 0.5 [14] 0.5 0.4404568 0.5 [15] 0.5 0.4313641 0.5 [16] 0.5 0.4366052 0.5 [17] 0.5 0.4169525 0.5 [18] 0.5 0.3694408 0.5 [19] 0.5 0.4597156 0.5 [20] 0.5 0.445335 0.5 [21] 0.5 0.4429344 0.5 [22] 0.5 0.4851244 0.5 [23] 0.5 0.4494588 0.5 [24] 0.5 0.4688032 0.5 [25] 0.5 0.4914755 0.5 [26] 0.5 0.4832776 0.5 [27] 0.5 0.3961633 0.5 
[2] [0] 0.5 0.5 0.5 [1] 0.5 0.5 0.5 [2] 0.5 0.5 0.5 [3] 0.5 0.5 0.5 [4] 0.5 0.5 0.5 [5] 0.5 0.5 0.5 [6] 0.5 0.5 0.5 [7] 0.5 0.5 0.5 [8] 0.5 0.5 0.5045179 [9] 0.5 0.5 0.4540332 [10] 0.5 0.5 0.5162235 [11] 0.5 0.5 0.5 [12] 0.5 0.5 0.5074081 [13] 0.5 0.5 0.5037867 [14] 0.5 0.5 0.5 [15] 0.5 0.5 0.4406195 [16] 0.5 0.5 0.5 [17] 0.5 0.5 0.5 [18] 0.5 0.5 0.5 [19] 0.5 0.5 0.4747962 [20] 0.5 0.5 0.4490216 [21] 0.5 0.5 0.4808746 [22] 0.5 0.5 0.5027057 [23] 0.5 0.5 0.469194 [24] 0.5 0.5 0.4789598 [25] 0.5 0.5 0.5099348 [26] 0.5 0.5 0.4995674 [27] 0.5 0.5 0.410368 
[8] 
[0] [0] 0.5 0.5 0.5 [1] 0.5 0.5 0.5 [2] 0.5 0.5 0.5 [3] 0.5 0.5 0.5 [4] 0.5 0.5 0.5 [5] 0.5 0.5 0.5 [6] 0.5 0.5 0.5 [7] 0.5 0.5 0.5 [8] 0.5 0.5 0.5 [9] 0.5 0.5 0.5 [10] 0.5 0.5 0.5 [11] 0.4900932 0.5 0.5 [12] 0.5 0.5 0.5 [13] 0.5 0.5 0.5 [14] 0.5 0.5 0.5 [15] 0.5 0.5 0.5 [16] 0.5 0.5 0.5 [17] 0.5 0.5 0.5 [18] 0.5 0.5 0.5 [19] 0.5 0.5 0.5 [20] 0.5 0.5 0.5 [21] 0.5 0.5 0.5 [22] 0.5 0.5 0.5 [23] 0.5 0.5 0.5 [24] 0.5 0.5 0.5 [25] 0.5 0.5 0.5 [26] 0.5 0.5 0.5 [27] 0.5 0.5 0.5 
[1] [0] 0.5 0.5 0.5 [1] 0.5 0.5 0.5 [2] 0.5 0.5 0.5 [3] 0.5 0.5 0.5 [4] 0.5 0.5 0.5 [5] 0.5 0.5 0.5 [6] 0.5 0.5 0.5 [7] 0.5 0.5 0.5 [8] 0.5 0.4917074 0.5 [9] 0.5 0.4244831 0.5 [10] 0.5 0.5003384 0.5 [11] 0.5 0.5 0.5 [12] 0.5 0.4891402 0.5 [13] 0.5 0.4915388 0.5 [14] 0.5 0.4492303 0.5 [15] 0.5 0.4261727 0.5 [16] 0.5 0.4371156 0.5 [17] 0.5 0.4316221 0.5 [18] 0.5 0.3653339 0.5 [19] 0.5 0.4656206 0.5 [20] 0.5 0.4311745 0.5 [21] 0.5 0.458711 0.5 [22] 0.5 0.4955242 0.5 [23] 0.5 0.4553072 0.5 [24] 0.5 0.4669473 0.5 [25] 0.5 0.4961718 0.5 [26] 0.5 0.4789479 0.5 [27] 0.5 0.414174 0.5 
[2] [0] 0.5 0.5 0.5 [1] 0.5 0.5 0.5 [2] 0.5 0.5 0.5 [3] 0.5 0.5 0.5 [4] 0.5 0.5 0.5 [5] 0.5 0.5 0.5 [6] 0.5 0.5 0.5 [7] 0.5 0.5 0.5 [8] 0.5 0.5 0.5 [9] 0.5 0.5 0.420621 [10] 0.5 0.5 0.5215585 [11] 0.5 0.5 0.5 [12] 0.5 0.5 0.5131612 [13] 0.5 0.5 0.5015109 [14] 0.5 0.5 0.5 [15] 0.5 0.5 0.4319141 [16] 0.5 0.5 0.5 [17] 0.5 0.5 0.5 [18] 0.5 0.5 0.5 [19] 0.5 0.5 0.474579 [20] 0.5 0.5 0.4179929 [21] 0.5 0.5 0.4672622 [22] 0.5 0.5 0.5211878 [23] 0.5 0.5 0.4558232 [24] 0.5 0.5 0.4796024 [25] 0.5 0.5 0.5127645 [26] 0.5 0.5 0.5035887 [27] 0.5 0.5 0.4013548 
[9] 
[0] [0] 0.5 0.5 0.5 [1] 0.5 0.5 0.5 [2] 0.5 0.5 0.5 [3] 0.5 0.5 0.5 [4] 0.5 0.5 0.5 [5] 0.5 0.5 0.5 [6] 0.5 0.5 0.5 [7] 0.5 0.5 0.5 [8] 0.5 0.5 0.5 [9] 0.5 0.5 0.5 [10] 0.5 0.5 0.5 [11] 0.4817389 0.5 0.5 [12] 0.5 0.5 0.5 [13] 0.5 0.5 0.5 [14] 0.5 0.5 0.5 [15] 0.5 0.5 0.5 [16] 0.5 0.5 0.5 [17] 0.5 0.5 0.5 [18] 0.5 0.5 0.5 [19] 0.5 0.5 0.5 [20] 0.5 0.5 0.5 [21] 0.5 0.5 0.5 [22] 0.5 0.5 0.5 [23] 0.5 0.5 0.5 [24] 0.5 0.5 0.5 [25] 0.5 0.5 0.5 [26] 0.5 0.5 0.5 [27] 0.5 0.5 0.5 
[1] [0] 0.5 0.5 0.5 [1] 0.5 0.5 0.5 [2] 0.5 0.5 0.5 [3] 0.5 0.5 0.5 [4] 0.5 0.5 0.5 [5] 0.5 0.5 0.5 [6] 0.5 0.5 0.5 [7] 0.5 0.5 0.5 [8] 0.5 0.5 0.5 [9] 0.5 0.5 0.5 [10] 0.5 0.5 0.5 [11] 0.5 0.5 0.5 [12] 0.5 0.5 0.5 [13] 0.5 0.4450108 0.5 [14] 0.5 0.4123462 0.5 [15] 0.5 0.5 0.5 [16] 0.5 0.4416954 0.5 [17] 0.5 0.4204616 0.5 [18] 0.5 0.3607309 0.5 [19] 0.5 0.5 0.5 [20] 0.5 0.5 0.5 [21] 0.5 0.5 0.5 [22] 0.5 0.5 0.5 [23] 0.5 0.5 0.5 [24] 0.5 0.5 0.5 [25] 0.5 0.457911 0.5 [26] 0.5 0.5 0.5 [27] 0.5 0.5 0.5 
[2] [0] 0.5 0.5 0.5 [1] 0.5 0.5 0.5 [2] 0.5 0.5 0.5 [3] 0.5 0.5 0.5 [4] 0.5 0.5 0.5 [5] 0.5 0.5 0.5 [6] 0.5 0.5 0.5 [7] 0.5 0.5 0.5 [8] 0.5 0.5 0.5 [9] 0.5 0.5 0.5 [10] 0.5 0.5 0.4780022 [11] 0.5 0.5 0.5 [12] 0.5 0.5 0.4566033 [13] 0.5 0.5 0.4612021 [14] 0.5 0.5 0.5 [15] 0.5 0.5 0.4023649 [16] 0.5 0.5 0.5 [17] 0.5 0.5 0.5 [18] 0.5 0.5 0.5 [19] 0.5 0.5 0.4230305 [20] 0.5 0.5 0.4064468 [21] 0.5 0.5 0.4259293 [22] 0.5 0.5 0.4851308 [23] 0.5 0.5 0.4378141 [24] 0.5 0.5 0.4391761 [25] 0.5 0.5 0.4719856 [26] 0.5 0.5 0.4827994 [27] 0.5 0.5 0.4383251 
[10] 
[0] [0] 0.5 0.5 0.5 [1] 0.5 0.5 0.5 [2] 0.5 0.5 0.5 [3] 0.5 0.5 0.5 [4] 0.5 0.5 0.5 [5] 0.5 0.5 0.5 [6] 0.5 0.5 0.5 [7] 0.5 0.5 0.5 [8] 0.5 0.5 0.5 [9] 0.5 0.5 0.5 [10] 0.5 0.5 0.5 [11] 0.519713 0.5 0.5 [12] 0.5 0.5 0.5 [13] 0.5 0.5 0.5 [14] 0.5 0.5 0.5 [15] 0.5 0.5 0.5 [16] 0.5 0.5 0.5 [17] 0.5 0.5 0.5 [18] 0.5 0.5 0.5 [19] 0.5 0.5 0.5 [20] 0.5 0.5 0.5 [21] 0.5 0.5 0.5 [22] 0.5 0.5 0.5 [23] 0.5 0.5 0.5 [24] 0.5 0.5 0.5 [25] 0.5 0.5 0.5 [26] 0.5 0.5 0.5 [27] 0.5 0.5 0.5 
[1] [0] 0.5 0.5 0.5 [1] 0.5 0.5 0.5 [2] 0.5 0.5 0.5 [3] 0.5 0.5 0.5 [4] 0.5 0.5 0.5 [5] 0.5 0.5 0.5 [6] 0.5 0.5 0.5 [7] 0.5 0.5 0.5 [8] 0.5 0.5 0.5 [9] 0.5 0.5 0.5 [10] 0.5 0.5 0.5 [11] 0.5 0.5 0.5 [12] 0.5 0.5 0.5 [13] 0.5 0.4994378 0.5 [14] 0.5 0.4612178 0.5 [15] 0.5 0.5 0.5 [16] 0.5 0.4544139 0.5 [17] 0.5 0.4507669 0.5 [18] 0.5 0.4013873 0.5 [19] 0.5 0.5 0.5 [20] 0.5 0.5 0.5 [21] 0.5 0.5 0.5 [22] 0.5 0.5 0.5 [23] 0.5 0.5 0.5 [24] 0.5 0.5 0.5 [25] 0.5 0.5077099 0.5 [26] 0.5 0.5 0.5 [27] 0.5 0.5 0.5 
[2] [0] 0.5 0.5 0.5 [1] 0.5 0.5 0.5 [2] 0.5 0.5 0.5 [3] 0.5 0.5 0.5 [4] 0.5 0.5 0.5 [5] 0.5 0.5 0.5 [6] 0.5 0.5 0.5 [7] 0.5 0.5 0.5 [8] 0.5 0.5 0.5 [9] 0.5 0.5 0.5 [10] 0.5 0.5 0.5 [11] 0.5 0.5 0.5 [12] 0.5 0.5 0.524649 [13] 0.5 0.5 0.504433 [14] 0.5 0.5 0.5 [15] 0.5 0.5 0.4499687 [16] 0.5 0.5 0.5 [17] 0.5 0.5 0.5 [18] 0.5 0.5 0.5 [19] 0.5 0.5 0.4896184 [20] 0.5 0.5 0.4509806 [21] 0.5 0.5 0.4805346 [22] 0.5 0.5 0.5271512 [23] 0.5 0.5 0.4891413 [24] 0.5 0.5 0.4804422 [25] 0.5 0.5 0.5215688 [26] 0.5 0.5 0.513095 [27] 0.5 0.5 0.4187351 
[11] 
[0] [0] 0.5 0.5 0.5 [1] 0.5 0.5 0.5 [2] 0.5 0.5 0.5 [3] 0.5 0.5 0.5 [4] 0.5 0.5 0.5 [5] 0.5 0.5 0.5 [6] 0.5 0.5 0.5 [7] 0.5 0.5 0.5 [8] 0.5 0.5 0.5 [9] 0.5 0.5 0.5 [10] 0.5 0.5 0.5 [11] 0.5005192 0.5 0.5 [12] 0.5079433 0.5 0.5 [13] 0.4811259 0.5 0.5 [14] 0.4457058 0.5 0.5 [15] 0.4308433 0.5 0.5 [16] 0.4324456 0.5 0.5 [17] 0.4232639 0.5 0.5 [18] 0.3928258 0.5 0.5 [19] 0.4957522 0.5 0.5 [20] 0.4200753 0.5 0.5 [21] 0.4748493 0.5 0.5 [22] 0.5179336 0.5 0.5 [23] 0.4802018 0.5 0.5 [24] 0.465763 0.5 0.5 [25] 0.5066545 0.5 0.5 [26] 0.5005423 0.5 0.5 [27] 0.3976316 0.5 0.5 
[1] [0] 0.5 0.5 0.5 [1] 0.5 0.5 0.5 [2] 0.5 0.5 0.5 [3] 0.5 0.5 0.5 [4] 0.5 0.5 0.5 [5] 0.5 0.5 0.5 [6] 0.5 0.5 0.5 [7] 0.5 0.5 0.5 [8] 0.5 0.5 0.5 [9] 0.5 0.5 0.5 [10] 0.5 0.5 0.5 [11] 0.5 0.5 0.5 [12] 0.5 0.5 0.5 [13] 0.5 0.5 0.5 [14] 0.5 0.5 0.5 [15] 0.5 0.5 0.5 [16] 0.5 0.5 0.5 [17] 0.5 0.5 0.5 [18] 0.5 0.5 0.5 [19] 0.5 0.5 0.5 [20] 0.5 0.5 0.5 [21] 0.5 0.5 0.5 [22] 0.5 0.5 0.5 [23] 0.5 0.5 0.5 [24] 0.5 0.5 0.5 [25] 0.5 0.5 0.5 [26] 0.5 0.5 0.5 [27] 0.5 0.5 0.5 
[2] [0] 0.5 0.5 0.5 [1] 0.5 0.5 0.5 [2] 0.5 0.5 0.5 [3] 0.5 0.5 0.5 [4] 0.5 0.5 0.5 [5] 0.5 0.5 0.5 [6] 0.5 0.5 0.5 [7] 0.5 0.5 0.5 [8] 0.5 0.5 0.5 [9] 0.5 0.5 0.5 [10] 0.5 0.5 0.5 [11] 0.5 0.5 0.5 [12] 0.5 0.5 0.5 [13] 0.5 0.5 0.5 [14] 0.5 0.5 0.5 [15] 0.5 0.5 0.5 [16] 0.5 0.5 0.5 [17] 0.5 0.5 0.5 [18] 0.5 0.5 0.5 [19] 0.5 0.5 0.5 [20] 0.5 0.5 0.5 [21] 0.5 0.5 0.5 [22] 0.5 0.5 0.5 [23] 0.5 0.5 0.5 [24] 0.5 0.5 0.5 [25] 0.5 0.5 0.5 [26] 0.5 0.5 0.5 [27] 0.5 0.5 0.5 
[12] 
[0] [0] 0.5 0.5 0.5 [1] 0.5 0.5 0.5 [2] 0.5 0.5 0.5 [3] 0.5 0.5 0.5 [4] 0.5 0.5 0.5 [5] 0.5 0.5 0.5 [6] 0.5 0.5 0.5 [7] 0.5 0.5 0.5 [8] 0.5 0.5 0.5 [9] 0.5 0.5 0.5 [10] 0.5 0.5 0.5 [11] 0.5 0.5 0.5 [12] 0.5 0.5 0.5 [13] 0.5 0.5 0.5 [14] 0.5 0.5 0.5 [15] 0.5 0.5 0.5 [16] 0.5 0.5 0.5 [17] 0.5 0.5 0.5 [18] 0.5 0.5 0.5 [19] 0.5 0.5 0.5 [20] 0.5 0.5 0.5 [21] 0.5 0.5 0.5 [22] 0.5 0.5 0.5 [23] 0.5 0.5 0.5 [24] 0.5 0.5 0.5 [25] 0.5 0.5 0.5 [26] 0.5 0.5 0.5 [27] 0.5 0.5 0.5 
[1] [0] 0.5 0.5 0.5 [1] 0.5 0.5 0.5 [2] 0.5 0.5 0.5 [3] 0.5 0.5 0.5 [4] 0.5 0.5 0.5 [5] 0.5 0.5 0.5 [6] 0.5 0.5 0.5 [7] 0.5 0.5 0.5 [8] 0.5 0.5 0.5 [9] 0.5 0.5 0.5 [10] 0.5 0.5 0.5 [11] 0.5 0.5 0.5 [12] 0.5 0.5 0.5 [13] 0.5 0.4893958 0.5 [14] 0.5 0.4633966 0.5 [15] 0.5 0.5 0.5 [16] 0.5 0.4534884 0.5 [17] 0.5 0.4467324 0.5 [18] 0.5 0.3817748 0.5 [19] 0.5 0.5 0.5 [20] 0.5 0.5 0.5 [21] 0.5 0.5 0.5 [22] 0.5 0.5 0.5 [23] 0.5 0.5 0.5 [24] 0.5 0.5 0.5 [25] 0.5 0.4864105 0.5 [26] 0.5 0.5 0.5 [27] 0.5 0.5 0.5 
[2] [0] 0.5 0.5 0.5 [1] 0.5 0.5 0.5 [2] 0.5 0.5 0.5 [3] 0.5 0.5 0.5 [4] 0.5 0.5 0.5 [5] 0.5 0.5 0.5 [6] 0.5 0.5 0.5 [7] 0.5 0.5 0.5 [8] 0.5 0.5 0.5 [9] 0.5 0.5 0.5 [10] 0.5 0.5 0.5 [11] 0.5 0.5 0.5 [12] 0.5 0.5 0.5 [13] 0.5 0.5 0.4988324 [14] 0.5 0.5 0.5 [15] 0.5 0.5 0.4375449 [16] 0.5 0.5 0.5 [17] 0.5 0.5 0.5 [18] 0.5 0.5 0.5 [19] 0.5 0.5 0.4672023 [20] 0.5 0.5 0.4474047 [21] 0.5 0.5 0.4699346 [22] 0.5 0.5 0.5152394 [23] 0.5 0.5 0.4657615 [24] 0.5 0.5 0.481973 [25] 0.5 0.5 0.5190488 [26] 0.5 0.5 0.5094758 [27] 0.5 0.5 0.4059996 
[13] 
[0] [0] 0.5 0.5 0.5 [1] 0.5 0.5 0.5 [2] 0.5 0.5 0.5 [3] 0.5 0.5 0.5 [4] 0.5 0.5 0.5 [5] 0.5 0.5 0.5 [6] 0.5 0.5 0.5 [7] 0.5 0.5 0.5 [8] 0.5 0.5 0.5 [9] 0.5 0.5 0.5 [10] 0.5 0.5 0.5 [11] 0.5 0.5 0.5 [12] 0.5 0.5 0.5 [13] 0.5 0.5 0.5 [14] 0.5 0.5 0.5 [15] 0.5 0.5 0.5 [16] 0.5 0.5 0.5 [17] 0.5 0.5 0.5 [18] 0.5 0.5 0.5 [19] 0.5 0.5 0.5 [20] 0.5 0.5 0.5 [21] 0.5 0.5 0.5 [22] 0.5 0.5 0.5 [23] 0.5 0.5 0.5 [24] 0.5 0.5 0.5 [25] 0.5 0.5 0.5 [26] 0.5 0.5 0.5 [27] 0.5 0.5 0.5 
[1] [0] 0.5 0.5 0.5 [1] 0.5 0.5 0.5 [2] 0.5 0.5 0.5 [3] 0.5 0.5 0.5 [4] 0.5 0.5 0.5 [5] 0.5 0.5 0.5 [6] 0.5 0.5 0.5 [7] 0.5 0.5 0.5 [8] 0.5 0.5 0.5 [9] 0.5 0.5 0.5 [10] 0.5 0.5 0.5 [11] 0.5 0.5 0.5 [12] 0.5 0.5 0.5 [13] 0.5 0.4848481 0.5 [14] 0.5 0.4465047 0.5 [15] 0.5 0.4186991 0.5 [16] 0.5 0.4393117 0.5 [17] 0.5 0.4369403 0.5 [18] 0.5 0.3862379 0.5 [19] 0.5 0.4509033 0.5 [20] 0.5 0.4241155 0.5 [21] 0.5 0.4585514 0.5 [22] 0.5 0.5003456 0.5 [23] 0.5 0.4570671 0.5 [24] 0.5 0.4459819 0.5 [25] 0.5 0.4987828 0.5 [26] 0.5 0.4868861 0.5 [27] 0.5 0.4027951 0.5 
[2] [0] 0.5 0.5 0.5 [1] 0.5 0.5 0.5 [2] 0.5 0.5 0.5 [3] 0.5 0.5 0.5 [4] 0.5 0.5 0.5 [5] 0.5 0.5 0.5 [6] 0.5 0.5 0.5 [7] 0.5 0.5 0.5 [8] 0.5 0.5 0.5 [9] 0.5 0.5 0.5 [10] 0.5 0.5 0.5 [11] 0.5 0.5 0.5 [12] 0.5 0.5 0.5 [13] 0.5 0.5 0.4850874 [14] 0.5 0.5 0.5 [15] 0.5 0.5 0.4343129 [16] 0.5 0.5 0.5 [17] 0.5 0.5 0.5 [18] 0.5 0.5 0.5 [19] 0.5 0.5 0.4833955 [20] 0.5 0.5 0.4267104 [21] 0.5 0.5 0.4630294 [22] 0.5 0.5 0.5031834 [23] 0.5 0.5 0.4580965 [24] 0.5 0.5 0.4803346 [25] 0.5 0.5 0.508522 [26] 0.5 0.5 0.4873729 [27] 0.5 0.5 0.3884568 
[14] 
[0] [0] 0.5 0.5 0.5 [1] 0.5 0.5 0.5 [2] 0.5 0.5 0.5 [3] 0.5 0.5 0.5 [4] 0.5 0.5 0.5 [5] 0.5 0.5 0.5 [6] 0.5 0.5 0.5 [7] 0.5 0.5 0.5 [8] 0.5 0.5 0.5 [9] 0.5 0.5 0.5 [10] 0.5 0.5 0.5 [11] 0.5 0.5 0.5 [12] 0.5 0.5 0.5 [13] 0.5 0.5 0.5 [14] 0.5 0.5 0.5 [15] 0.5 0.5 0.5 [16] 0.5 0.5 0.5 [17] 0.5 0.5 0.5 [18] 0.5 0.5 0.5 [19] 0.5 0.5 0.5 [20] 0.5 0.5 0.5 [21] 0.5 0.5 0.5 [22] 0.5 0.5 0.5 [23] 0.5 0.5 0.5 [24] 0.5 0.5 0.5 [25] 0.5 0.5 0.5 [26] 0.5 0.5 0.5 [27] 0.5 0.5 0.5 
[1] [0] 0.5 0.5 0.5 [1] 0.5 0.5 0.5 [2] 0.5 0.5 0.5 [3] 0.5 0.5 0.5 [4] 0.5 0.5 0.5 [5] 0.5 0.5 0.5 [6] 0.5 0.5 0.5 [7] 0.5 0.5 0.5 [8] 0.5 0.5 0.5 [9] 0.5 0.5 0.5 [10] 0.5 0.5 0.5 [11] 0.5 0.5 0.5 [12] 0.5 0.5 0.5 [13] 0.5 0.5 0.5 [14] 0.5 0.418089 0.5 [15] 0.5 0.4165411 0.5 [16] 0.5 0.4294833 0.5 [17] 0.5 0.4036049 0.5 [18] 0.5 0.3388719 0.5 [19] 0.5 0.436848 0.5 [20] 0.5 0.4152736 0.5 [21] 0.5 0.4632957 0.5 [22] 0.5 0.4659288 0.5 [23] 0.5 0.4420963 0.5 [24] 0.5 0.4393374 0.5 [25] 0.5 0.4577571 0.5 [26] 0.5 0.4546263 0.5 [27] 0.5 0.397584 0.5 
[2] [0] 0.5 0.5 0.5 [1] 0.5 0.5 0.5 [2] 0.5 0.5 0.5 [3] 0.5 0.5 0.5 [4] 0.5 0.5 0.5 [5] 0.5 0.5 0.5 [6] 0.5 0.5 0.5 [7] 0.5 0.5 0.5 [8] 0.5 0.5 0.5 [9] 0.5 0.5 0.5 [10] 0.5 0.5 0.5 [11] 0.5 0.5 0.5 [12] 0.5 0.5 0.5 [13] 0.5 0.5 0.5 [14] 0.5 0.5 0.5 [15] 0.5 0.5 0.5 [16] 0.5 0.5 0.5 [17] 0.5 0.5 0.5 [18] 0.5 0.5 0.5 [19] 0.5 0.5 0.5 [20] 0.5 0.5 0.5 [21] 0.5 0.5 0.5 [22] 0.5 0.5 0.5 [23] 0.5 0.5 0.5 [24] 0.5 0.5 0.5 [25] 0.5 0.5 0.5 [26] 0.5 0.5 0.5 [27] 0.5 0.5 0.5 
[15] 
[0] [0] 0.5 0.5 0.5 [1] 0.5 0.5 0.5 [2] 0.5 0.5 0.5 [3] 0.5 0.5 0.5 [4] 0.5 0.5 0.5 [5] 0.5 0.5 0.5 [6] 0.5 0.5 0.5 [7] 0.5 0.5 0.5 [8] 0.5 0.5 0.5 [9] 0.5 0.5 0.5 [10] 0.5 0.5 0.5 [11] 0.5 0.5 0.5 [12] 0.5 0.5 0.5 [13] 0.5 0.5 0.5 [14] 0.5 0.5 0.5 [15] 0.5 0.5 0.5 [16] 0.5 0.5 0.5 [17] 0.5 0.5 0.5 [18] 0.5 0.5 0.5 [19] 0.5 0.5 0.5 [20] 0.5 0.5 0.5 [21] 0.5 0.5 0.5 [22] 0.5 0.5 0.5 [23] 0.5 0.5 0.5 [24] 0.5 0.5 0.5 [25] 0.5 0.5 0.5 [26] 0.5 0.5 0.5 [27] 0.5 0.5 0.5 
[1] [0] 0.5 0.5 0.5 [1] 0.5 0.5 0.5 [2] 0.5 0.5 0.5 [3] 0.5 0.5 0.5 [4] 0.5 0.5 0.5 [5] 0.5 0.5 0.5 [6] 0.5 0.5 0.5 [7] 0.5 0.5 0.5 [8] 0.5 0.5 0.5 [9] 0.5 0.5 0.5 [10] 0.5 0.5 0.5 [11] 0.5 0.5 0.5 [12] 0.5 0.5 0.5 [13] 0.5 0.5 0.5 [14] 0.5 0.5 0.5 [15] 0.5 0.5 0.5 [16] 0.5 0.4113405 0.5 [17] 0.5 0.4146178 0.5 [18] 0.5 0.3276178 0.5 [19] 0.5 0.5 0.5 [20] 0.5 0.5 0.5 [21] 0.5 0.5 0.5 [22] 0.5 0.5 0.5 [23] 0.5 0.5 0.5 [24] 0.5 0.5 0.5 [25] 0.5 0.4247535 0.5 [26] 0.5 0.5 0.5 [27] 0.5 0.5 0.5 
[2] [0] 0.5 0.5 0.5 [1] 0.5 0.5 0.5 [2] 0.5 0.5 0.5 [3] 0.5 0.5 0.5 [4] 0.5 0.5 0.5 [5] 0.5 0.5 0.5 [6] 0.5 0.5 0.5 [7] 0.5 0.5 0.5 [8] 0.5 0.5 0.5 [9] 0.5 0.5 0.5 [10] 0.5 0.5 0.5 [11] 0.5 0.5 0.5 [12] 0.5 0.5 0.5 [13] 0.5 0.5 0.5 [14] 0.5 0.5 0.5 [15] 0.5 0.5 0.5 [16] 0.5 0.5 0.5 [17] 0.5 0.5 0.5 [18] 0.5 0.5 0.5 [19] 0.5 0.5 0.4079838 [20] 0.5 0.5 0.373459 [21] 0.5 0.5 0.4272586 [22] 0.5 0.5 0.4699897 [23] 0.5 0.5 0.4184491 [24] 0.5 0.5 0.4049927 [25] 0.5 0.5 0.4447312 [26] 0.5 0.5 0.4379202 [27] 0.5 0.5 0.4081887 
[16] 
[0] [0] 0.5 0.5 0.5 [1] 0.5 0.5 0.5 [2] 0.5 0.5 0.5 [3] 0.5 0.5 0.5 [4] 0.5 0.5 0.5 [5] 0.5 0.5 0.5 [6] 0.5 0.5 0.5 [7] 0.5 0.5 0.5 [8] 0.5 0.5 0.5 [9] 0.5 0.5 0.5 [10] 0.5 0.5 0.5 [11] 0.5 0.5 0.5 [12] 0.5 0.5 0.5 [13] 0.5 0.5 0.5 [14] 0.5 0.5 0.5 [15] 0.5 0.5 0.5 [16] 0.5 0.5 0.5 [17] 0.5 0.5 0.5 [18] 0.5 0.5 0.5 [19] 0.5 0.5 0.5 [20] 0.5 0.5 0.5 [21] 0.5 0.5 0.5 [22] 0.5 0.5 0.5 [23] 0.5 0.5 0.5 [24] 0.5 0.5 0.5 [25] 0.5 0.5 0.5 [26] 0.5 0.5 0.5 [27] 0.5 0.5 0.5 
[1] [0] 0.5 0.5 0.5 [1] 0.5 0.5 0.5 [2] 0.5 0.5 0.5 [3] 0.5 0.5 0.5 [4] 0.5 0.5 0.5 [5] 0.5 0.5 0.5 [6] 0.5 0.5 0.5 [7] 0.5 0.5 0.5 [8] 0.5 0.5 0.5 [9] 0.5 0.5 0.5 [10] 0.5 0.5 0.5 [11] 0.5 0.5 0.5 [12] 0.5 0.5 0.5 [13] 0.5 0.5 0.5 [14] 0.5 0.5 0.5 [15] 0.5 0.5 0.5 [16] 0.5 0.4332263 0.5 [17] 0.5 0.4098311 0.5 [18] 0.5 0.3491361 0.5 [19] 0.5 0.4318865 0.5 [20] 0.5 0.4063984 0.5 [21] 0.5 0.4440518 0.5 [22] 0.5 0.4533291 0.5 [23] 0.5 0.4487552 0.5 [24] 0.5 0.4332525 0.5 [25] 0.5 0.4461114 0.5 [26] 0.5 0.4566458 0.5 [27] 0.5 0.3801483 0.5 
[2] [0] 0.5 0.5 0.5 [1] 0.5 0.5 0.5 [2] 0.5 0.5 0.5 [3] 0.5 0.5 0.5 [4] 0.5 0.5 0.5 [5] 0.5 0.5 0.5 [6] 0.5 0.5 0.5 [7] 0.5 0.5 0.5 [8] 0.5 0.5 0.5 [9] 0.5 0.5 0.5 [10] 0.5 0.5 0.5 [11] 0.5 0.5 0.5 [12] 0.5 0.5 0.5 [13] 0.5 0.5 0.5 [14] 0.5 0.5 0.5 [15] 0.5 0.5 0.5 [16] 0.5 0.5 0.5 [17] 0.5 0.5 0.5 [18] 0.5 0.5 0.5 [19] 0.5 0.5 0.5 [20] 0.5 0.5 0.5 [21] 0.5 0.5 0.5 [22] 0.5 0.5 0.5 [23] 0.5 0.5 0.5 [24] 0.5 0.5 0.5 [25] 0.5 0.5 0.5 [26] 0.5 0.5 0.5 [27] 0.5 0.5 0.5 
[17] 
[0] [0] 0.5 0.5 0.5 [1] 0.5 0.5 0.5 [2] 0.5 0.5 0.5 [3] 0.5 0.5 0.5 [4] 0.5 0.5 0.5 [5] 0.5 0.5 0.5 [6] 0.5 0.5 0.5 [7] 0.5 0.5 0.5 [8] 0.5 0.5 0.5 [9] 0.5 0.5 0.5 [10] 0.5 0.5 0.5 [11] 0.5 0.5 0.5 [12] 0.5 0.5 0.5 [13] 0.5 0.5 0.5 [14] 0.5 0.5 0.5 [15] 0.5 0.5 0.5 [16] 0.5 0.5 0.5 [17] 0.5 0.5 0.5 [18] 0.5 0.5 0.5 [19] 0.5 0.5 0.5 [20] 0.5 0.5 0.5 [21] 0.5 0.5 0.5 [22] 0.5 0.5 0.5 [23] 0.5 0.5 0.5 [24] 0.5 0.5 0.5 [25] 0.5 0.5 0.5 [26] 0.5 0.5 0.5 [27] 0.5 0.5 0.5 
[1] [0] 0.5 0.5 0.5 [1] 0.5 0.5 0.5 [2] 0.5 0.5 0.5 [3] 0.5 0.5 0.5 [4] 0.5 0.5 0.5 [5] 0.5 0.5 0.5 [6] 0.5 0.5 0.5 [7] 0.5 0.5 0.5 [8] 0.5 0.5 0.5 [9] 0.5 0.5 0.5 [10] 0.5 0.5 0.5 [11] 0.5 0.5 0.5 [12] 0.5 0.5 0.5 [13] 0.5 0.5 0.5 [14] 0.5 0.5 0.5 [15] 0.5 0.5 0.5 [16] 0.5 0.5 0.5 [17] 0.5 0.3881631 0.5 [18] 0.5 0.3075072 0.5 [19] 0.5 0.4225533 0.5 [20] 0.5 0.4099708 0.5 [21] 0.5 0.4183899 0.5 [22] 0.5 0.4617777 0.5 [23] 0.5 0.4416529 0.5 [24] 0.5 0.4300836 0.5 [25] 0.5 0.4431967 0.5 [26] 0.5 0.4325909 0.5 [27] 0.5 0.3749799 0.5 
[2] [0] 0.5 0.5 0.5 [1] 0.5 0.5 0.5 [2] 0.5 0.5 0.5 [3] 0.5 0.5 0.5 [4] 0.5 0.5 0.5 [5] 0.5 0.5 0.5 [6] 0.5 0.5 0.5 [7] 0.5 0.5 0.5 [8] 0.5 0.5 0.5 [9] 0.5 0.5 0.5 [10] 0.5 0.5 0.5 [11] 0.5 0.5 0.5 [12] 0.5 0.5 0.5 [13] 0.5 0.5 0.5 [14] 0.5 0.5 0.5 [15] 0.5 0.5 0.5 [16] 0.5 0.5 0.5 [17] 0.5 0.5 0.5 [18] 0.5 0.5 0.5 [19] 0.5 0.5 0.5 [20] 0.5 0.5 0.5 [21] 0.5 0.5 0.5 [22] 0.5 0.5 0.5 [23] 0.5 0.5 0.5 [24] 0.5 0.5 0.5 [25] 0.5 0.5 0.5 [26] 0.5 0.5 0.5 [27] 0.5 0.5 0.5 
[18] 
[0] [0] 0.5 0.5 0.5 [1] 0.5 0.5 0.5 [2] 0.5 0.5 0.5 [3] 0.5 0.5 0.5 [4] 0.5 0.5 0.5 [5] 0.5 0.5 0.5 [6] 0.5 0.5 0.5 [7] 0.5 0.5 0.5 [8] 0.5 0.5 0.5 [9] 0.5 0.5 0.5 [10] 0.5 0.5 0.5 [11] 0.5 0.5 0.5 [12] 0.5 0.5 0.5 [13] 0.5 0.5 0.5 [14] 0.5 0.5 0.5 [15] 0.5 0.5 0.5 [16] 0.5 0.5 0.5 [17] 0.5 0.5 0.5 [18] 0.5 0.5 0.5 [19] 0.5 0.5 0.5 [20] 0.5 0.5 0.5 [21] 0.5 0.5 0.5 [22] 0.5 0.5 0.5 [23] 0.5 0.5 0.5 [24] 0.5 0.5 0.5 [25] 0.5 0.5 0.5 [26] 0.5 0.5 0.5 [27] 0.5 0.5 0.5 
[1] [0] 0.5 0.5 0.5 [1] 0.5 0.5 0.5 [2] 0.5 0.5 0.5 [3] 0.5 0.5 0.5 [4] 0.5 0.5 0.5 [5] 0.5 0.5 0.5 [6] 0.5 0.5 0.5 [7] 0.5 0.5 0.5 [8] 0.5 0.5 0.5 [9] 0.5 0.5 0.5 [10] 0.5 0.5 0.5 [11] 0.5 0.5 0.5 [12] 0.5 0.5 0.5 [13] 0.5 0.5 0.5 [14] 0.5 0.5 0.5 [15] 0.5 0.5 0.5 [16] 0.5 0.5 0.5 [17] 0.5 0.5 0.5 [18] 0.5 0.5 0.5 [19] 0.5 0.3483297 0.5 [20] 0.5 0.3417901 0.5 [21] 0.5 0.3726484 0.5 [22] 0.5 0.3999789 0.5 [23] 0.5 0.3754726 0.5 [24] 0.5 0.3664482 0.5 [25] 0.5 0.3800736 0.5 [26] 0.5 0.3861982 0.5 [27] 0.5 0.4044169 0.5 
[2] [0] 0.5 0.5 0.5 [1] 0.5 0.5 0.5 [2] 0.5 0.5 0.5 [3] 0.5 0.5 0.5 [4] 0.5 0.5 0.5 [5] 0.5 0.5 0.5 [6] 0.5 0.5 0.5 [7] 0.5 0.5 0.5 [8] 0.5 0.5 0.5 [9] 0.5 0.5 0.5 [10] 0.5 0.5 0.5 [11] 0.5 0.5 0.5 [12] 0.5 0.5 0.5 [13] 0.5 0.5 0.5 [14] 0.5 0.5 0.5 [15] 0.5 0.5 0.5 [16] 0.5 0.5 0.5 [17] 0.5 0.5 0.5 [18] 0.5 0.5 0.5 [19] 0.5 0.5 0.5 [20] 0.5 0.5 0.5 [21] 0.5 0.5 0.5 [22] 0.5 0.5 0.5 [23] 0.5 0.5 0.5 [24] 0.5 0.5 0.5 [25] 0.5 0.5 0.5 [26] 0.5 0.5 0.5 [27] 0.5 0.5 0.5 
[19] 
[0] [0] 0.5 0.5 0.5 [1] 0.5 0.5 0.5 [2] 0.5 0.5 0.5 [3] 0.5 0.5 0.5 [4] 0.5 0.5 0.5 [5] 0.5 0.5 0.5 [6] 0.5 0.5 0.5 [7] 0.5 0.5 0.5 [8] 0.5 0.5 0.5 [9] 0.5 0.5 0.5 [10] 0.5 0.5 0.5 [11] 0.5 0.5 0.5 [12] 0.5 0.5 0.5 [13] 0.5 0.5 0.5 [14] 0.5 0.5 0.5 [15] 0.5 0.5 0.5 [16] 0.5 0.5 0.5 [17] 0.5 0.5 0.5 [18] 0.5 0.5 0.5 [19] 0.5 0.5 0.5 [20] 0.5 0.5 0.5 [21] 0.5 0.5 0.5 [22] 0.5 0.5 0.5 [23] 0.5 0.5 0.5 [24] 0.5 0.5 0.5 [25] 0.5 0.5 0.5 [26] 0.5 0.5 0.5 [27] 0.5 0.5 0.5 
[1] [0] 0.5 0.5 0.5 [1] 0.5 0.5 0.5 [2] 0.5 0.5 0.5 [3] 0.5 0.5 0.5 [4] 0.5 0.5 0.5 [5] 0.5 0.5 0.5 [6] 0.5 0.5 0.5 [7] 0.5 0.5 0.5 [8] 0.5 0.5 0.5 [9] 0.5 0.5 0.5 [10] 0.5 0.5 0.5 [11] 0.5 0.5 0.5 [12] 0.5 0.5 0.5 [13] 0.5 0.5 0.5 [14] 0.5 0.5 0.5 [15] 0.5 0.5 0.5 [16] 0.5 0.5 0.5 [17] 0.5 0.5 0.5 [18] 0.5 0.5 0.5 [19] 0.5 0.5 0.5 [20] 0.5 0.5 0.5 [21] 0.5 0.5 0.5 [22] 0.5 0.5 0.5 [23] 0.5 0.5 0.5 [24] 0.5 0.5 0.5 [25] 0.5 0.4632496 0.5 [26] 0.5 0.5 0.5 [27] 0.5 0.5 0.5 
[2] [0] 0.5 0.5 0.5 [1] 0.5 0.5 0.5 [2] 0.5 0.5 0.5 [3] 0.5 0.5 0.5 [4] 0.5 0.5 0.5 [5] 0.5 0.5 0.5 [6] 0.5 0.5 0.5 [7] 0.5 0.5 0.5 [8] 0.5 0.5 0.5 [9] 0.5 0.5 0.5 [10] 0.5 0.5 0.5 [11] 0.5 0.5 0.5 [12] 0.5 0.5 0.5 [13] 0.5 0.5 0.5 [14] 0.5 0.5 0.5 [15] 0.5 0.5 0.5 [16] 0.5 0.5 0.5 [17] 0.5 0.5 0.5 [18] 0.5 0.5 0.5 [19] 0.5 0.5 0.5 [20] 0.5 0.5 0.3941073 [21] 0.5 0.5 0.4561219 [22] 0.5 0.5 0.5013125 [23] 0.5 0.5 0.4344093 [24] 0.5 0.5 0.4615833 [25] 0.5 0.5 0.4849402 [26] 0.5 0.5 0.4793071 [27] 0.5 0.5 0.393036 
[20] 
[0] [0] 0.5 0.5 0.5 [1] 0.5 0.5 0.5 [2] 0.5 0.5 0.5 [3] 0.5 0.5 0.5 [4] 0.5 0.5 0.5 [5] 0.5 0.5 0.5 [6] 0.5 0.5 0.5 [7] 0.5 0.5 0.5 [8] 0.5 0.5 0.5 [9] 0.5 0.5 0.5 [10] 0.5 0.5 0.5 [11] 0.5 0.5 0.5 [12] 0.5 0.5 0.5 [13] 0.5 0.5 0.5 [14] 0.5 0.5 0.5 [15] 0.5 0.5 0.5 [16] 0.5 0.5 0.5 [17] 0.5 0.5 0.5 [18] 0.5 0.5 0.5 [19] 0.5 0.5 0.5 [20] 0.5 0.5 0.5 [21] 0.5 0.5 0.5 [22] 0.5 0.5 0.5 [23] 0.5 0.5 0.5 [24] 0.5 0.5 0.5 [25] 0.5 0.5 0.5 [26] 0.5 0.5 0.5 [27] 0.5 0.5 0.5 
[1] [0] 0.5 0.5 0.5 [1] 0.5 0.5 0.5 [2] 0.5 0.5 0.5 [3] 0.5 0.5 0.5 [4] 0.5 0.5 0.5 [5] 0.5 0.5 0.5 [6] 0.5 0.5 0.5 [7] 0.5 0.5 0.5 [8] 0.5 0.5 0.5 [9] 0.5 0.5 0.5 [10] 0.5 0.5 0.5 [11] 0.5 0.5 0.5 [12] 0.5 0.5 0.5 [13] 0.5 0.5 0.5 [14] 0.5 0.5 0.5 [15] 0.5 0.5 0.5 [16] 0.5 0.5 0.5 [17] 0.5 0.5 0.5 [18] 0.5 0.5 0.5 [19] 0.5 0.5 0.5 [20] 0.5 0.5 0.5 [21] 0.5 0.5 0.5 [22] 0.5 0.5 0.5 [23] 0.5 0.5 0.5 [24] 0.5 0.5 0.5 [25] 0.5 0.4330323 0.5 [26] 0.5 0.5 0.5 [27] 0.5 0.5 0.5 
[2] [0] 0.5 0.5 0.5 [1] 0.5 0.5 0.5 [2] 0.5 0.5 0.5 [3] 0.5 0.5 0.5 [4] 0.5 0.5 0.5 [5] 0.5 0.5 0.5 [6] 0.5 0.5 0.5 [7] 0.5 0.5 0.5 [8] 0.5 0.5 0.5 [9] 0.5 0.5 0.5 [10] 0.5 0.5 0.5 [11] 0.5 0.5 0.5 [12] 0.5 0.5 0.5 [13] 0.5 0.5 0.5 [14] 0.5 0.5 0.5 [15] 0.5 0.5 0.5 [16] 0.5 0.5 0.5 [17] 0.5 0.5 0.5 [18] 0.5 0.5 0.5 [19] 0.5 0.5 0.5 [20] 0.5 0.5 0.5 [21] 0.5 0.5 0.4095645 [22] 0.5 0.5 0.4538454 [23] 0.5 0.5 0.4033602 [24] 0.5 0.5 0.4356288 [25] 0.5 0.5 0.4388087 [26] 0.5 0.5 0.4466723 [27] 0.5 0.5 0.4084401 
[21] 
[0] [0] 0.5 0.5 0.5 [1] 0.5 0.5 0.5 [2] 0.5 0.5 0.5 [3] 0.5 0.5 0.5 [4] 0.5 0.5 0.5 [5] 0.5 0.5 0.5 [6] 0.5 0.5 0.5 [7] 0.5 0.5 0.5 [8] 0.5 0.5 0.5 [9] 0.5 0.5 0.5 [10] 0.5 0.5 0.5 [11] 0.5 0.5 0.5 [12] 0.5 0.5 0.5 [13] 0.5 0.5 0.5 [14] 0.5 0.5 0.5 [15] 0.5 0.5 0.5 [16] 0.5 0.5 0.5 [17] 0.5 0.5 0.5 [18] 0.5 0.5 0.5 [19] 0.5 0.5 0.5 [20] 0.5 0.5 0.5 [21] 0.5 0.5 0.5 [22] 0.5 0.5 0.5 [23] 0.5 0.5 0.5 [24] 0.5 0.5 0.5 [25] 0.5 0.5 0.5 [26] 0.5 0.5 0.5 [27] 0.5 0.5 0.5 
[1] [0] 0.5 0.5 0.5 [1] 0.5 0.5 0.5 [2] 0.5 0.5 0.5 [3] 0.5 0.5 0.5 [4] 0.5 0.5 0.5 [5] 0.5 0.5 0.5 [6] 0.5 0.5 0.5 [7] 0.5 0.5 0.5 [8] 0.5 0.5 0.5 [9] 0.5 0.5 0.5 [10] 0.5 0.5 0.5 [11] 0.5 0.5 0.5 [12] 0.5 0.5 0.5 [13] 0.5 0.5 0.5 [14] 0.5 0.5 0.5 [15] 0.5 0.5 0.5 [16] 0.5 0.5 0.5 [17] 0.5 0.5 0.5 [18] 0.5 0.5 0.5 [19] 0.5 0.5 0.5 [20] 0.5 0.5 0.5 [21] 0.5 0.5 0.5 [22] 0.5 0.5 0.5 [23] 0.5 0.5 0.5 [24] 0.5 0.5 0.5 [25] 0.5 0.4595522 0.5 [26] 0.5 0.5 0.5 [27] 0.5 0.5 0.5 
[2] [0] 0.5 0.5 0.5 [1] 0.5 0.5 0.5 [2] 0.5 0.5 0.5 [3] 0.5 0.5 0.5 [4] 0.5 0.5 0.5 [5] 0.5 0.5 0.5 [6] 0.5 0.5 0.5 [7] 0.5 0.5 0.5 [8] 0.5 0.5 0.5 [9] 0.5 0.5 0.5 [10] 0.5 0.5 0.5 [11] 0.5 0.5 0.5 [12] 0.5 0.5 0.5 [13] 0.5 0.5 0.5 [14] 0.5 0.5 0.5 [15] 0.5 0.5 0.5 [16] 0.5 0.5 0.5 [17] 0.5 0.5 0.5 [18] 0.5 0.5 0.5 [19] 0.5 0.5 0.5 [20] 0.5 0.5 0.5 [21] 0.5 0.5 0.5 [22] 0.5 0.5 0.4806024 [23] 0.5 0.5 0.4564925 [24] 0.5 0.5 0.448846 [25] 0.5 0.5 0.478017 [26] 0.5 0.5 0.4719741 [27] 0.5 0.5 0.3857534 
[22] 
[0] [0] 0.5 0.5 0.5 [1] 0.5 0.5 0.5 [2] 0.5 0.5 0.5 [3] 0.5 0.5 0.5 [4] 0.5 0.5 0.5 [5] 0.5 0.5 0.5 [6] 0.5 0.5 0.5 [7] 0.5 0.5 0.5 [8] 0.5 0.5 0.5 [9] 0.5 0.5 0.5 [10] 0.5 0.5 0.5 [11] 0.5 0.5 0.5 [12] 0.5 0.5 0.5 [13] 0.5 0.5 0.5 [14] 0.5 0.5 0.5 [15] 0.5 0.5 0.5 [16] 0.5 0.5 0.5 [17] 0.5 0.5 0.5 [18] 0.5 0.5 0.5 [19] 0.5 0.5 0.5 [20] 0.5 0.5 0.5 [21] 0.5 0.5 0.5 [22] 0.5 0.5 0.5 [23] 0.5 0.5 0.5 [24] 0.5 0.5 0.5 [25] 0.5 0.5 0.5 [26] 0.5 0.5 0.5 [27] 0.5 0.5 0.5 
[1] [0] 0.5 0.5 0.5 [1] 0.5 0.5 0.5 [2] 0.5 0.5 0.5 [3] 0.5 0.5 0.5 [4] 0.5 0.5 0.5 [5] 0.5 0.5 0.5 [6] 0.5 0.5 0.5 [7] 0.5 0.5 0.5 [8] 0.5 0.5 0.5 [9] 0.5 0.5 0.5 [10] 0.5 0.5 0.5 [11] 0.5 0.5 0.5 [12] 0.5 0.5 0.5 [13] 0.5 0.5 0.5 [14] 0.5 0.5 0.5 [15] 0.5 0.5 0.5 [16] 0.5 0.5 0.5 [17] 0.5 0.5 0.5 [18] 0.5 0.5 0.5 [19] 0.5 0.5 0.5 [20] 0.5 0.5 0.5 [21] 0.5 0.5 0.5 [22] 0.5 0.5 0.5 [23] 0.5 0.5 0.5 [24] 0.5 0.5 0.5 [25] 0.5 0.511157 0.5 [26] 0.5 0.5 0.5 [27] 0.5 0.5 0.5 
[2] [0] 0.5 0.5 0.5 [1] 0.5 0.5 0.5 [2] 0.5 0.5 0.5 [3] 0.5 0.5 0.5 [4] 0.5 0.5 0.5 [5] 0.5 0.5 0.5 [6] 0.5 0.5 0.5 [7] 0.5 0.5 0.5 [8] 0.5 0.5 0.5 [9] 0.5 0.5 0.5 [10] 0.5 0.5 0.5 [11] 0.5 0.5 0.5 [12] 0.5 0.5 0.5 [13] 0.5 0.5 0.5 [14] 0.5 0.5 0.5 [15] 0.5 0.5 0.5 [16] 0.5 0.5 0.5 [17] 0.5 0.5 0.5 [18] 0.5 0.5 0.5 [19] 0.5 0.5 0.5 [20] 0.5 0.5 0.5 [21] 0.5 0.5 0.5 [22] 0.5 0.5 0.5 [23] 0.5 0.5 0.4865045 [24] 0.5 0.5 0.4890324 [25] 0.5 0.5 0.5304962 [26] 0.5 0.5 0.5194533 [27] 0.5 0.5 0.4201105 
[23] 
[0] [0] 0.5 0.5 0.5 [1] 0.5 0.5 0.5 [2] 0.5 0.5 0.5 [3] 0.5 0.5 0.5 [4] 0.5 0.5 0.5 [5] 0.5 0.5 0.5 [6] 0.5 0.5 0.5 [7] 0.5 0.5 0.5 [8] 0.5 0.5 0.5 [9] 0.5 0.5 0.5 [10] 0.5 0.5 0.5 [11] 0.5 0.5 0.5 [12] 0.5 0.5 0.5 [13] 0.5 0.5 0.5 [14] 0.5 0.5 0.5 [15] 0.5 0.5 0.5 [16] 0.5 0.5 0.5 [17] 0.5 0.5 0.5 [18] 0.5 0.5 0.5 [19] 0.5 0.5 0.5 [20] 0.5 0.5 0.5 [21] 0.5 0.5 0.5 [22] 0.5 0.5 0.5 [23] 0.5 0.5 0.5 [24] 0.5 0.5 0.5 [25] 0.5 0.5 0.5 [26] 0.5 0.5 0.5 [27] 0.5 0.5 0.5 
[1] [0] 0.5 0.5 0.5 [1] 0.5 0.5 0.5 [2] 0.5 0.5 0.5 [3] 0.5 0.5 0.5 [4] 0.5 0.5 0.5 [5] 0.5 0.5 0.5 [6] 0.5 0.5 0.5 [7] 0.5 0.5 0.5 [8] 0.5 0.5 0.5 [9] 0.5 0.5 0.5 [10] 0.5 0.5 0.5 [11] 0.5 0.5 0.5 [12] 0.5 0.5 0.5 [13] 0.5 0.5 0.5 [14] 0.5 0.5 0.5 [15] 0.5 0.5 0.5 [16] 0.5 0.5 0.5 [17] 0.5 0.5 0.5 [18] 0.5 0.5 0.5 [19] 0.5 0.5 0.5 [20] 0.5 0.5 0.5 [21] 0.5 0.5 0.5 [22] 0.5 0.5 0.5 [23] 0.5 0.5 0.5 [24] 0.5 0.5 0.5 [25] 0.5 0.4612182 0.5 [26] 0.5 0.5 0.5 [27] 0.5 0.5 0.5 
[2] [0] 0.5 0.5 0.5 [1] 0.5 0.5 0.5 [2] 0.5 0.5 0.5 [3] 0.5 0.5 0.5 [4] 0.5 0.5 0.5 [5] 0.5 0.5 0.5 [6] 0.5 0.5 0.5 [7] 0.5 0.5 0.5 [8] 0.5 0.5 0.5 [9] 0.5 0.5 0.5 [10] 0.5 0.5 0.5 [11] 0.5 0.5 0.5 [12] 0.5 0.5 0.5 [13] 0.5 0.5 0.5 [14] 0.5 0.5 0.5 [15] 0.5 0.5 0.5 [16] 0.5 0.5 0.5 [17] 0.5 0.5 0.5 [18] 0.5 0.5 0.5 [19] 0.5 0.5 0.5 [20] 0.5 0.5 0.5 [21] 0.5 0.5 0.5 [22] 0.5 0.5 0.5 [23] 0.5 0.5 0.5 [24] 0.5 0.5 0.4653217 [25] 0.5 0.5 0.4740098 [26] 0.5 0.5 0.4853187 [27] 0.5 0.5 0.3972606 
[24] 
[0] [0] 0.5 0.5 0.5 [1] 0.5 0.5 0.5 [2] 0.5 0.5 0.5 [3] 0.5 0.5 0.5 [4] 0.5 0.5 0.5 [5] 0.5 0.5 0.5 [6] 0.5 0.5 0.5 [7] 0.5 0.5 0.5 [8] 0.5 0.5 0.5 [9] 0.5 0.5 0.5 [10] 0.5 0.5 0.5 [11] 0.5 0.5 0.5 [12] 0.5 0.5 0.5 [13] 0.5 0.5 0.5 [14] 0.5 0.5 0.5 [15] 0.5 0.5 0.5 [16] 0.5 0.5 0.5 [17] 0.5 0.5 0.5 [18] 0.5 0.5 0.5 [19] 0.5 0.5 0.5 [20] 0.5 0.5 0.5 [21] 0.5 0.5 0.5 [22] 0.5 0.5 0.5 [23] 0.5 0.5 0.5 [24] 0.5 0.5 0.5 [25] 0.5 0.5 0.5 [26] 0.5 0.5 0.5 [27] 0.5 0.5 0.5 
[1] [0] 0.5 0.5 0.5 [1] 0.5 0.5 0.5 [2] 0.5 0.5 0.5 [3] 0.5 0.5 0.5 [4] 0.5 0.5 0.5 [5] 0.5 0.5 0.5 [6] 0.5 0.5 0.5 [7] 0.5 0.5 0.5 [8] 0.5 0.5 0.5 [9] 0.5 0.5 0.5 [10] 0.5 0.5 0.5 [11] 0.5 0.5 0.5 [12] 0.5 0.5 0.5 [13] 0.5 0.5 0.5 [14] 0.5 0.5 0.5 [15] 0.5 0.5 0.5 [16] 0.5 0.5 0.5 [17] 0.5 0.5 0.5 [18] 0.5 0.5 0.5 [19] 0.5 0.5 0.5 [20] 0.5 0.5 0.5 [21] 0.5 0.5 0.5 [22] 0.5 0.5 0.5 [23] 0.5 0.5 0.5 [24] 0.5 0.5 0.5 [25] 0.5 0.4759998 0.5 [26] 0.5 0.5 0.5 [27] 0.5 0.5 0.5 
[2] [0] 0.5 0.5 0.5 [1] 0.5 0.5 0.5 [2] 0.5 0.5 0.5 [3] 0.5 0.5 0.5 [4] 0.5 0.5 0.5 [5] 0.5 0.5 0.5 [6] 0.5 0.5 0.5 [7] 0.5 0.5 0.5 [8] 0.5 0.5 0.5 [9] 0.5 0.5 0.5 [10] 0.5 0.5 0.5 [11] 0.5 0.5 0.5 [12] 0.5 0.5 0.5 [13] 0.5 0.5 0.5 [14] 0.5 0.5 0.5 [15] 0.5 0.5 0.5 [16] 0.5 0.5 0.5 [17] 0.5 0.5 0.5 [18] 0.5 0.5 0.5 [19] 0.5 0.5 0.5 [20] 0.5 0.5 0.5 [21] 0.5 0.5 0.5 [22] 0.5 0.5 0.5 [23] 0.5 0.5 0.5 [24] 0.5 0.5 0.5 [25] 0.5 0.5 0.4846613 [26] 0.5 0.5 0.4788404 [27] 0.5 0.5 0.4102703 
[25] 
[0] [0] 0.5 0.5 0.5 [1] 0.5 0.5 0.5 [2] 0.5 0.5 0.5 [3] 0.5 0.5 0.5 [4] 0.5 0.5 0.5 [5] 0.5 0.5 0.5 [6] 0.5 0.5 0.5 [7] 0.5 0.5 0.5 [8] 0.5 0.5 0.5 [9] 0.5 0.5 0.5 [10] 0.5 0.5 0.5 [11] 0.5 0.5 0.5 [12] 0.5 0.5 0.5 [13] 0.5 0.5 0.5 [14] 0.5 0.5 0.5 [15] 0.5 0.5 0.5 [16] 0.5 0.5 0.5 [17] 0.5 0.5 0.5 [18] 0.5 0.5 0.5 [19] 0.5 0.5 0.5 [20] 0.5 0.5 0.5 [21] 0.5 0.5 0.5 [22] 0.5 0.5 0.5 [23] 0.5 0.5 0.5 [24] 0.5 0.5 0.5 [25] 0.5 0.5 0.5 [26] 0.5 0.5 0.5 [27] 0.5 0.5 0.5 
[1] [0] 0.5 0.5 0.5 [1] 0.5 0.5 0.5 [2] 0.5 0.5 0.5 [3] 0.5 0.5 0.5 [4] 0.5 0.5 0.5 [5] 0.5 0.5 0.5 [6] 0.5 0.5 0.5 [7] 0.5 0.5 0.5 [8] 0.5 0.5 0.5 [9] 0.5 0.5 0.5 [10] 0.5 0.5 0.5 [11] 0.5 0.5 0.5 [12] 0.5 0.5 0.5 [13] 0.5 0.5 0.5 [14] 0.5 0.5 0.5 [15] 0.5 0.5 0.5 [16] 0.5 0.5 0.5 [17] 0.5 0.5 0.5 [18] 0.5 0.5 0.5 [19] 0.5 0.5 0.5 [20] 0.5 0.5 0.5 [21] 0.5 0.5 0.5 [22] 0.5 0.5 0.5 [23] 0.5 0.5 0.5 [24] 0.5 0.5 0.5 [25] 0.5 0.4950879 0.5 [26] 0.5 0.4901279 0.5 [27] 0.5 0.3988894 0.5 
[2] [0] 0.5 0.5 0.5 [1] 0.5 0.5 0.5 [2] 0.5 0.5 0.5 [3] 0.5 0.5 0.5 [4] 0.5 0.5 0.5 [5] 0.5 0.5 0.5 [6] 0.5 0.5 0.5 [7] 0.5 0.5 0.5 [8] 0.5 0.5 0.5 [9] 0.5 0.5 0.5 [10] 0.5 0.5 0.5 [11] 0.5 0.5 0.5 [12] 0.5 0.5 0.5 [13] 0.5 0.5 0.5 [14] 0.5 0.5 0.5 [15] 0.5 0.5 0.5 [16] 0.5 0.5 0.5 [17] 0.5 0.5 0.5 [18] 0.5 0.5 0.5 [19] 0.5 0.5 0.5 [20] 0.5 0.5 0.5 [21] 0.5 0.5 0.5 [22] 0.5 0.5 0.5 [23] 0.5 0.5 0.5 [24] 0.5 0.5 0.5 [25] 0.5 0.5 0.5 [26] 0.5 0.5 0.5026495 [27] 0.5 0.5 0.4165359 
[26] 
[0] [0] 0.5 0.5 0.5 [1] 0.5 0.5 0.5 [2] 0.5 0.5 0.5 [3] 0.5 0.5 0.5 [4] 0.5 0.5 0.5 [5] 0.5 0.5 0.5 [6] 0.5 0.5 0.5 [7] 0.5 0.5 0.5 [8] 0.5 0.5 0.5 [9] 0.5 0.5 0.5 [10] 0.5 0.5 0.5 [11] 0.5 0.5 0.5 [12] 0.5 0.5 0.5 [13] 0.5 0.5 0.5 [14] 0.5 0.5 0.5 [15] 0.5 0.5 0.5 [16] 0.5 0.5 0.5 [17] 0.5 0.5 0.5 [18] 0.5 0.5 0.5 [19] 0.5 0.5 0.5 [20] 0.5 0.5 0.5 [21] 0.5 0.5 0.5 [22] 0.5 0.5 0.5 [23] 0.5 0.5 0.5 [24] 0.5 0.5 0.5 [25] 0.5 0.5 0.5 [26] 0.5 0.5 0.5 [27] 0.5 0.5 0.5 
[1] [0] 0.5 0.5 0.5 [1] 0.5 0.5 0.5 [2] 0.5 0.5 0.5 [3] 0.5 0.5 0.5 [4] 0.5 0.5 0.5 [5] 0.5 0.5 0.5 [6] 0.5 0.5 0.5 [7] 0.5 0.5 0.5 [8] 0.5 0.5 0.5 [9] 0.5 0.5 0.5 [10] 0.5 0.5 0.5 [11] 0.5 0.5 0.5 [12] 0.5 0.5 0.5 [13] 0.5 0.5 0.5 [14] 0.5 0.5 0.5 [15] 0.5 0.5 0.5 [16] 0.5 0.5 0.5 [17] 0.5 0.5 0.5 [18] 0.5 0.5 0.5 [19] 0.5 0.5 0.5 [20] 0.5 0.5 0.5 [21] 0.5 0.5 0.5 [22] 0.5 0.5 0.5 [23] 0.5 0.5 0.5 [24] 0.5 0.5 0.5 [25] 0.5 0.5 0.5 [26] 0.5 0.5 0.5 [27] 0.5 0.5 0.5 
[2] [0] 0.5 0.5 0.5 [1] 0.5 0.5 0.5 [2] 0.5 0.5 0.5 [3] 0.5 0.5 0.5 [4] 0.5 0.5 0.5 [5] 0.5 0.5 0.5 [6] 0.5 0.5 0.5 [7] 0.5 0.5 0.5 [8] 0.5 0.5 0.5 [9] 0.5 0.5 0.5 [10] 0.5 0.5 0.5 [11] 0.5 0.5 0.5 [12] 0.5 0.5 0.5 [13] 0.5 0.5 0.5 [14] 0.5 0.5 0.5 [15] 0.5 0.5 0.5 [16] 0.5 0.5 0.5 [17] 0.5 0.5 0.5 [18] 0.5 0.5 0.5 [19] 0.5 0.5 0.5 [20] 0.5 0.5 0.5 [21] 0.5 0.5 0.5 [22] 0.5 0.5 0.5 [23] 0.5 0.5 0.5 [24] 0.5 0.5 0.5 [25] 0.5 0.5 0.5 [26] 0.5 0.5 0.5 [27] 0.5 0.5 0.4067589 
[27] 
[0] [0] 0.5 0.5 0.5 [1] 0.5 0.5 0.5 [2] 0.5 0.5 0.5 [3] 0.5 0.5 0.5 [4] 0.5 0.5 0.5 [5] 0.5 0.5 0.5 [6] 0.5 0.5 0.5 [7] 0.5 0.5 0.5 [8] 0.5 0.5 0.5 [9] 0.5 0.5 0.5 [10] 0.5 0.5 0.5 [11] 0.5 0.5 0.5 [12] 0.5 0.5 0.5 [13] 0.5 0.5 0.5 [14] 0.5 0.5 0.5 [15] 0.5 0.5 0.5 [16] 0.5 0.5 0.5 [17] 0.5 0.5 0.5 [18] 0.5 0.5 0.5 [19] 0.5 0.5 0.5 [20] 0.5 0.5 0.5 [21] 0.5 0.5 0.5 [22] 0.5 0.5 0.5 [23] 0.5 0.5 0.5 [24] 0.5 0.5 0.5 [25] 0.5 0.5 0.5 [26] 0.5 0.5 0.5 [27] 0.5 0.5 0.5 
[1] [0] 0.5 0.5 0.5 [1] 0.5 0.5 0.5 [2] 0.5 0.5 0.5 [3] 0.5 0.5 0.5 [4] 0.5 0.5 0.5 [5] 0.5 0.5 0.5 [6] 0.5 0.5 0.5 [7] 0.5 0.5 0.5 [8] 0.5 0.5 0.5 [9] 0.5 0.5 0.5 [10] 0.5 0.5 0.5 [11] 0.5 0.5 0.5 [12] 0.5 0.5 0.5 [13] 0.5 0.5 0.5 [14] 0.5 0.5 0.5 [15] 0.5 0.5 0.5 [16] 0.5 0.5 0.5 [17] 0.5 0.5 0.5 [18] 0.5 0.5 0.5 [19] 0.5 0.5 0.5 [20] 0.5 0.5 0.5 [21] 0.5 0.5 0.5 [22] 0.5 0.5 0.5 [23] 0.5 0.5 0.5 [24] 0.5 0.5 0.5 [25] 0.5 0.5 0.5 [26] 0.5 0.5 0.5 [27] 0.5 0.5 0.5 
[2] [0] 0.5 0.5 0.5 [1] 0.5 0.5 0.5 [2] 0.5 0.5 0.5 [3] 0.5 0.5 0.5 [4] 0.5 0.5 0.5 [5] 0.5 0.5 0.5 [6] 0.5 0.5 0.5 [7] 0.5 0.5 0.5 [8] 0.5 0.5 0.5 [9] 0.5 0.5 0.5 [10] 0.5 0.5 0.5 [11] 0.5 0.5 0.5 [12] 0.5 0.5 0.5 [13] 0.5 0.5 0.5 [14] 0.5 0.5 0.5 [15] 0.5 0.5 0.5 [16] 0.5 0.5 0.5 [17] 0.5 0.5 0.5 [18] 0.5 0.5 0.5 [19] 0.5 0.5 0.5 [20] 0.5 0.5 0.5 [21] 0.5 0.5 0.5 [22] 0.5 0.5 0.5 [23] 0.5 0.5 0.5 [24] 0.5 0.5 0.5 [25] 0.5 0.5 0.5 [26] 0.5 0.5 0.5 [27] 0.5 0.5 0.4219233 
