[0] [0] 0.5 0.5 0.5 0.5 0.5 0.5 0.5 0.5 0.5 0.5 [1] 0.4948982 0.5193103 0.4979301 0.4688723 0.4755128 0.5 0.5 0.5 0.5 0.5 [2] 0.4653606 0.5023528 0.4927546 0.4983165 0.4850434 0.5 0.5 0.5 0.5 0.5 [3] 0.4893341 0.4641704 0.4971389 0.4923264 0.4847336 0.5 0.5 0.5 0.5 0.5 [4] 0.5038884 0.4913178 0.4930778 0.4881489 0.463106 0.5 0.5 0.5 0.5 0.5 [5] 0.4398251 0.4648926 0.4818033 0.4975849 0.5098361 0.5 0.5 0.5 0.5 0.5 [6] 0.5 0.5 0.5 0.5 0.5 0.5 0.5 0.5 0.5 0.5 [7] 0.5 0.5 0.5 0.5 0.5 0.5 0.5 0.5 0.5 0.5 [8] 0.5 0.5 0.5 0.5 0.5 0.5 0.5 0.5 0.5 0.5 
[1] [0] 0.5 0.5 0.5 0.5 0.5 0.5 0.5 0.5 0.5 0.5 [1] 0.5174745 0.4701142 0.472239 0.4500207 0.4666345 0.5 0.5 0.5 0.5 0.5 [2] 0.4401152 0.4432456 0.4733682 0.4787756 0.5082023 0.5 0.5 0.5 0.5 0.5 [3] 0.5 0.5 0.5 0.5 0.5 0.5 0.5 0.5 0.5 0.5 [4] 0.5 0.5 0.5 0.5 0.5 0.5 0.5 0.5 0.5 0.5 [5] 0.5 0.5 0.5 0.5 0.5 0.5 0.5 0.5 0.5 0.5 [6] 0.5 0.5 0.5 0.5 0.5 0.5 0.5 0.5 0.5 0.5 [7] 0.5 0.5 0.5 0.5 0.5 0.5 0.5 0.5 0.5 0.5 [8] 0.5 0.5 0.5 0.5 0.5 0.5 0.5 0.5 0.5 0.5 
[2] [0] 0.5 0.5 0.5 0.5 0.5 0.5 0.5 0.5 0.5 0.5 [1] 0.3838572 0.4196152 0.4423513 0.4810602 0.487963 0.5 0.5 0.5 0.5 0.5 [2] 0.3494063 0.4053237 0.4165872 0.4740766 0.4731123 0.5 0.5 0.5 0.5 0.5 [3] 0.5 0.5 0.5 0.5 0.5 0.5 0.5 0.5 0.5 0.5 [4] 0.5 0.5 0.5 0.5 0.5 0.5 0.5 0.5 0.5 0.5 [5] 0.5 0.5 0.5 0.5 0.5 0.5 0.5 0.5 0.5 0.5 [6] 0.5 0.5 0.5 0.5 0.5 0.5 0.5 0.5 0.5 0.5 [7] 0.5 0.5 0.5 0.5 0.5 0.5 0.5 0.5 0.5 0.5 [8] 0.5 0.5 0.5 0.5 0.5 0.5 0.5 0.5 0.5 0.5 
[3] [0] 0.5 0.5 0.5 0.5 0.5 0.5 0.5 0.5 0.5 0.5 [1] 0.5 0.5 0.5 0.5 0.5 0.5 0.5 0.5 0.5 0.5 [2] 0.4014555 0.4350563 0.4626938 0.4890826 0.4662514 0.5 0.5 0.5 0.5 0.5 [3] 0.4274493 0.4952048 0.4905281 0.4685618 0.4668224 0.5 0.5 0.5 0.5 0.5 [4] 0.5 0.5 0.5 0.5 0.5 0.5 0.5 0.5 0.5 0.5 [5] 0.4214579 0.4733207 0.4799952 0.4907444 0.4988066 0.5 0.5 0.5 0.5 0.5 [6] 0.5 0.5 0.5 0.5 0.5 0.5 0.5 0.5 0.5 0.5 [7] 0.5 0.5 0.5 0.5 0.5 0.5 0.5 0.5 0.5 0.5 [8] 0.5 0.5 0.5 0.5 0.5 0.5 0.5 0.5 0.5 0.5 
[4] [0] 0.5 0.5 0.5 0.5 0.5 0.5 0.5 0.5 0.5 0.5 [1] 0.5 0.5 0.5 0.5 0.5 0.5 0.5 0.5 0.5 0.5 [2] 0.4061435 0.4344682 0.4459976 0.4773763 0.4803947 0.5 0.5 0.5 0.5 0.5 [3] 0.5214077 0.4833757 0.4860023 0.4498392 0.4801928 0.5 0.5 0.5 0.5 0.5 [4] 0.5 0.5 0.5 0.5 0.5 0.5 0.5 0.5 0.5 0.5 [5] 0.4973881 0.5199277 0.4932132 0.4910364 0.4626711 0.5 0.5 0.5 0.5 0.5 [6] 0.5 0.5 0.5 0.5 0.5 0.5 0.5 0.5 0.5 0.5 [7] 0.5 0.5 0.5 0.5 0.5 0.5 0.5 0.5 0.5 0.5 [8] 0.5 0.5 0.5 0.5 0.5 0.5 0.5 0.5 0.5 0.5 
[5] [0] 0.5 0.5 0.5 0.5 0.5 0.5 0.5 0.5 0.5 0.5 [1] 0.4224574 0.4100439 0.4755395 0.4951894 0.4998371 0.5 0.5 0.5 0.5 0.5 [2] 0.3159272 0.3677885 0.4374187 0.438925 0.4629511 0.5 0.5 0.5 0.5 0.5 [3] 0.5 0.5 0.5 0.5 0.5 0.5 0.5 0.5 0.5 0.5 [4] 0.3549876 0.4319701 0.4742764 0.4775747 0.4741594 0.5 0.5 0.5 0.5 0.5 [5] 0.3333742 0.4182725 0.4700027 0.4605543 0.4813222 0.5 0.5 0.5 0.5 0.5 [6] 0.5 0.5 0.5 0.5 0.5 0.5 0.5 0.5 0.5 0.5 [7] 0.5 0.5 0.5 0.5 0.5 0.5 0.5 0.5 0.5 0.5 [8] 0.5 0.5 0.5 0.5 0.5 0.5 0.5 0.5 0.5 0.5 
[6] [0] 0.5 0.5 0.5 0.5 0.5 0.5 0.5 0.5 0.5 0.5 [1] 0.4019161 0.4292693 0.4523705 0.4329383 0.447194 0.5 0.5 0.5 0.5 0.5 [2] 0.4044808 0.4530141 0.5004991 0.4999995 0.4995 0.5 0.5 0.5 0.5 0.5 [3] 0.4315276 0.4434225 0.4670189 0.4692156 0.4899621 0.5 0.5 0.5 0.5 0.5 [4] 0.5 0.5 0.5 0.5 0.5 0.5 0.5 0.5 0.5 0.5 [5] 0.5 0.5 0.5 0.5 0.5 0.5 0.5 0.5 0.5 0.5 [6] 0.5 0.5 0.5 0.5 0.5 0.5 0.5 0.5 0.5 0.5 [7] 0.5 0.5 0.5 0.5 0.5 0.5 0.5 0.5 0.5 0.5 [8] 0.5 0.5 0.5 0.5 0.5 0.5 0.5 0.5 0.5 0.5 
[7] [0] 0.5 0.5 0.5 0.5 0.5 0.5 0.5 0.5 0.5 0.5 [1] 0.5 0.5 0.5 0.5 0.5 0.5 0.5 0.5 0.5 0.5 [2] 0.3866367 0.3909411 0.4583181 0.4678616 0.4821358 0.5 0.5 0.5 0.5 0.5 [3] 0.5 0.5 0.5 0.5 0.5 0.5 0.5 0.5 0.5 0.5 [4] 0.5 0.5 0.5 0.5 0.5 0.5 0.5 0.5 0.5 0.5 [5] 0.3970657 0.458169 0.5001174 0.4949279 0.4869713 0.5 0.5 0.5 0.5 0.5 [6] 0.5 0.5 0.5 0.5 0.5 0.5 0.5 0.5 0.5 0.5 [7] 0.5 0.5 0.5 0.5 0.5 0.5 0.5 0.5 0.5 0.5 [8] 0.5 0.5 0.5 0.5 0.5 0.5 0.5 0.5 0.5 0.5 
[8] [0] 0.5 0.5 0.5 0.5 0.5 0.5 0.5 0.5 0.5 0.5 [1] 0.5 0.5 0.5 0.5 0.5 0.5 0.5 0.5 0.5 0.5 [2] 0.5 0.5 0.5 0.5 0.5 0.5 0.5 0.5 0.5 0.5 [3] 0.3348018 0.3943873 0.4451429 0.4443382 0.4577456 0.5 0.5 0.5 0.5 0.5 [4] 0.5 0.5 0.5 0.5 0.5 0.5 0.5 0.5 0.5 0.5 [5] 0.5 0.5 0.5 0.5 0.5 0.5 0.5 0.5 0.5 0.5 [6] 0.5 0.5 0.5 0.5 0.5 0.5 0.5 0.5 0.5 0.5 [7] 0.5 0.5 0.5 0.5 0.5 0.5 0.5 0.5 0.5 0.5 [8] 0.5 0.5 0.5 0.5 0.5 0.5 0.5 0.5 0.5 0.5 
[9] [0] 0.5 0.5 0.5 0.5 0.5 0.5 0.5 0.5 0.5 0.5 [1] 0.4241666 0.4283445 0.4517594 0.4719718 0.4927109 0.5 0.5 0.5 0.5 0.5 [2] 0.5384119 0.4717083 0.4901428 0.4935662 0.4990005 0.5 0.5 0.5 0.5 0.5 [3] 0.4872343 0.4737893 0.4661281 0.4736378 0.4681203 0.5 0.5 0.5 0.5 0.5 [4] 0.5 0.5 0.5 0.5 0.5 0.5 0.5 0.5 0.5 0.5 [5] 0.5 0.5 0.5 0.5 0.5 0.5 0.5 0.5 0.5 0.5 [6] 0.5 0.5 0.5 0.5 0.5 0.5 0.5 0.5 0.5 0.5 [7] 0.5 0.5 0.5 0.5 0.5 0.5 0.5 0.5 0.5 0.5 [8] 0.5 0.5 0.5 0.5 0.5 0.5 0.5 0.5 0.5 0.5 
