[0] 
[0] [0] 0.5 0.5 0.5 0.5 0.5 0.5 0.5 0.5 0.5 [1] 0.5 0.5 0.5 0.5 0.5 0.5 0.5 0.5 0.5 [2] 0.5 0.5 0.5 0.5 0.5 0.5 0.5 0.5 0.5 [3] 0.5 0.5 0.5 0.5 0.5 0.5 0.5 0.5 0.5 [4] 0.5 0.5 0.5 0.5 0.5 0.5 0.5 0.5 0.5 [5] 0.5 0.5 0.5 0.5 0.5 0.5 0.5 0.5 0.5 [6] 0.5 0.5 0.5 0.5 0.5 0.5 0.5 0.5 0.5 [7] 0.5 0.5 0.5 0.5 0.5 0.5 0.5 0.5 0.5 [8] 0.5 0.5 0.5 0.5 0.5 0.5 0.5 0.5 0.5 [9] 0.5 0.5 0.5 0.5 0.5 0.5 0.5 0.5 0.5 
[1] [0] 0.5 0.5349081 0.4768544 0.4482441 0.5015629 0.4561348 0.5 0.5 0.5 [1] 0.5 0.5077491 0.4719447 0.5 0.5 0.5 0.5 0.5 0.5 [2] 0.5 0.4100345 0.3730142 0.5 0.5 0.5 0.5 0.5 0.5 [3] 0.5 0.5 0.4325488 0.4881684 0.5 0.4504971 0.5 0.5 0.5 [4] 0.5 0.5 0.428799 0.5051252 0.5 0.4956594 0.5 0.5 0.5 [5] 0.5 0.4406065 0.3179423 0.5 0.3951948 0.4127106 0.5 0.5 0.5 [6] 0.5 0.4837367 0.4765714 0.4594858 0.5 0.5 0.5 0.5 0.5 [7] 0.5 0.5 0.4270239 0.5 0.5 0.4260754 0.5 0.5 0.5 [8] 0.5 0.5 0.5 0.3622782 0.5 0.5 0.5 0.5 0.5 [9] 0.5 0.4442184 0.5439327 0.4888296 0.5 0.5 0.5 0.5 0.5 
[2] [0] 0.5 0.4973066 0.5053198 0.4945732 0.4778769 0.4763795 0.5 0.5 0.5 [1] 0.5 0.5182576 0.4796595 0.5 0.5 0.5 0.5 0.5 0.5 [2] 0.5 0.4096009 0.3773551 0.5 0.5 0.5 0.5 0.5 0.5 [3] 0.5 0.5 0.4583014 0.4871816 0.5 0.4780895 0.5 0.5 0.5 [4] 0.5 0.5 0.440346 0.5092117 0.5 0.5184889 0.5 0.5 0.5 [5] 0.5 0.4490393 0.3439616 0.5 0.4088641 0.4098719 0.5 0.5 0.5 [6] 0.5 0.4931923 0.4799256 0.4737875 0.5 0.5 0.5 0.5 0.5 [7] 0.5 0.5 0.4611291 0.5 0.5 0.4526648 0.5 0.5 0.5 [8] 0.5 0.5 0.5 0.3518421 0.5 0.5 0.5 0.5 0.5 [9] 0.5 0.4663075 0.5228913 0.4900256 0.5 0.5 0.5 0.5 0.5 
[3] [0] 0.5 0.4898627 0.4959097 0.4817837 0.4870334 0.4895798 0.5 0.5 0.5 [1] 0.5 0.4815897 0.4616047 0.5 0.5 0.5 0.5 0.5 0.5 [2] 0.5 0.4298483 0.3841598 0.5 0.5 0.5 0.5 0.5 0.5 [3] 0.5 0.5 0.4484695 0.4934553 0.5 0.4616838 0.5 0.5 0.5 [4] 0.5 0.5 0.4389702 0.478957 0.5 0.5031604 0.5 0.5 0.5 [5] 0.5 0.4337584 0.3313928 0.5 0.431008 0.4196258 0.5 0.5 0.5 [6] 0.5 0.4810147 0.4941834 0.4627264 0.5 0.5 0.5 0.5 0.5 [7] 0.5 0.5 0.4126692 0.5 0.5 0.4676875 0.5 0.5 0.5 [8] 0.5 0.5 0.5 0.3748841 0.5 0.5 0.5 0.5 0.5 [9] 0.5 0.4465798 0.5058103 0.4636714 0.5 0.5 0.5 0.5 0.5 
[4] [0] 0.5 0.5008956 0.4812993 0.4718572 0.5037572 0.4630076 0.5 0.5 0.5 [1] 0.5 0.5204395 0.451895 0.5 0.5 0.5 0.5 0.5 0.5 [2] 0.5 0.4022718 0.3423063 0.5 0.5 0.5 0.5 0.5 0.5 [3] 0.5 0.5 0.4416179 0.4828751 0.5 0.4712479 0.5 0.5 0.5 [4] 0.5 0.5 0.4198344 0.5139561 0.5 0.5107158 0.5 0.5 0.5 [5] 0.5 0.3951423 0.3184665 0.5 0.3908773 0.3582282 0.5 0.5 0.5 [6] 0.5 0.4719765 0.471624 0.4447033 0.5 0.5 0.5 0.5 0.5 [7] 0.5 0.5 0.4198313 0.5 0.5 0.4150767 0.5 0.5 0.5 [8] 0.5 0.5 0.5 0.3656837 0.5 0.5 0.5 0.5 0.5 [9] 0.5 0.4639233 0.5025784 0.4823697 0.5 0.5 0.5 0.5 0.5 
[5] [0] 0.5 0.4997465 0.4936691 0.4884274 0.4848303 0.5 0.5 0.5 0.5 [1] 0.5 0.4789304 0.4709817 0.5 0.5 0.5 0.5 0.5 0.5 [2] 0.5 0.4550629 0.4319466 0.5 0.5 0.5 0.5 0.5 0.5 [3] 0.5 0.5 0.4862944 0.4698495 0.5 0.4870568 0.5 0.5 0.5 [4] 0.5 0.5 0.4518833 0.471545 0.5 0.5046743 0.5 0.5 0.5 [5] 0.5 0.4901232 0.4197553 0.5 0.4263254 0.4740988 0.5 0.5 0.5 [6] 0.5 0.499006 0.5000005 0.4925026 0.5 0.5 0.5 0.5 0.5 [7] 0.5 0.5 0.4691118 0.5 0.5 0.4851658 0.5 0.5 0.5 [8] 0.5 0.5 0.5 0.4357682 0.5 0.5 0.5 0.5 0.5 [9] 0.5 0.4783883 0.5 0.4965508 0.5 0.5 0.5 0.5 0.5 
[6] [0] 0.5 0.5 0.5 0.5 0.5 0.5 0.5 0.5 0.5 [1] 0.5 0.5 0.5 0.5 0.5 0.5 0.5 0.5 0.5 [2] 0.5 0.5 0.5 0.5 0.5 0.5 0.5 0.5 0.5 [3] 0.5 0.5 0.5 0.5 0.5 0.5 0.5 0.5 0.5 [4] 0.5 0.5 0.5 0.5 0.5 0.5 0.5 0.5 0.5 [5] 0.5 0.5 0.5 0.5 0.5 0.5 0.5 0.5 0.5 [6] 0.5 0.5 0.5 0.5 0.5 0.5 0.5 0.5 0.5 [7] 0.5 0.5 0.5 0.5 0.5 0.5 0.5 0.5 0.5 [8] 0.5 0.5 0.5 0.5 0.5 0.5 0.5 0.5 0.5 [9] 0.5 0.5 0.5 0.5 0.5 0.5 0.5 0.5 0.5 
[7] [0] 0.5 0.5 0.5 0.5 0.5 0.5 0.5 0.5 0.5 [1] 0.5 0.5 0.5 0.5 0.5 0.5 0.5 0.5 0.5 [2] 0.5 0.5 0.5 0.5 0.5 0.5 0.5 0.5 0.5 [3] 0.5 0.5 0.5 0.5 0.5 0.5 0.5 0.5 0.5 [4] 0.5 0.5 0.5 0.5 0.5 0.5 0.5 0.5 0.5 [5] 0.5 0.5 0.5 0.5 0.5 0.5 0.5 0.5 0.5 [6] 0.5 0.5 0.5 0.5 0.5 0.5 0.5 0.5 0.5 [7] 0.5 0.5 0.5 0.5 0.5 0.5 0.5 0.5 0.5 [8] 0.5 0.5 0.5 0.5 0.5 0.5 0.5 0.5 0.5 [9] 0.5 0.5 0.5 0.5 0.5 0.5 0.5 0.5 0.5 
[8] [0] 0.5 0.5 0.5 0.5 0.5 0.5 0.5 0.5 0.5 [1] 0.5 0.5 0.5 0.5 0.5 0.5 0.5 0.5 0.5 [2] 0.5 0.5 0.5 0.5 0.5 0.5 0.5 0.5 0.5 [3] 0.5 0.5 0.5 0.5 0.5 0.5 0.5 0.5 0.5 [4] 0.5 0.5 0.5 0.5 0.5 0.5 0.5 0.5 0.5 [5] 0.5 0.5 0.5 0.5 0.5 0.5 0.5 0.5 0.5 [6] 0.5 0.5 0.5 0.5 0.5 0.5 0.5 0.5 0.5 [7] 0.5 0.5 0.5 0.5 0.5 0.5 0.5 0.5 0.5 [8] 0.5 0.5 0.5 0.5 0.5 0.5 0.5 0.5 0.5 [9] 0.5 0.5 0.5 0.5 0.5 0.5 0.5 0.5 0.5 
[1] 
[0] [0] 0.5 0.5 0.5 0.5 0.5 0.5 0.5 0.5 0.5 [1] 0.5 0.5 0.5 0.5 0.5 0.5 0.5 0.5 0.5 [2] 0.5 0.5 0.5 0.5 0.5 0.5 0.5 0.5 0.5 [3] 0.5 0.5 0.5 0.5 0.5 0.5 0.5 0.5 0.5 [4] 0.5 0.5 0.5 0.5 0.5 0.5 0.5 0.5 0.5 [5] 0.5 0.5 0.5 0.5 0.5 0.5 0.5 0.5 0.5 [6] 0.5 0.5 0.5 0.5 0.5 0.5 0.5 0.5 0.5 [7] 0.5 0.5 0.5 0.5 0.5 0.5 0.5 0.5 0.5 [8] 0.5 0.5 0.5 0.5 0.5 0.5 0.5 0.5 0.5 [9] 0.5 0.5 0.5 0.5 0.5 0.5 0.5 0.5 0.5 
[1] [0] 0.5 0.4908637 0.4797087 0.4563699 0.4463801 0.4718038 0.5 0.5 0.5 [1] 0.5 0.4695761 0.4605721 0.5 0.5 0.5 0.5 0.5 0.5 [2] 0.5 0.4172309 0.3964858 0.5 0.5 0.5 0.5 0.5 0.5 [3] 0.5 0.5 0.447534 0.4623285 0.5 0.4633603 0.5 0.5 0.5 [4] 0.5 0.5 0.443773 0.4775942 0.5 0.4863194 0.5 0.5 0.5 [5] 0.5 0.4503574 0.3365277 0.5 0.4535115 0.4462636 0.5 0.5 0.5 [6] 0.5 0.4796407 0.4903418 0.4586312 0.5 0.5 0.5 0.5 0.5 [7] 0.5 0.5 0.4502186 0.5 0.5 0.4820012 0.5 0.5 0.5 [8] 0.5 0.5 0.5 0.3892111 0.5 0.5 0.5 0.5 0.5 [9] 0.5 0.4620287 0.4907455 0.4720001 0.5 0.5 0.5 0.5 0.5 
[2] [0] 0.5 0.5038115 0.5000433 0.4722666 0.4700021 0.4995667 0.5 0.5 0.5 [1] 0.5 0.4797224 0.5 0.5 0.5 0.5 0.5 0.5 0.5 [2] 0.5 0.4545961 0.4239469 0.5 0.5 0.5 0.5 0.5 0.5 [3] 0.5 0.5 0.4783669 0.4754405 0.5 0.4852283 0.5 0.5 0.5 [4] 0.5 0.5 0.4239001 0.465293 0.5 0.5049639 0.5 0.5 0.5 [5] 0.5 0.4667325 0.4227604 0.5 0.445568 0.4771961 0.5 0.5 0.5 [6] 0.5 0.4941357 0.4980027 0.4798005 0.5 0.5 0.5 0.5 0.5 [7] 0.5 0.5 0.4983836 0.5 0.5 0.4783241 0.5 0.5 0.5 [8] 0.5 0.5 0.5 0.4559942 0.5 0.5 0.5 0.5 0.5 [9] 0.5 0.4878769 0.5019956 0.4892218 0.5 0.5 0.5 0.5 0.5 
[3] [0] 0.5 0.5 0.5 0.5 0.5 0.5 0.5 0.5 0.5 [1] 0.5 0.5 0.5 0.5 0.5 0.5 0.5 0.5 0.5 [2] 0.5 0.5 0.5 0.5 0.5 0.5 0.5 0.5 0.5 [3] 0.5 0.5 0.5 0.5 0.5 0.5 0.5 0.5 0.5 [4] 0.5 0.5 0.5 0.5 0.5 0.5 0.5 0.5 0.5 [5] 0.5 0.5 0.5 0.5 0.5 0.5 0.5 0.5 0.5 [6] 0.5 0.5 0.5 0.5 0.5 0.5 0.5 0.5 0.5 [7] 0.5 0.5 0.5 0.5 0.5 0.5 0.5 0.5 0.5 [8] 0.5 0.5 0.5 0.5 0.5 0.5 0.5 0.5 0.5 [9] 0.5 0.5 0.5 0.5 0.5 0.5 0.5 0.5 0.5 
[4] [0] 0.5 0.5 0.5 0.5 0.5 0.5 0.5 0.5 0.5 [1] 0.5 0.5 0.5 0.5 0.5 0.5 0.5 0.5 0.5 [2] 0.5 0.5 0.5 0.5 0.5 0.5 0.5 0.5 0.5 [3] 0.5 0.5 0.5 0.5 0.5 0.5 0.5 0.5 0.5 [4] 0.5 0.5 0.5 0.5 0.5 0.5 0.5 0.5 0.5 [5] 0.5 0.5 0.5 0.5 0.5 0.5 0.5 0.5 0.5 [6] 0.5 0.5 0.5 0.5 0.5 0.5 0.5 0.5 0.5 [7] 0.5 0.5 0.5 0.5 0.5 0.5 0.5 0.5 0.5 [8] 0.5 0.5 0.5 0.5 0.5 0.5 0.5 0.5 0.5 [9] 0.5 0.5 0.5 0.5 0.5 0.5 0.5 0.5 0.5 
[5] [0] 0.5 0.5 0.5 0.5 0.5 0.5 0.5 0.5 0.5 [1] 0.5 0.5 0.5 0.5 0.5 0.5 0.5 0.5 0.5 [2] 0.5 0.5 0.5 0.5 0.5 0.5 0.5 0.5 0.5 [3] 0.5 0.5 0.5 0.5 0.5 0.5 0.5 0.5 0.5 [4] 0.5 0.5 0.5 0.5 0.5 0.5 0.5 0.5 0.5 [5] 0.5 0.5 0.5 0.5 0.5 0.5 0.5 0.5 0.5 [6] 0.5 0.5 0.5 0.5 0.5 0.5 0.5 0.5 0.5 [7] 0.5 0.5 0.5 0.5 0.5 0.5 0.5 0.5 0.5 [8] 0.5 0.5 0.5 0.5 0.5 0.5 0.5 0.5 0.5 [9] 0.5 0.5 0.5 0.5 0.5 0.5 0.5 0.5 0.5 
[6] [0] 0.5 0.5 0.5 0.5 0.5 0.5 0.5 0.5 0.5 [1] 0.5 0.5 0.5 0.5 0.5 0.5 0.5 0.5 0.5 [2] 0.5 0.5 0.5 0.5 0.5 0.5 0.5 0.5 0.5 [3] 0.5 0.5 0.5 0.5 0.5 0.5 0.5 0.5 0.5 [4] 0.5 0.5 0.5 0.5 0.5 0.5 0.5 0.5 0.5 [5] 0.5 0.5 0.5 0.5 0.5 0.5 0.5 0.5 0.5 [6] 0.5 0.5 0.5 0.5 0.5 0.5 0.5 0.5 0.5 [7] 0.5 0.5 0.5 0.5 0.5 0.5 0.5 0.5 0.5 [8] 0.5 0.5 0.5 0.5 0.5 0.5 0.5 0.5 0.5 [9] 0.5 0.5 0.5 0.5 0.5 0.5 0.5 0.5 0.5 
[7] [0] 0.5 0.5 0.5 0.5 0.5 0.5 0.5 0.5 0.5 [1] 0.5 0.5 0.5 0.5 0.5 0.5 0.5 0.5 0.5 [2] 0.5 0.5 0.5 0.5 0.5 0.5 0.5 0.5 0.5 [3] 0.5 0.5 0.5 0.5 0.5 0.5 0.5 0.5 0.5 [4] 0.5 0.5 0.5 0.5 0.5 0.5 0.5 0.5 0.5 [5] 0.5 0.5 0.5 0.5 0.5 0.5 0.5 0.5 0.5 [6] 0.5 0.5 0.5 0.5 0.5 0.5 0.5 0.5 0.5 [7] 0.5 0.5 0.5 0.5 0.5 0.5 0.5 0.5 0.5 [8] 0.5 0.5 0.5 0.5 0.5 0.5 0.5 0.5 0.5 [9] 0.5 0.5 0.5 0.5 0.5 0.5 0.5 0.5 0.5 
[8] [0] 0.5 0.5 0.5 0.5 0.5 0.5 0.5 0.5 0.5 [1] 0.5 0.5 0.5 0.5 0.5 0.5 0.5 0.5 0.5 [2] 0.5 0.5 0.5 0.5 0.5 0.5 0.5 0.5 0.5 [3] 0.5 0.5 0.5 0.5 0.5 0.5 0.5 0.5 0.5 [4] 0.5 0.5 0.5 0.5 0.5 0.5 0.5 0.5 0.5 [5] 0.5 0.5 0.5 0.5 0.5 0.5 0.5 0.5 0.5 [6] 0.5 0.5 0.5 0.5 0.5 0.5 0.5 0.5 0.5 [7] 0.5 0.5 0.5 0.5 0.5 0.5 0.5 0.5 0.5 [8] 0.5 0.5 0.5 0.5 0.5 0.5 0.5 0.5 0.5 [9] 0.5 0.5 0.5 0.5 0.5 0.5 0.5 0.5 0.5 
[2] 
[0] [0] 0.5 0.5 0.5 0.5 0.5 0.5 0.5 0.5 0.5 [1] 0.5 0.5 0.5 0.5 0.5 0.5 0.5 0.5 0.5 [2] 0.5 0.5 0.5 0.5 0.5 0.5 0.5 0.5 0.5 [3] 0.5 0.5 0.5 0.5 0.5 0.5 0.5 0.5 0.5 [4] 0.5 0.5 0.5 0.5 0.5 0.5 0.5 0.5 0.5 [5] 0.5 0.5 0.5 0.5 0.5 0.5 0.5 0.5 0.5 [6] 0.5 0.5 0.5 0.5 0.5 0.5 0.5 0.5 0.5 [7] 0.5 0.5 0.5 0.5 0.5 0.5 0.5 0.5 0.5 [8] 0.5 0.5 0.5 0.5 0.5 0.5 0.5 0.5 0.5 [9] 0.5 0.5 0.5 0.5 0.5 0.5 0.5 0.5 0.5 
[1] [0] 0.5 0.4591024 0.4676932 0.4739734 0.4402281 0.4719806 0.5 0.5 0.5 [1] 0.5 0.4770418 0.4921195 0.5 0.5 0.5 0.5 0.5 0.5 [2] 0.5 0.4656609 0.4122787 0.5 0.5 0.5 0.5 0.5 0.5 [3] 0.5 0.5 0.4875588 0.4510992 0.5 0.4918916 0.5 0.5 0.5 [4] 0.5 0.5 0.4647453 0.4457149 0.5 0.4919042 0.5 0.5 0.5 [5] 0.5 0.4799059 0.4385127 0.5 0.4202536 0.4739973 0.5 0.5 0.5 [6] 0.5 0.4970477 0.4995006 0.4607458 0.5 0.5 0.5 0.5 0.5 [7] 0.5 0.5 0.4834707 0.5 0.5 0.4905955 0.5 0.5 0.5 [8] 0.5 0.5 0.5 0.4919989 0.5 0.5 0.5 0.5 0.5 [9] 0.5 0.4880601 0.5000065 0.5072673 0.5 0.5 0.5 0.5 0.5 
[2] [0] 0.5 0.4222276 0.4737952 0.4560808 0.4224487 0.4628294 0.5 0.5 0.5 [1] 0.5 0.4445893 0.4632854 0.5 0.5 0.5 0.5 0.5 0.5 [2] 0.5 0.4316902 0.42465 0.5 0.5 0.5 0.5 0.5 0.5 [3] 0.5 0.5 0.457211 0.4435769 0.5 0.4893995 0.5 0.5 0.5 [4] 0.5 0.5 0.4556972 0.41975 0.5 0.4723253 0.5 0.5 0.5 [5] 0.5 0.4815976 0.4383981 0.5 0.4192054 0.4586754 0.5 0.5 0.5 [6] 0.5 0.4960045 0.4965482 0.4256732 0.5 0.5 0.5 0.5 0.5 [7] 0.5 0.5 0.4693083 0.5 0.5 0.4957748 0.5 0.5 0.5 [8] 0.5 0.5 0.5 0.4794602 0.5 0.5 0.5 0.5 0.5 [9] 0.5 0.4584022 0.5010015 0.4939531 0.5 0.5 0.5 0.5 0.5 
[3] [0] 0.5 0.5 0.5 0.5 0.5 0.5 0.5 0.5 0.5 [1] 0.5 0.5 0.5 0.5 0.5 0.5 0.5 0.5 0.5 [2] 0.5 0.5 0.5 0.5 0.5 0.5 0.5 0.5 0.5 [3] 0.5 0.5 0.5 0.5 0.5 0.5 0.5 0.5 0.5 [4] 0.5 0.5 0.5 0.5 0.5 0.5 0.5 0.5 0.5 [5] 0.5 0.5 0.5 0.5 0.5 0.5 0.5 0.5 0.5 [6] 0.5 0.5 0.5 0.5 0.5 0.5 0.5 0.5 0.5 [7] 0.5 0.5 0.5 0.5 0.5 0.5 0.5 0.5 0.5 [8] 0.5 0.5 0.5 0.5 0.5 0.5 0.5 0.5 0.5 [9] 0.5 0.5 0.5 0.5 0.5 0.5 0.5 0.5 0.5 
[4] [0] 0.5 0.5 0.5 0.5 0.5 0.5 0.5 0.5 0.5 [1] 0.5 0.5 0.5 0.5 0.5 0.5 0.5 0.5 0.5 [2] 0.5 0.5 0.5 0.5 0.5 0.5 0.5 0.5 0.5 [3] 0.5 0.5 0.5 0.5 0.5 0.5 0.5 0.5 0.5 [4] 0.5 0.5 0.5 0.5 0.5 0.5 0.5 0.5 0.5 [5] 0.5 0.5 0.5 0.5 0.5 0.5 0.5 0.5 0.5 [6] 0.5 0.5 0.5 0.5 0.5 0.5 0.5 0.5 0.5 [7] 0.5 0.5 0.5 0.5 0.5 0.5 0.5 0.5 0.5 [8] 0.5 0.5 0.5 0.5 0.5 0.5 0.5 0.5 0.5 [9] 0.5 0.5 0.5 0.5 0.5 0.5 0.5 0.5 0.5 
[5] [0] 0.5 0.5 0.5 0.5 0.5 0.5 0.5 0.5 0.5 [1] 0.5 0.5 0.5 0.5 0.5 0.5 0.5 0.5 0.5 [2] 0.5 0.5 0.5 0.5 0.5 0.5 0.5 0.5 0.5 [3] 0.5 0.5 0.5 0.5 0.5 0.5 0.5 0.5 0.5 [4] 0.5 0.5 0.5 0.5 0.5 0.5 0.5 0.5 0.5 [5] 0.5 0.5 0.5 0.5 0.5 0.5 0.5 0.5 0.5 [6] 0.5 0.5 0.5 0.5 0.5 0.5 0.5 0.5 0.5 [7] 0.5 0.5 0.5 0.5 0.5 0.5 0.5 0.5 0.5 [8] 0.5 0.5 0.5 0.5 0.5 0.5 0.5 0.5 0.5 [9] 0.5 0.5 0.5 0.5 0.5 0.5 0.5 0.5 0.5 
[6] [0] 0.5 0.5 0.5 0.5 0.5 0.5 0.5 0.5 0.5 [1] 0.5 0.5 0.5 0.5 0.5 0.5 0.5 0.5 0.5 [2] 0.5 0.5 0.5 0.5 0.5 0.5 0.5 0.5 0.5 [3] 0.5 0.5 0.5 0.5 0.5 0.5 0.5 0.5 0.5 [4] 0.5 0.5 0.5 0.5 0.5 0.5 0.5 0.5 0.5 [5] 0.5 0.5 0.5 0.5 0.5 0.5 0.5 0.5 0.5 [6] 0.5 0.5 0.5 0.5 0.5 0.5 0.5 0.5 0.5 [7] 0.5 0.5 0.5 0.5 0.5 0.5 0.5 0.5 0.5 [8] 0.5 0.5 0.5 0.5 0.5 0.5 0.5 0.5 0.5 [9] 0.5 0.5 0.5 0.5 0.5 0.5 0.5 0.5 0.5 
[7] [0] 0.5 0.5 0.5 0.5 0.5 0.5 0.5 0.5 0.5 [1] 0.5 0.5 0.5 0.5 0.5 0.5 0.5 0.5 0.5 [2] 0.5 0.5 0.5 0.5 0.5 0.5 0.5 0.5 0.5 [3] 0.5 0.5 0.5 0.5 0.5 0.5 0.5 0.5 0.5 [4] 0.5 0.5 0.5 0.5 0.5 0.5 0.5 0.5 0.5 [5] 0.5 0.5 0.5 0.5 0.5 0.5 0.5 0.5 0.5 [6] 0.5 0.5 0.5 0.5 0.5 0.5 0.5 0.5 0.5 [7] 0.5 0.5 0.5 0.5 0.5 0.5 0.5 0.5 0.5 [8] 0.5 0.5 0.5 0.5 0.5 0.5 0.5 0.5 0.5 [9] 0.5 0.5 0.5 0.5 0.5 0.5 0.5 0.5 0.5 
[8] [0] 0.5 0.5 0.5 0.5 0.5 0.5 0.5 0.5 0.5 [1] 0.5 0.5 0.5 0.5 0.5 0.5 0.5 0.5 0.5 [2] 0.5 0.5 0.5 0.5 0.5 0.5 0.5 0.5 0.5 [3] 0.5 0.5 0.5 0.5 0.5 0.5 0.5 0.5 0.5 [4] 0.5 0.5 0.5 0.5 0.5 0.5 0.5 0.5 0.5 [5] 0.5 0.5 0.5 0.5 0.5 0.5 0.5 0.5 0.5 [6] 0.5 0.5 0.5 0.5 0.5 0.5 0.5 0.5 0.5 [7] 0.5 0.5 0.5 0.5 0.5 0.5 0.5 0.5 0.5 [8] 0.5 0.5 0.5 0.5 0.5 0.5 0.5 0.5 0.5 [9] 0.5 0.5 0.5 0.5 0.5 0.5 0.5 0.5 0.5 
[3] 
[0] [0] 0.5 0.5 0.5 0.5 0.5 0.5 0.5 0.5 0.5 [1] 0.5 0.5 0.5 0.5 0.5 0.5 0.5 0.5 0.5 [2] 0.5 0.5 0.5 0.5 0.5 0.5 0.5 0.5 0.5 [3] 0.5 0.5 0.5 0.5 0.5 0.5 0.5 0.5 0.5 [4] 0.5 0.5 0.5 0.5 0.5 0.5 0.5 0.5 0.5 [5] 0.5 0.5 0.5 0.5 0.5 0.5 0.5 0.5 0.5 [6] 0.5 0.5 0.5 0.5 0.5 0.5 0.5 0.5 0.5 [7] 0.5 0.5 0.5 0.5 0.5 0.5 0.5 0.5 0.5 [8] 0.5 0.5 0.5 0.5 0.5 0.5 0.5 0.5 0.5 [9] 0.5 0.5 0.5 0.5 0.5 0.5 0.5 0.5 0.5 
[1] [0] 0.5 0.5 0.5 0.5 0.5 0.5 0.5 0.5 0.5 [1] 0.5 0.5 0.5 0.5 0.5 0.5 0.5 0.5 0.5 [2] 0.5 0.5 0.5 0.5 0.5 0.5 0.5 0.5 0.5 [3] 0.5 0.5 0.5 0.5 0.5 0.5 0.5 0.5 0.5 [4] 0.5 0.5 0.5 0.5 0.5 0.5 0.5 0.5 0.5 [5] 0.5 0.5 0.5 0.5 0.5 0.5 0.5 0.5 0.5 [6] 0.5 0.5 0.5 0.5 0.5 0.5 0.5 0.5 0.5 [7] 0.5 0.5 0.5 0.5 0.5 0.5 0.5 0.5 0.5 [8] 0.5 0.5 0.5 0.5 0.5 0.5 0.5 0.5 0.5 [9] 0.5 0.5 0.5 0.5 0.5 0.5 0.5 0.5 0.5 
[2] [0] 0.5 0.4502087 0.4695811 0.4847384 0.4654906 0.4762833 0.5 0.5 0.5 [1] 0.5 0.4628662 0.4473486 0.5 0.5 0.5 0.5 0.5 0.5 [2] 0.5 0.404894 0.399531 0.5 0.5 0.5 0.5 0.5 0.5 [3] 0.5 0.5 0.460805 0.4895592 0.5 0.479853 0.5 0.5 0.5 [4] 0.5 0.5 0.4625982 0.4738684 0.5 0.4982317 0.5 0.5 0.5 [5] 0.5 0.4464753 0.3486743 0.5 0.4507287 0.4233646 0.5 0.5 0.5 [6] 0.5 0.466835 0.4801658 0.4799926 0.5 0.5 0.5 0.5 0.5 [7] 0.5 0.5 0.4554291 0.5 0.5 0.4526978 0.5 0.5 0.5 [8] 0.5 0.5 0.5 0.4118298 0.5 0.5 0.5 0.5 0.5 [9] 0.5 0.4726772 0.5338954 0.4791909 0.5 0.5 0.5 0.5 0.5 
[3] [0] 0.5 0.488448 0.4806066 0.4664985 0.4992745 0.4737466 0.5 0.5 0.5 [1] 0.5 0.4906481 0.4614958 0.5 0.5 0.5 0.5 0.5 0.5 [2] 0.5 0.3850665 0.3242355 0.5 0.5 0.5 0.5 0.5 0.5 [3] 0.5 0.5 0.4372962 0.4851763 0.5 0.4555338 0.5 0.5 0.5 [4] 0.5 0.5 0.4365314 0.5082105 0.5 0.4997982 0.5 0.5 0.5 [5] 0.5 0.4697649 0.3253226 0.5 0.4122362 0.4414301 0.5 0.5 0.5 [6] 0.5 0.4693827 0.4888084 0.469222 0.5 0.5 0.5 0.5 0.5 [7] 0.5 0.5 0.4219106 0.5 0.5 0.4385889 0.5 0.5 0.5 [8] 0.5 0.5 0.5 0.3773588 0.5 0.5 0.5 0.5 0.5 [9] 0.5 0.4525702 0.5003916 0.4533716 0.5 0.5 0.5 0.5 0.5 
[4] [0] 0.5 0.5 0.5 0.5 0.5 0.5 0.5 0.5 0.5 [1] 0.5 0.5 0.5 0.5 0.5 0.5 0.5 0.5 0.5 [2] 0.5 0.5 0.5 0.5 0.5 0.5 0.5 0.5 0.5 [3] 0.5 0.5 0.5 0.5 0.5 0.5 0.5 0.5 0.5 [4] 0.5 0.5 0.5 0.5 0.5 0.5 0.5 0.5 0.5 [5] 0.5 0.5 0.5 0.5 0.5 0.5 0.5 0.5 0.5 [6] 0.5 0.5 0.5 0.5 0.5 0.5 0.5 0.5 0.5 [7] 0.5 0.5 0.5 0.5 0.5 0.5 0.5 0.5 0.5 [8] 0.5 0.5 0.5 0.5 0.5 0.5 0.5 0.5 0.5 [9] 0.5 0.5 0.5 0.5 0.5 0.5 0.5 0.5 0.5 
[5] [0] 0.5 0.4746714 0.4817685 0.479336 0.498973 0.4958442 0.5 0.5 0.5 [1] 0.5 0.4868076 0.4931767 0.5 0.5 0.5 0.5 0.5 0.5 [2] 0.5 0.470798 0.4531478 0.5 0.5 0.5 0.5 0.5 0.5 [3] 0.5 0.5 0.4554754 0.4778065 0.5 0.5 0.5 0.5 0.5 [4] 0.5 0.5 0.4668843 0.4714184 0.5 0.5049796 0.5 0.5 0.5 [5] 0.5 0.4882742 0.4549036 0.5 0.438627 0.5 0.5 0.5 0.5 [6] 0.5 0.5 0.5 0.4655842 0.5 0.5 0.5 0.5 0.5 [7] 0.5 0.5 0.4974998 0.5 0.5 0.4832002 0.5 0.5 0.5 [8] 0.5 0.5 0.5 0.4548524 0.5 0.5 0.5 0.5 0.5 [9] 0.5 0.4829292 0.5 0.4588312 0.5 0.5 0.5 0.5 0.5 
[6] [0] 0.5 0.5 0.5 0.5 0.5 0.5 0.5 0.5 0.5 [1] 0.5 0.5 0.5 0.5 0.5 0.5 0.5 0.5 0.5 [2] 0.5 0.5 0.5 0.5 0.5 0.5 0.5 0.5 0.5 [3] 0.5 0.5 0.5 0.5 0.5 0.5 0.5 0.5 0.5 [4] 0.5 0.5 0.5 0.5 0.5 0.5 0.5 0.5 0.5 [5] 0.5 0.5 0.5 0.5 0.5 0.5 0.5 0.5 0.5 [6] 0.5 0.5 0.5 0.5 0.5 0.5 0.5 0.5 0.5 [7] 0.5 0.5 0.5 0.5 0.5 0.5 0.5 0.5 0.5 [8] 0.5 0.5 0.5 0.5 0.5 0.5 0.5 0.5 0.5 [9] 0.5 0.5 0.5 0.5 0.5 0.5 0.5 0.5 0.5 
[7] [0] 0.5 0.5 0.5 0.5 0.5 0.5 0.5 0.5 0.5 [1] 0.5 0.5 0.5 0.5 0.5 0.5 0.5 0.5 0.5 [2] 0.5 0.5 0.5 0.5 0.5 0.5 0.5 0.5 0.5 [3] 0.5 0.5 0.5 0.5 0.5 0.5 0.5 0.5 0.5 [4] 0.5 0.5 0.5 0.5 0.5 0.5 0.5 0.5 0.5 [5] 0.5 0.5 0.5 0.5 0.5 0.5 0.5 0.5 0.5 [6] 0.5 0.5 0.5 0.5 0.5 0.5 0.5 0.5 0.5 [7] 0.5 0.5 0.5 0.5 0.5 0.5 0.5 0.5 0.5 [8] 0.5 0.5 0.5 0.5 0.5 0.5 0.5 0.5 0.5 [9] 0.5 0.5 0.5 0.5 0.5 0.5 0.5 0.5 0.5 
[8] [0] 0.5 0.5 0.5 0.5 0.5 0.5 0.5 0.5 0.5 [1] 0.5 0.5 0.5 0.5 0.5 0.5 0.5 0.5 0.5 [2] 0.5 0.5 0.5 0.5 0.5 0.5 0.5 0.5 0.5 [3] 0.5 0.5 0.5 0.5 0.5 0.5 0.5 0.5 0.5 [4] 0.5 0.5 0.5 0.5 0.5 0.5 0.5 0.5 0.5 [5] 0.5 0.5 0.5 0.5 0.5 0.5 0.5 0.5 0.5 [6] 0.5 0.5 0.5 0.5 0.5 0.5 0.5 0.5 0.5 [7] 0.5 0.5 0.5 0.5 0.5 0.5 0.5 0.5 0.5 [8] 0.5 0.5 0.5 0.5 0.5 0.5 0.5 0.5 0.5 [9] 0.5 0.5 0.5 0.5 0.5 0.5 0.5 0.5 0.5 
[4] 
[0] [0] 0.5 0.5 0.5 0.5 0.5 0.5 0.5 0.5 0.5 [1] 0.5 0.5 0.5 0.5 0.5 0.5 0.5 0.5 0.5 [2] 0.5 0.5 0.5 0.5 0.5 0.5 0.5 0.5 0.5 [3] 0.5 0.5 0.5 0.5 0.5 0.5 0.5 0.5 0.5 [4] 0.5 0.5 0.5 0.5 0.5 0.5 0.5 0.5 0.5 [5] 0.5 0.5 0.5 0.5 0.5 0.5 0.5 0.5 0.5 [6] 0.5 0.5 0.5 0.5 0.5 0.5 0.5 0.5 0.5 [7] 0.5 0.5 0.5 0.5 0.5 0.5 0.5 0.5 0.5 [8] 0.5 0.5 0.5 0.5 0.5 0.5 0.5 0.5 0.5 [9] 0.5 0.5 0.5 0.5 0.5 0.5 0.5 0.5 0.5 
[1] [0] 0.5 0.5 0.5 0.5 0.5 0.5 0.5 0.5 0.5 [1] 0.5 0.5 0.5 0.5 0.5 0.5 0.5 0.5 0.5 [2] 0.5 0.5 0.5 0.5 0.5 0.5 0.5 0.5 0.5 [3] 0.5 0.5 0.5 0.5 0.5 0.5 0.5 0.5 0.5 [4] 0.5 0.5 0.5 0.5 0.5 0.5 0.5 0.5 0.5 [5] 0.5 0.5 0.5 0.5 0.5 0.5 0.5 0.5 0.5 [6] 0.5 0.5 0.5 0.5 0.5 0.5 0.5 0.5 0.5 [7] 0.5 0.5 0.5 0.5 0.5 0.5 0.5 0.5 0.5 [8] 0.5 0.5 0.5 0.5 0.5 0.5 0.5 0.5 0.5 [9] 0.5 0.5 0.5 0.5 0.5 0.5 0.5 0.5 0.5 
[2] [0] 0.5 0.4656687 0.4830839 0.4845924 0.4732742 0.4846204 0.5 0.5 0.5 [1] 0.5 0.4622088 0.4427801 0.5 0.5 0.5 0.5 0.5 0.5 [2] 0.5 0.4486165 0.4175882 0.5 0.5 0.5 0.5 0.5 0.5 [3] 0.5 0.5 0.4450364 0.4507813 0.5 0.4763254 0.5 0.5 0.5 [4] 0.5 0.5 0.4735888 0.4568705 0.5 0.4686445 0.5 0.5 0.5 [5] 0.5 0.4697109 0.4049082 0.5 0.4491507 0.4509833 0.5 0.5 0.5 [6] 0.5 0.4942589 0.4916492 0.4710271 0.5 0.5 0.5 0.5 0.5 [7] 0.5 0.5 0.4685875 0.5 0.5 0.4757469 0.5 0.5 0.5 [8] 0.5 0.5 0.5 0.4612609 0.5 0.5 0.5 0.5 0.5 [9] 0.5 0.483198 0.4995104 0.4788269 0.5 0.5 0.5 0.5 0.5 
[3] [0] 0.5 0.4954144 0.4782246 0.4584948 0.4926067 0.4732673 0.5 0.5 0.5 [1] 0.5 0.4880011 0.456074 0.5 0.5 0.5 0.5 0.5 0.5 [2] 0.5 0.4020618 0.3418762 0.5 0.5 0.5 0.5 0.5 0.5 [3] 0.5 0.5 0.422602 0.4621671 0.5 0.4422973 0.5 0.5 0.5 [4] 0.5 0.5 0.4542384 0.5075278 0.5 0.5105478 0.5 0.5 0.5 [5] 0.5 0.4452001 0.2985782 0.5 0.4123589 0.4293385 0.5 0.5 0.5 [6] 0.5 0.4717195 0.4840548 0.4624229 0.5 0.5 0.5 0.5 0.5 [7] 0.5 0.5 0.4328981 0.5 0.5 0.4401053 0.5 0.5 0.5 [8] 0.5 0.5 0.5 0.3801393 0.5 0.5 0.5 0.5 0.5 [9] 0.5 0.469742 0.4988216 0.4797013 0.5 0.5 0.5 0.5 0.5 
[4] [0] 0.5 0.5 0.5 0.5 0.5 0.5 0.5 0.5 0.5 [1] 0.5 0.5 0.5 0.5 0.5 0.5 0.5 0.5 0.5 [2] 0.5 0.5 0.5 0.5 0.5 0.5 0.5 0.5 0.5 [3] 0.5 0.5 0.5 0.5 0.5 0.5 0.5 0.5 0.5 [4] 0.5 0.5 0.5 0.5 0.5 0.5 0.5 0.5 0.5 [5] 0.5 0.5 0.5 0.5 0.5 0.5 0.5 0.5 0.5 [6] 0.5 0.5 0.5 0.5 0.5 0.5 0.5 0.5 0.5 [7] 0.5 0.5 0.5 0.5 0.5 0.5 0.5 0.5 0.5 [8] 0.5 0.5 0.5 0.5 0.5 0.5 0.5 0.5 0.5 [9] 0.5 0.5 0.5 0.5 0.5 0.5 0.5 0.5 0.5 
[5] [0] 0.5 0.4979738 0.5137786 0.4985865 0.5278394 0.4825236 0.5 0.5 0.5 [1] 0.5 0.5245534 0.4703993 0.5 0.5 0.5 0.5 0.5 0.5 [2] 0.5 0.4355112 0.4227686 0.5 0.5 0.5 0.5 0.5 0.5 [3] 0.5 0.5 0.4267051 0.4413043 0.5 0.4779225 0.5 0.5 0.5 [4] 0.5 0.5 0.4497918 0.5078681 0.5 0.5 0.5 0.5 0.5 [5] 0.5 0.4757042 0.3878509 0.5 0.4071214 0.5 0.5 0.5 0.5 [6] 0.5 0.5 0.5 0.456058 0.5 0.5 0.5 0.5 0.5 [7] 0.5 0.5 0.4785927 0.5 0.5 0.4628101 0.5 0.5 0.5 [8] 0.5 0.5 0.5 0.4210102 0.5 0.5 0.5 0.5 0.5 [9] 0.5 0.4644342 0.5 0.5154039 0.5 0.5 0.5 0.5 0.5 
[6] [0] 0.5 0.5 0.5 0.5 0.5 0.5 0.5 0.5 0.5 [1] 0.5 0.5 0.5 0.5 0.5 0.5 0.5 0.5 0.5 [2] 0.5 0.5 0.5 0.5 0.5 0.5 0.5 0.5 0.5 [3] 0.5 0.5 0.5 0.5 0.5 0.5 0.5 0.5 0.5 [4] 0.5 0.5 0.5 0.5 0.5 0.5 0.5 0.5 0.5 [5] 0.5 0.5 0.5 0.5 0.5 0.5 0.5 0.5 0.5 [6] 0.5 0.5 0.5 0.5 0.5 0.5 0.5 0.5 0.5 [7] 0.5 0.5 0.5 0.5 0.5 0.5 0.5 0.5 0.5 [8] 0.5 0.5 0.5 0.5 0.5 0.5 0.5 0.5 0.5 [9] 0.5 0.5 0.5 0.5 0.5 0.5 0.5 0.5 0.5 
[7] [0] 0.5 0.5 0.5 0.5 0.5 0.5 0.5 0.5 0.5 [1] 0.5 0.5 0.5 0.5 0.5 0.5 0.5 0.5 0.5 [2] 0.5 0.5 0.5 0.5 0.5 0.5 0.5 0.5 0.5 [3] 0.5 0.5 0.5 0.5 0.5 0.5 0.5 0.5 0.5 [4] 0.5 0.5 0.5 0.5 0.5 0.5 0.5 0.5 0.5 [5] 0.5 0.5 0.5 0.5 0.5 0.5 0.5 0.5 0.5 [6] 0.5 0.5 0.5 0.5 0.5 0.5 0.5 0.5 0.5 [7] 0.5 0.5 0.5 0.5 0.5 0.5 0.5 0.5 0.5 [8] 0.5 0.5 0.5 0.5 0.5 0.5 0.5 0.5 0.5 [9] 0.5 0.5 0.5 0.5 0.5 0.5 0.5 0.5 0.5 
[8] [0] 0.5 0.5 0.5 0.5 0.5 0.5 0.5 0.5 0.5 [1] 0.5 0.5 0.5 0.5 0.5 0.5 0.5 0.5 0.5 [2] 0.5 0.5 0.5 0.5 0.5 0.5 0.5 0.5 0.5 [3] 0.5 0.5 0.5 0.5 0.5 0.5 0.5 0.5 0.5 [4] 0.5 0.5 0.5 0.5 0.5 0.5 0.5 0.5 0.5 [5] 0.5 0.5 0.5 0.5 0.5 0.5 0.5 0.5 0.5 [6] 0.5 0.5 0.5 0.5 0.5 0.5 0.5 0.5 0.5 [7] 0.5 0.5 0.5 0.5 0.5 0.5 0.5 0.5 0.5 [8] 0.5 0.5 0.5 0.5 0.5 0.5 0.5 0.5 0.5 [9] 0.5 0.5 0.5 0.5 0.5 0.5 0.5 0.5 0.5 
[5] 
[0] [0] 0.5 0.5 0.5 0.5 0.5 0.5 0.5 0.5 0.5 [1] 0.5 0.5 0.5 0.5 0.5 0.5 0.5 0.5 0.5 [2] 0.5 0.5 0.5 0.5 0.5 0.5 0.5 0.5 0.5 [3] 0.5 0.5 0.5 0.5 0.5 0.5 0.5 0.5 0.5 [4] 0.5 0.5 0.5 0.5 0.5 0.5 0.5 0.5 0.5 [5] 0.5 0.5 0.5 0.5 0.5 0.5 0.5 0.5 0.5 [6] 0.5 0.5 0.5 0.5 0.5 0.5 0.5 0.5 0.5 [7] 0.5 0.5 0.5 0.5 0.5 0.5 0.5 0.5 0.5 [8] 0.5 0.5 0.5 0.5 0.5 0.5 0.5 0.5 0.5 [9] 0.5 0.5 0.5 0.5 0.5 0.5 0.5 0.5 0.5 
[1] [0] 0.5 0.4949902 0.4925332 0.4880045 0.4851762 0.4955419 0.5 0.5 0.5 [1] 0.5 0.5013832 0.5010006 0.5 0.5 0.5 0.5 0.5 0.5 [2] 0.5 0.4778177 0.4615437 0.5 0.5 0.5 0.5 0.5 0.5 [3] 0.5 0.5 0.4868199 0.48885 0.5 0.500999 0.5 0.5 0.5 [4] 0.5 0.5 0.499539 0.4938714 0.5 0.4990149 0.5 0.5 0.5 [5] 0.5 0.5 0.485311 0.5 0.486268 0.5 0.5 0.5 0.5 [6] 0.5 0.5 0.5 0.4941089 0.5 0.5 0.5 0.5 0.5 [7] 0.5 0.5 0.498999 0.5 0.5 0.5000005 0.5 0.5 0.5 [8] 0.5 0.5 0.5 0.4921016 0.5 0.5 0.5 0.5 0.5 [9] 0.5 0.5009995 0.500999 0.4925757 0.5 0.5 0.5 0.5 0.5 
[2] [0] 0.5 0.4113526 0.4547459 0.4230376 0.4117464 0.4580823 0.5 0.5 0.5 [1] 0.5 0.4200246 0.4445868 0.5 0.5 0.5 0.5 0.5 0.5 [2] 0.5 0.4427068 0.4124181 0.5 0.5 0.5 0.5 0.5 0.5 [3] 0.5 0.5 0.4097435 0.4332795 0.5 0.4848214 0.5 0.5 0.5 [4] 0.5 0.5 0.45484 0.4116783 0.5 0.4644512 0.5 0.5 0.5 [5] 0.5 0.4838926 0.5 0.5 0.4120238 0.4781026 0.5 0.5 0.5 [6] 0.5 0.4902447 0.4974859 0.4279418 0.5 0.5 0.5 0.5 0.5 [7] 0.5 0.5 0.4675702 0.5 0.5 0.4712433 0.5 0.5 0.5 [8] 0.5 0.5 0.5 0.4810449 0.5 0.5 0.5 0.5 0.5 [9] 0.5 0.4445041 0.4984957 0.4797526 0.5 0.5 0.5 0.5 0.5 
[3] [0] 0.5 0.5 0.5 0.5 0.5 0.5 0.5 0.5 0.5 [1] 0.5 0.5 0.5 0.5 0.5 0.5 0.5 0.5 0.5 [2] 0.5 0.5 0.5 0.5 0.5 0.5 0.5 0.5 0.5 [3] 0.5 0.5 0.5 0.5 0.5 0.5 0.5 0.5 0.5 [4] 0.5 0.5 0.5 0.5 0.5 0.5 0.5 0.5 0.5 [5] 0.5 0.5 0.5 0.5 0.5 0.5 0.5 0.5 0.5 [6] 0.5 0.5 0.5 0.5 0.5 0.5 0.5 0.5 0.5 [7] 0.5 0.5 0.5 0.5 0.5 0.5 0.5 0.5 0.5 [8] 0.5 0.5 0.5 0.5 0.5 0.5 0.5 0.5 0.5 [9] 0.5 0.5 0.5 0.5 0.5 0.5 0.5 0.5 0.5 
[4] [0] 0.5 0.4697148 0.4773375 0.4783064 0.4648406 0.4703271 0.5 0.5 0.5 [1] 0.5 0.4801936 0.4134479 0.5 0.5 0.5 0.5 0.5 0.5 [2] 0.5 0.4121792 0.3727726 0.5 0.5 0.5 0.5 0.5 0.5 [3] 0.5 0.5 0.4769641 0.4606691 0.5 0.4747606 0.5 0.5 0.5 [4] 0.5 0.5 0.4400598 0.433683 0.5 0.471168 0.5 0.5 0.5 [5] 0.5 0.448566 0.3418003 0.5 0.4039743 0.4377284 0.5 0.5 0.5 [6] 0.5 0.4769288 0.4892918 0.4646536 0.5 0.5 0.5 0.5 0.5 [7] 0.5 0.5 0.4549043 0.5 0.5 0.4662736 0.5 0.5 0.5 [8] 0.5 0.5 0.5 0.41869 0.5 0.5 0.5 0.5 0.5 [9] 0.5 0.47094 0.4984728 0.4573759 0.5 0.5 0.5 0.5 0.5 
[5] [0] 0.5 0.4673472 0.4638467 0.4623969 0.457014 0.468324 0.5 0.5 0.5 [1] 0.5 0.4804784 0.4843706 0.5 0.5 0.5 0.5 0.5 0.5 [2] 0.5 0.4906994 0.4601435 0.5 0.5 0.5 0.5 0.5 0.5 [3] 0.5 0.5 0.4735128 0.4849191 0.5 0.5 0.5 0.5 0.5 [4] 0.5 0.5 0.4747339 0.4901442 0.5 0.5 0.5 0.5 0.5 [5] 0.5 0.5 0.4806543 0.5 0.5085388 0.5 0.5 0.5 0.5 [6] 0.5 0.5005 0.4995 0.4874441 0.5 0.5 0.5 0.5 0.5 [7] 0.5 0.5 0.4765579 0.5 0.5 0.5 0.5 0.5 0.5 [8] 0.5 0.5 0.5 0.5 0.5 0.5 0.5 0.5 0.5 [9] 0.5 0.5 0.5 0.5 0.5 0.5 0.5 0.5 0.5 
[6] [0] 0.5 0.5 0.5 0.5 0.5 0.5 0.5 0.5 0.5 [1] 0.5 0.5 0.5 0.5 0.5 0.5 0.5 0.5 0.5 [2] 0.5 0.5 0.5 0.5 0.5 0.5 0.5 0.5 0.5 [3] 0.5 0.5 0.5 0.5 0.5 0.5 0.5 0.5 0.5 [4] 0.5 0.5 0.5 0.5 0.5 0.5 0.5 0.5 0.5 [5] 0.5 0.5 0.5 0.5 0.5 0.5 0.5 0.5 0.5 [6] 0.5 0.5 0.5 0.5 0.5 0.5 0.5 0.5 0.5 [7] 0.5 0.5 0.5 0.5 0.5 0.5 0.5 0.5 0.5 [8] 0.5 0.5 0.5 0.5 0.5 0.5 0.5 0.5 0.5 [9] 0.5 0.5 0.5 0.5 0.5 0.5 0.5 0.5 0.5 
[7] [0] 0.5 0.5 0.5 0.5 0.5 0.5 0.5 0.5 0.5 [1] 0.5 0.5 0.5 0.5 0.5 0.5 0.5 0.5 0.5 [2] 0.5 0.5 0.5 0.5 0.5 0.5 0.5 0.5 0.5 [3] 0.5 0.5 0.5 0.5 0.5 0.5 0.5 0.5 0.5 [4] 0.5 0.5 0.5 0.5 0.5 0.5 0.5 0.5 0.5 [5] 0.5 0.5 0.5 0.5 0.5 0.5 0.5 0.5 0.5 [6] 0.5 0.5 0.5 0.5 0.5 0.5 0.5 0.5 0.5 [7] 0.5 0.5 0.5 0.5 0.5 0.5 0.5 0.5 0.5 [8] 0.5 0.5 0.5 0.5 0.5 0.5 0.5 0.5 0.5 [9] 0.5 0.5 0.5 0.5 0.5 0.5 0.5 0.5 0.5 
[8] [0] 0.5 0.5 0.5 0.5 0.5 0.5 0.5 0.5 0.5 [1] 0.5 0.5 0.5 0.5 0.5 0.5 0.5 0.5 0.5 [2] 0.5 0.5 0.5 0.5 0.5 0.5 0.5 0.5 0.5 [3] 0.5 0.5 0.5 0.5 0.5 0.5 0.5 0.5 0.5 [4] 0.5 0.5 0.5 0.5 0.5 0.5 0.5 0.5 0.5 [5] 0.5 0.5 0.5 0.5 0.5 0.5 0.5 0.5 0.5 [6] 0.5 0.5 0.5 0.5 0.5 0.5 0.5 0.5 0.5 [7] 0.5 0.5 0.5 0.5 0.5 0.5 0.5 0.5 0.5 [8] 0.5 0.5 0.5 0.5 0.5 0.5 0.5 0.5 0.5 [9] 0.5 0.5 0.5 0.5 0.5 0.5 0.5 0.5 0.5 
[6] 
[0] [0] 0.5 0.5 0.5 0.5 0.5 0.5 0.5 0.5 0.5 [1] 0.5 0.5 0.5 0.5 0.5 0.5 0.5 0.5 0.5 [2] 0.5 0.5 0.5 0.5 0.5 0.5 0.5 0.5 0.5 [3] 0.5 0.5 0.5 0.5 0.5 0.5 0.5 0.5 0.5 [4] 0.5 0.5 0.5 0.5 0.5 0.5 0.5 0.5 0.5 [5] 0.5 0.5 0.5 0.5 0.5 0.5 0.5 0.5 0.5 [6] 0.5 0.5 0.5 0.5 0.5 0.5 0.5 0.5 0.5 [7] 0.5 0.5 0.5 0.5 0.5 0.5 0.5 0.5 0.5 [8] 0.5 0.5 0.5 0.5 0.5 0.5 0.5 0.5 0.5 [9] 0.5 0.5 0.5 0.5 0.5 0.5 0.5 0.5 0.5 
[1] [0] 0.5 0.4709363 0.4627065 0.4653132 0.446651 0.4990026 0.5 0.5 0.5 [1] 0.5 0.4705466 0.4951754 0.5 0.5 0.5 0.5 0.5 0.5 [2] 0.5 0.4979923 0.4850018 0.5 0.5 0.5 0.5 0.5 0.5 [3] 0.5 0.5 0.4735356 0.469456 0.5 0.5 0.5 0.5 0.5 [4] 0.5 0.5 0.4885089 0.4884096 0.5 0.5 0.5 0.5 0.5 [5] 0.5 0.5 0.4844121 0.5 0.4957719 0.4990045 0.5 0.5 0.5 [6] 0.5 0.4794088 0.5 0.4849662 0.5 0.5 0.5 0.5 0.5 [7] 0.5 0.5 0.499085 0.5 0.5 0.5 0.5 0.5 0.5 [8] 0.5 0.5 0.5 0.5 0.5 0.5 0.5 0.5 0.5 [9] 0.5 0.5 0.5 0.5 0.5 0.5 0.5 0.5 0.5 
[2] [0] 0.5 0.4985135 0.4950335 0.4980026 0.4906103 0.497505 0.5 0.5 0.5 [1] 0.5 0.496014 0.4995005 0.5 0.5 0.5 0.5 0.5 0.5 [2] 0.5 0.499018 0.4910797 0.5 0.5 0.5 0.5 0.5 0.5 [3] 0.5 0.5 0.4970071 0.4960344 0.5 0.5 0.5 0.5 0.5 [4] 0.5 0.5 0.498006 0.4965285 0.5 0.5 0.5 0.5 0.5 [5] 0.5 0.5 0.4975249 0.5 0.5009955 0.497014 0.5 0.5 0.5 [6] 0.5 0.5 0.5 0.4999995 0.5 0.5 0.5 0.5 0.5 [7] 0.5 0.5 0.5000005 0.5 0.5 0.5 0.5 0.5 0.5 [8] 0.5 0.5 0.5 0.5 0.5 0.5 0.5 0.5 0.5 [9] 0.5 0.5 0.5 0.5 0.5 0.5 0.5 0.5 0.5 
[3] [0] 0.5 0.4631743 0.4958018 0.4832088 0.4644676 0.4899946 0.5 0.5 0.5 [1] 0.5 0.4813932 0.4641761 0.5 0.5 0.5 0.5 0.5 0.5 [2] 0.5 0.4071766 0.3997245 0.5 0.5 0.5 0.5 0.5 0.5 [3] 0.5 0.5 0.4596643 0.451111 0.5 0.4584475 0.5 0.5 0.5 [4] 0.5 0.5 0.4713334 0.4529163 0.5 0.4672961 0.5 0.5 0.5 [5] 0.5 0.4593516 0.3145401 0.5 0.4648469 0.4422435 0.5 0.5 0.5 [6] 0.5 0.544678 0.4809617 0.4849876 0.5 0.5 0.5 0.5 0.5 [7] 0.5 0.5 0.493585 0.5 0.5 0.4751303 0.5 0.5 0.5 [8] 0.5 0.5 0.5 0.3903052 0.5 0.5 0.5 0.5 0.5 [9] 0.5 0.4549058 0.5530056 0.4793849 0.5 0.5 0.5 0.5 0.5 
[4] [0] 0.5 0.5 0.5 0.5 0.5 0.5 0.5 0.5 0.5 [1] 0.5 0.5 0.5 0.5 0.5 0.5 0.5 0.5 0.5 [2] 0.5 0.5 0.5 0.5 0.5 0.5 0.5 0.5 0.5 [3] 0.5 0.5 0.5 0.5 0.5 0.5 0.5 0.5 0.5 [4] 0.5 0.5 0.5 0.5 0.5 0.5 0.5 0.5 0.5 [5] 0.5 0.5 0.5 0.5 0.5 0.5 0.5 0.5 0.5 [6] 0.5 0.5 0.5 0.5 0.5 0.5 0.5 0.5 0.5 [7] 0.5 0.5 0.5 0.5 0.5 0.5 0.5 0.5 0.5 [8] 0.5 0.5 0.5 0.5 0.5 0.5 0.5 0.5 0.5 [9] 0.5 0.5 0.5 0.5 0.5 0.5 0.5 0.5 0.5 
[5] [0] 0.5 0.5 0.5 0.5 0.5 0.5 0.5 0.5 0.5 [1] 0.5 0.5 0.5 0.5 0.5 0.5 0.5 0.5 0.5 [2] 0.5 0.5 0.5 0.5 0.5 0.5 0.5 0.5 0.5 [3] 0.5 0.5 0.5 0.5 0.5 0.5 0.5 0.5 0.5 [4] 0.5 0.5 0.5 0.5 0.5 0.5 0.5 0.5 0.5 [5] 0.5 0.5 0.5 0.5 0.5 0.5 0.5 0.5 0.5 [6] 0.5 0.5 0.5 0.5 0.5 0.5 0.5 0.5 0.5 [7] 0.5 0.5 0.5 0.5 0.5 0.5 0.5 0.5 0.5 [8] 0.5 0.5 0.5 0.5 0.5 0.5 0.5 0.5 0.5 [9] 0.5 0.5 0.5 0.5 0.5 0.5 0.5 0.5 0.5 
[6] [0] 0.5 0.5 0.5 0.5 0.5 0.5 0.5 0.5 0.5 [1] 0.5 0.5 0.5 0.5 0.5 0.5 0.5 0.5 0.5 [2] 0.5 0.5 0.5 0.5 0.5 0.5 0.5 0.5 0.5 [3] 0.5 0.5 0.5 0.5 0.5 0.5 0.5 0.5 0.5 [4] 0.5 0.5 0.5 0.5 0.5 0.5 0.5 0.5 0.5 [5] 0.5 0.5 0.5 0.5 0.5 0.5 0.5 0.5 0.5 [6] 0.5 0.5 0.5 0.5 0.5 0.5 0.5 0.5 0.5 [7] 0.5 0.5 0.5 0.5 0.5 0.5 0.5 0.5 0.5 [8] 0.5 0.5 0.5 0.5 0.5 0.5 0.5 0.5 0.5 [9] 0.5 0.5 0.5 0.5 0.5 0.5 0.5 0.5 0.5 
[7] [0] 0.5 0.5 0.5 0.5 0.5 0.5 0.5 0.5 0.5 [1] 0.5 0.5 0.5 0.5 0.5 0.5 0.5 0.5 0.5 [2] 0.5 0.5 0.5 0.5 0.5 0.5 0.5 0.5 0.5 [3] 0.5 0.5 0.5 0.5 0.5 0.5 0.5 0.5 0.5 [4] 0.5 0.5 0.5 0.5 0.5 0.5 0.5 0.5 0.5 [5] 0.5 0.5 0.5 0.5 0.5 0.5 0.5 0.5 0.5 [6] 0.5 0.5 0.5 0.5 0.5 0.5 0.5 0.5 0.5 [7] 0.5 0.5 0.5 0.5 0.5 0.5 0.5 0.5 0.5 [8] 0.5 0.5 0.5 0.5 0.5 0.5 0.5 0.5 0.5 [9] 0.5 0.5 0.5 0.5 0.5 0.5 0.5 0.5 0.5 
[8] [0] 0.5 0.5 0.5 0.5 0.5 0.5 0.5 0.5 0.5 [1] 0.5 0.5 0.5 0.5 0.5 0.5 0.5 0.5 0.5 [2] 0.5 0.5 0.5 0.5 0.5 0.5 0.5 0.5 0.5 [3] 0.5 0.5 0.5 0.5 0.5 0.5 0.5 0.5 0.5 [4] 0.5 0.5 0.5 0.5 0.5 0.5 0.5 0.5 0.5 [5] 0.5 0.5 0.5 0.5 0.5 0.5 0.5 0.5 0.5 [6] 0.5 0.5 0.5 0.5 0.5 0.5 0.5 0.5 0.5 [7] 0.5 0.5 0.5 0.5 0.5 0.5 0.5 0.5 0.5 [8] 0.5 0.5 0.5 0.5 0.5 0.5 0.5 0.5 0.5 [9] 0.5 0.5 0.5 0.5 0.5 0.5 0.5 0.5 0.5 
[7] 
[0] [0] 0.5 0.5 0.5 0.5 0.5 0.5 0.5 0.5 0.5 [1] 0.5 0.5 0.5 0.5 0.5 0.5 0.5 0.5 0.5 [2] 0.5 0.5 0.5 0.5 0.5 0.5 0.5 0.5 0.5 [3] 0.5 0.5 0.5 0.5 0.5 0.5 0.5 0.5 0.5 [4] 0.5 0.5 0.5 0.5 0.5 0.5 0.5 0.5 0.5 [5] 0.5 0.5 0.5 0.5 0.5 0.5 0.5 0.5 0.5 [6] 0.5 0.5 0.5 0.5 0.5 0.5 0.5 0.5 0.5 [7] 0.5 0.5 0.5 0.5 0.5 0.5 0.5 0.5 0.5 [8] 0.5 0.5 0.5 0.5 0.5 0.5 0.5 0.5 0.5 [9] 0.5 0.5 0.5 0.5 0.5 0.5 0.5 0.5 0.5 
[1] [0] 0.5 0.5 0.5 0.5 0.5 0.5 0.5 0.5 0.5 [1] 0.5 0.5 0.5 0.5 0.5 0.5 0.5 0.5 0.5 [2] 0.5 0.5 0.5 0.5 0.5 0.5 0.5 0.5 0.5 [3] 0.5 0.5 0.5 0.5 0.5 0.5 0.5 0.5 0.5 [4] 0.5 0.5 0.5 0.5 0.5 0.5 0.5 0.5 0.5 [5] 0.5 0.5 0.5 0.5 0.5 0.5 0.5 0.5 0.5 [6] 0.5 0.5 0.5 0.5 0.5 0.5 0.5 0.5 0.5 [7] 0.5 0.5 0.5 0.5 0.5 0.5 0.5 0.5 0.5 [8] 0.5 0.5 0.5 0.5 0.5 0.5 0.5 0.5 0.5 [9] 0.5 0.5 0.5 0.5 0.5 0.5 0.5 0.5 0.5 
[2] [0] 0.5 0.4950956 0.4747768 0.4580964 0.4716353 0.4914184 0.5 0.5 0.5 [1] 0.5 0.476376 0.491716 0.5 0.5 0.5 0.5 0.5 0.5 [2] 0.5 0.4734961 0.4368989 0.5 0.5 0.5 0.5 0.5 0.5 [3] 0.5 0.5 0.4796944 0.4906704 0.5 0.5005 0.5 0.5 0.5 [4] 0.5 0.5 0.4789895 0.4782524 0.5 0.5014955 0.5 0.5 0.5 [5] 0.5 0.4945646 0.4674467 0.5 0.4629108 0.4896824 0.5 0.5 0.5 [6] 0.5 0.4990031 0.4990041 0.4773351 0.5 0.5 0.5 0.5 0.5 [7] 0.5 0.5 0.5 0.5 0.5 0.4995 0.5 0.5 0.5 [8] 0.5 0.5 0.5 0.4995025 0.5 0.5 0.5 0.5 0.5 [9] 0.5 0.5005005 0.5005 0.498008 0.5 0.5 0.5 0.5 0.5 
[3] [0] 0.5 0.5 0.5 0.5 0.5 0.5 0.5 0.5 0.5 [1] 0.5 0.5 0.5 0.5 0.5 0.5 0.5 0.5 0.5 [2] 0.5 0.5 0.5 0.5 0.5 0.5 0.5 0.5 0.5 [3] 0.5 0.5 0.5 0.5 0.5 0.5 0.5 0.5 0.5 [4] 0.5 0.5 0.5 0.5 0.5 0.5 0.5 0.5 0.5 [5] 0.5 0.5 0.5 0.5 0.5 0.5 0.5 0.5 0.5 [6] 0.5 0.5 0.5 0.5 0.5 0.5 0.5 0.5 0.5 [7] 0.5 0.5 0.5 0.5 0.5 0.5 0.5 0.5 0.5 [8] 0.5 0.5 0.5 0.5 0.5 0.5 0.5 0.5 0.5 [9] 0.5 0.5 0.5 0.5 0.5 0.5 0.5 0.5 0.5 
[4] [0] 0.5 0.5 0.5 0.5 0.5 0.5 0.5 0.5 0.5 [1] 0.5 0.5 0.5 0.5 0.5 0.5 0.5 0.5 0.5 [2] 0.5 0.5 0.5 0.5 0.5 0.5 0.5 0.5 0.5 [3] 0.5 0.5 0.5 0.5 0.5 0.5 0.5 0.5 0.5 [4] 0.5 0.5 0.5 0.5 0.5 0.5 0.5 0.5 0.5 [5] 0.5 0.5 0.5 0.5 0.5 0.5 0.5 0.5 0.5 [6] 0.5 0.5 0.5 0.5 0.5 0.5 0.5 0.5 0.5 [7] 0.5 0.5 0.5 0.5 0.5 0.5 0.5 0.5 0.5 [8] 0.5 0.5 0.5 0.5 0.5 0.5 0.5 0.5 0.5 [9] 0.5 0.5 0.5 0.5 0.5 0.5 0.5 0.5 0.5 
[5] [0] 0.5 0.4837736 0.4920103 0.4922242 0.4786423 0.4789623 0.5 0.5 0.5 [1] 0.5 0.4839627 0.484057 0.5 0.5 0.5 0.5 0.5 0.5 [2] 0.5 0.471774 0.4645652 0.5 0.5 0.5 0.5 0.5 0.5 [3] 0.5 0.5 0.4663985 0.4668504 0.5 0.4608984 0.5 0.5 0.5 [4] 0.5 0.5 0.480489 0.4622414 0.5 0.4801247 0.5 0.5 0.5 [5] 0.5 0.4897944 0.4632936 0.5 0.4528792 0.5 0.5 0.5 0.5 [6] 0.5 0.5 0.5 0.4805776 0.5 0.5 0.5 0.5 0.5 [7] 0.5 0.5 0.4906115 0.5 0.5 0.5 0.5 0.5 0.5 [8] 0.5 0.5 0.5 0.4650252 0.5 0.5 0.5 0.5 0.5 [9] 0.5 0.4729389 0.5 0.4880026 0.5 0.5 0.5 0.5 0.5 
[6] [0] 0.5 0.5 0.5 0.5 0.5 0.5 0.5 0.5 0.5 [1] 0.5 0.5 0.5 0.5 0.5 0.5 0.5 0.5 0.5 [2] 0.5 0.5 0.5 0.5 0.5 0.5 0.5 0.5 0.5 [3] 0.5 0.5 0.5 0.5 0.5 0.5 0.5 0.5 0.5 [4] 0.5 0.5 0.5 0.5 0.5 0.5 0.5 0.5 0.5 [5] 0.5 0.5 0.5 0.5 0.5 0.5 0.5 0.5 0.5 [6] 0.5 0.5 0.5 0.5 0.5 0.5 0.5 0.5 0.5 [7] 0.5 0.5 0.5 0.5 0.5 0.5 0.5 0.5 0.5 [8] 0.5 0.5 0.5 0.5 0.5 0.5 0.5 0.5 0.5 [9] 0.5 0.5 0.5 0.5 0.5 0.5 0.5 0.5 0.5 
[7] [0] 0.5 0.5 0.5 0.5 0.5 0.5 0.5 0.5 0.5 [1] 0.5 0.5 0.5 0.5 0.5 0.5 0.5 0.5 0.5 [2] 0.5 0.5 0.5 0.5 0.5 0.5 0.5 0.5 0.5 [3] 0.5 0.5 0.5 0.5 0.5 0.5 0.5 0.5 0.5 [4] 0.5 0.5 0.5 0.5 0.5 0.5 0.5 0.5 0.5 [5] 0.5 0.5 0.5 0.5 0.5 0.5 0.5 0.5 0.5 [6] 0.5 0.5 0.5 0.5 0.5 0.5 0.5 0.5 0.5 [7] 0.5 0.5 0.5 0.5 0.5 0.5 0.5 0.5 0.5 [8] 0.5 0.5 0.5 0.5 0.5 0.5 0.5 0.5 0.5 [9] 0.5 0.5 0.5 0.5 0.5 0.5 0.5 0.5 0.5 
[8] [0] 0.5 0.5 0.5 0.5 0.5 0.5 0.5 0.5 0.5 [1] 0.5 0.5 0.5 0.5 0.5 0.5 0.5 0.5 0.5 [2] 0.5 0.5 0.5 0.5 0.5 0.5 0.5 0.5 0.5 [3] 0.5 0.5 0.5 0.5 0.5 0.5 0.5 0.5 0.5 [4] 0.5 0.5 0.5 0.5 0.5 0.5 0.5 0.5 0.5 [5] 0.5 0.5 0.5 0.5 0.5 0.5 0.5 0.5 0.5 [6] 0.5 0.5 0.5 0.5 0.5 0.5 0.5 0.5 0.5 [7] 0.5 0.5 0.5 0.5 0.5 0.5 0.5 0.5 0.5 [8] 0.5 0.5 0.5 0.5 0.5 0.5 0.5 0.5 0.5 [9] 0.5 0.5 0.5 0.5 0.5 0.5 0.5 0.5 0.5 
[8] 
[0] [0] 0.5 0.5 0.5 0.5 0.5 0.5 0.5 0.5 0.5 [1] 0.5 0.5 0.5 0.5 0.5 0.5 0.5 0.5 0.5 [2] 0.5 0.5 0.5 0.5 0.5 0.5 0.5 0.5 0.5 [3] 0.5 0.5 0.5 0.5 0.5 0.5 0.5 0.5 0.5 [4] 0.5 0.5 0.5 0.5 0.5 0.5 0.5 0.5 0.5 [5] 0.5 0.5 0.5 0.5 0.5 0.5 0.5 0.5 0.5 [6] 0.5 0.5 0.5 0.5 0.5 0.5 0.5 0.5 0.5 [7] 0.5 0.5 0.5 0.5 0.5 0.5 0.5 0.5 0.5 [8] 0.5 0.5 0.5 0.5 0.5 0.5 0.5 0.5 0.5 [9] 0.5 0.5 0.5 0.5 0.5 0.5 0.5 0.5 0.5 
[1] [0] 0.5 0.5 0.5 0.5 0.5 0.5 0.5 0.5 0.5 [1] 0.5 0.5 0.5 0.5 0.5 0.5 0.5 0.5 0.5 [2] 0.5 0.5 0.5 0.5 0.5 0.5 0.5 0.5 0.5 [3] 0.5 0.5 0.5 0.5 0.5 0.5 0.5 0.5 0.5 [4] 0.5 0.5 0.5 0.5 0.5 0.5 0.5 0.5 0.5 [5] 0.5 0.5 0.5 0.5 0.5 0.5 0.5 0.5 0.5 [6] 0.5 0.5 0.5 0.5 0.5 0.5 0.5 0.5 0.5 [7] 0.5 0.5 0.5 0.5 0.5 0.5 0.5 0.5 0.5 [8] 0.5 0.5 0.5 0.5 0.5 0.5 0.5 0.5 0.5 [9] 0.5 0.5 0.5 0.5 0.5 0.5 0.5 0.5 0.5 
[2] [0] 0.5 0.5 0.5 0.5 0.5 0.5 0.5 0.5 0.5 [1] 0.5 0.5 0.5 0.5 0.5 0.5 0.5 0.5 0.5 [2] 0.5 0.5 0.5 0.5 0.5 0.5 0.5 0.5 0.5 [3] 0.5 0.5 0.5 0.5 0.5 0.5 0.5 0.5 0.5 [4] 0.5 0.5 0.5 0.5 0.5 0.5 0.5 0.5 0.5 [5] 0.5 0.5 0.5 0.5 0.5 0.5 0.5 0.5 0.5 [6] 0.5 0.5 0.5 0.5 0.5 0.5 0.5 0.5 0.5 [7] 0.5 0.5 0.5 0.5 0.5 0.5 0.5 0.5 0.5 [8] 0.5 0.5 0.5 0.5 0.5 0.5 0.5 0.5 0.5 [9] 0.5 0.5 0.5 0.5 0.5 0.5 0.5 0.5 0.5 
[3] [0] 0.5 0.4271109 0.4462584 0.4618595 0.4440293 0.4599905 0.5 0.5 0.5 [1] 0.5 0.4454986 0.4723783 0.5 0.5 0.5 0.5 0.5 0.5 [2] 0.5 0.4530621 0.4372506 0.5 0.5 0.5 0.5 0.5 0.5 [3] 0.5 0.5 0.4418436 0.4488786 0.5 0.482376 0.5 0.5 0.5 [4] 0.5 0.5 0.4423994 0.4550028 0.5 0.4752657 0.5 0.5 0.5 [5] 0.5 0.4819187 0.4604408 0.5 0.4454481 0.5 0.5 0.5 0.5 [6] 0.5 0.5 0.5 0.4558727 0.5 0.5 0.5 0.5 0.5 [7] 0.5 0.5 0.4945853 0.5 0.5 0.4924882 0.5 0.5 0.5 [8] 0.5 0.5 0.5 0.5 0.5 0.5 0.5 0.5 0.5 [9] 0.5 0.4439637 0.5004508 0.4717711 0.5 0.5 0.5 0.5 0.5 
[4] [0] 0.5 0.5 0.5 0.5 0.5 0.5 0.5 0.5 0.5 [1] 0.5 0.5 0.5 0.5 0.5 0.5 0.5 0.5 0.5 [2] 0.5 0.5 0.5 0.5 0.5 0.5 0.5 0.5 0.5 [3] 0.5 0.5 0.5 0.5 0.5 0.5 0.5 0.5 0.5 [4] 0.5 0.5 0.5 0.5 0.5 0.5 0.5 0.5 0.5 [5] 0.5 0.5 0.5 0.5 0.5 0.5 0.5 0.5 0.5 [6] 0.5 0.5 0.5 0.5 0.5 0.5 0.5 0.5 0.5 [7] 0.5 0.5 0.5 0.5 0.5 0.5 0.5 0.5 0.5 [8] 0.5 0.5 0.5 0.5 0.5 0.5 0.5 0.5 0.5 [9] 0.5 0.5 0.5 0.5 0.5 0.5 0.5 0.5 0.5 
[5] [0] 0.5 0.5 0.5 0.5 0.5 0.5 0.5 0.5 0.5 [1] 0.5 0.5 0.5 0.5 0.5 0.5 0.5 0.5 0.5 [2] 0.5 0.5 0.5 0.5 0.5 0.5 0.5 0.5 0.5 [3] 0.5 0.5 0.5 0.5 0.5 0.5 0.5 0.5 0.5 [4] 0.5 0.5 0.5 0.5 0.5 0.5 0.5 0.5 0.5 [5] 0.5 0.5 0.5 0.5 0.5 0.5 0.5 0.5 0.5 [6] 0.5 0.5 0.5 0.5 0.5 0.5 0.5 0.5 0.5 [7] 0.5 0.5 0.5 0.5 0.5 0.5 0.5 0.5 0.5 [8] 0.5 0.5 0.5 0.5 0.5 0.5 0.5 0.5 0.5 [9] 0.5 0.5 0.5 0.5 0.5 0.5 0.5 0.5 0.5 
[6] [0] 0.5 0.5 0.5 0.5 0.5 0.5 0.5 0.5 0.5 [1] 0.5 0.5 0.5 0.5 0.5 0.5 0.5 0.5 0.5 [2] 0.5 0.5 0.5 0.5 0.5 0.5 0.5 0.5 0.5 [3] 0.5 0.5 0.5 0.5 0.5 0.5 0.5 0.5 0.5 [4] 0.5 0.5 0.5 0.5 0.5 0.5 0.5 0.5 0.5 [5] 0.5 0.5 0.5 0.5 0.5 0.5 0.5 0.5 0.5 [6] 0.5 0.5 0.5 0.5 0.5 0.5 0.5 0.5 0.5 [7] 0.5 0.5 0.5 0.5 0.5 0.5 0.5 0.5 0.5 [8] 0.5 0.5 0.5 0.5 0.5 0.5 0.5 0.5 0.5 [9] 0.5 0.5 0.5 0.5 0.5 0.5 0.5 0.5 0.5 
[7] [0] 0.5 0.5 0.5 0.5 0.5 0.5 0.5 0.5 0.5 [1] 0.5 0.5 0.5 0.5 0.5 0.5 0.5 0.5 0.5 [2] 0.5 0.5 0.5 0.5 0.5 0.5 0.5 0.5 0.5 [3] 0.5 0.5 0.5 0.5 0.5 0.5 0.5 0.5 0.5 [4] 0.5 0.5 0.5 0.5 0.5 0.5 0.5 0.5 0.5 [5] 0.5 0.5 0.5 0.5 0.5 0.5 0.5 0.5 0.5 [6] 0.5 0.5 0.5 0.5 0.5 0.5 0.5 0.5 0.5 [7] 0.5 0.5 0.5 0.5 0.5 0.5 0.5 0.5 0.5 [8] 0.5 0.5 0.5 0.5 0.5 0.5 0.5 0.5 0.5 [9] 0.5 0.5 0.5 0.5 0.5 0.5 0.5 0.5 0.5 
[8] [0] 0.5 0.5 0.5 0.5 0.5 0.5 0.5 0.5 0.5 [1] 0.5 0.5 0.5 0.5 0.5 0.5 0.5 0.5 0.5 [2] 0.5 0.5 0.5 0.5 0.5 0.5 0.5 0.5 0.5 [3] 0.5 0.5 0.5 0.5 0.5 0.5 0.5 0.5 0.5 [4] 0.5 0.5 0.5 0.5 0.5 0.5 0.5 0.5 0.5 [5] 0.5 0.5 0.5 0.5 0.5 0.5 0.5 0.5 0.5 [6] 0.5 0.5 0.5 0.5 0.5 0.5 0.5 0.5 0.5 [7] 0.5 0.5 0.5 0.5 0.5 0.5 0.5 0.5 0.5 [8] 0.5 0.5 0.5 0.5 0.5 0.5 0.5 0.5 0.5 [9] 0.5 0.5 0.5 0.5 0.5 0.5 0.5 0.5 0.5 
[9] 
[0] [0] 0.5 0.5 0.5 0.5 0.5 0.5 0.5 0.5 0.5 [1] 0.5 0.5 0.5 0.5 0.5 0.5 0.5 0.5 0.5 [2] 0.5 0.5 0.5 0.5 0.5 0.5 0.5 0.5 0.5 [3] 0.5 0.5 0.5 0.5 0.5 0.5 0.5 0.5 0.5 [4] 0.5 0.5 0.5 0.5 0.5 0.5 0.5 0.5 0.5 [5] 0.5 0.5 0.5 0.5 0.5 0.5 0.5 0.5 0.5 [6] 0.5 0.5 0.5 0.5 0.5 0.5 0.5 0.5 0.5 [7] 0.5 0.5 0.5 0.5 0.5 0.5 0.5 0.5 0.5 [8] 0.5 0.5 0.5 0.5 0.5 0.5 0.5 0.5 0.5 [9] 0.5 0.5 0.5 0.5 0.5 0.5 0.5 0.5 0.5 
[1] [0] 0.5 0.456907 0.4745747 0.4764315 0.4623809 0.4835914 0.5 0.5 0.5 [1] 0.5 0.4510155 0.4869136 0.5 0.5 0.5 0.5 0.5 0.5 [2] 0.5 0.4620979 0.4184845 0.5 0.5 0.5 0.5 0.5 0.5 [3] 0.5 0.5 0.4753372 0.498198 0.5 0.4876234 0.5 0.5 0.5 [4] 0.5 0.5 0.4488288 0.4617083 0.5 0.4769622 0.5 0.5 0.5 [5] 0.5 0.4813501 0.4128539 0.5 0.4491291 0.5 0.5 0.5 0.5 [6] 0.5 0.5 0.5 0.4619025 0.5 0.5 0.5 0.5 0.5 [7] 0.5 0.5 0.4763271 0.5 0.5 0.4848621 0.5 0.5 0.5 [8] 0.5 0.5 0.5 0.4323857 0.5 0.5 0.5 0.5 0.5 [9] 0.5 0.5 0.5 0.477367 0.5 0.5 0.5 0.5 0.5 
[2] [0] 0.5 0.4980199 0.5004995 0.494575 0.4975222 0.4999975 0.5 0.5 0.5 [1] 0.5 0.5010017 0.4990005 0.5 0.5 0.5 0.5 0.5 0.5 [2] 0.5 0.4891714 0.4852393 0.5 0.5 0.5 0.5 0.5 0.5 [3] 0.5 0.5 0.4965205 0.4979992 0.5 0.5 0.5 0.5 0.5 [4] 0.5 0.5 0.4995165 0.5014796 0.5 0.5 0.5 0.5 0.5 [5] 0.5 0.5005 0.4926008 0.5 0.4971075 0.5 0.5 0.5 0.5 [6] 0.5 0.5 0.5 0.499999 0.5 0.5 0.5 0.5 0.5 [7] 0.5 0.5 0.5005 0.5 0.5 0.5 0.5 0.5 0.5 [8] 0.5 0.5 0.5 0.5004985 0.5 0.5 0.5 0.5 0.5 [9] 0.5 0.5 0.5 0.498006 0.5 0.5 0.5 0.5 0.5 
[3] [0] 0.5 0.4769549 0.4896244 0.4791787 0.4687909 0.4639001 0.5 0.5 0.5 [1] 0.5 0.4813185 0.4766722 0.5 0.5 0.5 0.5 0.5 0.5 [2] 0.5 0.4296748 0.4190311 0.5 0.5 0.5 0.5 0.5 0.5 [3] 0.5 0.5 0.4364406 0.4484992 0.5 0.4536157 0.5 0.5 0.5 [4] 0.5 0.5 0.4495178 0.4752924 0.5 0.4843604 0.5 0.5 0.5 [5] 0.5 0.4768347 0.4428589 0.5 0.4324812 0.5 0.5 0.5 0.5 [6] 0.5 0.5 0.5 0.4609554 0.5 0.5 0.5 0.5 0.5 [7] 0.5 0.5 0.4904154 0.5 0.5 0.4531605 0.5 0.5 0.5 [8] 0.5 0.5 0.5 0.4515644 0.5 0.5 0.5 0.5 0.5 [9] 0.5 0.4653116 0.49711 0.5 0.5 0.5 0.5 0.5 0.5 
[4] [0] 0.5 0.5 0.5 0.5 0.5 0.5 0.5 0.5 0.5 [1] 0.5 0.5 0.5 0.5 0.5 0.5 0.5 0.5 0.5 [2] 0.5 0.5 0.5 0.5 0.5 0.5 0.5 0.5 0.5 [3] 0.5 0.5 0.5 0.5 0.5 0.5 0.5 0.5 0.5 [4] 0.5 0.5 0.5 0.5 0.5 0.5 0.5 0.5 0.5 [5] 0.5 0.5 0.5 0.5 0.5 0.5 0.5 0.5 0.5 [6] 0.5 0.5 0.5 0.5 0.5 0.5 0.5 0.5 0.5 [7] 0.5 0.5 0.5 0.5 0.5 0.5 0.5 0.5 0.5 [8] 0.5 0.5 0.5 0.5 0.5 0.5 0.5 0.5 0.5 [9] 0.5 0.5 0.5 0.5 0.5 0.5 0.5 0.5 0.5 
[5] [0] 0.5 0.5 0.5 0.5 0.5 0.5 0.5 0.5 0.5 [1] 0.5 0.5 0.5 0.5 0.5 0.5 0.5 0.5 0.5 [2] 0.5 0.5 0.5 0.5 0.5 0.5 0.5 0.5 0.5 [3] 0.5 0.5 0.5 0.5 0.5 0.5 0.5 0.5 0.5 [4] 0.5 0.5 0.5 0.5 0.5 0.5 0.5 0.5 0.5 [5] 0.5 0.5 0.5 0.5 0.5 0.5 0.5 0.5 0.5 [6] 0.5 0.5 0.5 0.5 0.5 0.5 0.5 0.5 0.5 [7] 0.5 0.5 0.5 0.5 0.5 0.5 0.5 0.5 0.5 [8] 0.5 0.5 0.5 0.5 0.5 0.5 0.5 0.5 0.5 [9] 0.5 0.5 0.5 0.5 0.5 0.5 0.5 0.5 0.5 
[6] [0] 0.5 0.5 0.5 0.5 0.5 0.5 0.5 0.5 0.5 [1] 0.5 0.5 0.5 0.5 0.5 0.5 0.5 0.5 0.5 [2] 0.5 0.5 0.5 0.5 0.5 0.5 0.5 0.5 0.5 [3] 0.5 0.5 0.5 0.5 0.5 0.5 0.5 0.5 0.5 [4] 0.5 0.5 0.5 0.5 0.5 0.5 0.5 0.5 0.5 [5] 0.5 0.5 0.5 0.5 0.5 0.5 0.5 0.5 0.5 [6] 0.5 0.5 0.5 0.5 0.5 0.5 0.5 0.5 0.5 [7] 0.5 0.5 0.5 0.5 0.5 0.5 0.5 0.5 0.5 [8] 0.5 0.5 0.5 0.5 0.5 0.5 0.5 0.5 0.5 [9] 0.5 0.5 0.5 0.5 0.5 0.5 0.5 0.5 0.5 
[7] [0] 0.5 0.5 0.5 0.5 0.5 0.5 0.5 0.5 0.5 [1] 0.5 0.5 0.5 0.5 0.5 0.5 0.5 0.5 0.5 [2] 0.5 0.5 0.5 0.5 0.5 0.5 0.5 0.5 0.5 [3] 0.5 0.5 0.5 0.5 0.5 0.5 0.5 0.5 0.5 [4] 0.5 0.5 0.5 0.5 0.5 0.5 0.5 0.5 0.5 [5] 0.5 0.5 0.5 0.5 0.5 0.5 0.5 0.5 0.5 [6] 0.5 0.5 0.5 0.5 0.5 0.5 0.5 0.5 0.5 [7] 0.5 0.5 0.5 0.5 0.5 0.5 0.5 0.5 0.5 [8] 0.5 0.5 0.5 0.5 0.5 0.5 0.5 0.5 0.5 [9] 0.5 0.5 0.5 0.5 0.5 0.5 0.5 0.5 0.5 
[8] [0] 0.5 0.5 0.5 0.5 0.5 0.5 0.5 0.5 0.5 [1] 0.5 0.5 0.5 0.5 0.5 0.5 0.5 0.5 0.5 [2] 0.5 0.5 0.5 0.5 0.5 0.5 0.5 0.5 0.5 [3] 0.5 0.5 0.5 0.5 0.5 0.5 0.5 0.5 0.5 [4] 0.5 0.5 0.5 0.5 0.5 0.5 0.5 0.5 0.5 [5] 0.5 0.5 0.5 0.5 0.5 0.5 0.5 0.5 0.5 [6] 0.5 0.5 0.5 0.5 0.5 0.5 0.5 0.5 0.5 [7] 0.5 0.5 0.5 0.5 0.5 0.5 0.5 0.5 0.5 [8] 0.5 0.5 0.5 0.5 0.5 0.5 0.5 0.5 0.5 [9] 0.5 0.5 0.5 0.5 0.5 0.5 0.5 0.5 0.5 
