[0] [0] 0.42 0.42 0.42 0.42 0.42 0.42 0.42 0.42 0.42 0.42 [1] 0.42 0.42 0.5055434 0.5083032 0.4926417 0.4846975 0.42 0.42 0.42 0.42 [2] 0.42 0.42 0.5054377 0.5090403 0.4714275 0.4988772 0.42 0.42 0.42 0.42 [3] 0.42 0.42 0.490124 0.5056229 0.4943518 0.4791442 0.42 0.42 0.42 0.42 [4] 0.42 0.42 0.4566136 0.4288088 0.4458294 0.4468661 0.42 0.42 0.42 0.42 [5] 0.42 0.42 0.4256823 0.441138 0.4788871 0.4739651 0.42 0.42 0.42 0.42 [6] 0.42 0.42 0.42 0.42 0.42 0.42 0.42 0.42 0.42 0.42 [7] 0.42 0.42 0.42 0.42 0.42 0.42 0.42 0.42 0.42 0.42 [8] 0.42 0.42 0.42 0.42 0.42 0.42 0.42 0.42 0.42 0.42 
[1] [0] 0.42 0.42 0.42 0.42 0.42 0.42 0.42 0.42 0.42 0.42 [1] 0.42 0.42 0.5312802 0.501784 0.46806 0.4670162 0.42 0.42 0.42 0.42 [2] 0.42 0.42 0.4387819 0.4195817 0.4288611 0.4259078 0.42 0.42 0.42 0.42 [3] 0.42 0.42 0.42 0.42 0.42 0.42 0.42 0.42 0.42 0.42 [4] 0.42 0.42 0.42 0.42 0.42 0.42 0.42 0.42 0.42 0.42 [5] 0.42 0.42 0.42 0.42 0.42 0.42 0.42 0.42 0.42 0.42 [6] 0.42 0.42 0.42 0.42 0.42 0.42 0.42 0.42 0.42 0.42 [7] 0.42 0.42 0.42 0.42 0.42 0.42 0.42 0.42 0.42 0.42 [8] 0.42 0.42 0.42 0.42 0.42 0.42 0.42 0.42 0.42 0.42 
[2] [0] 0.42 0.42 0.42 0.42 0.42 0.42 0.42 0.42 0.42 0.42 [1] 0.42 0.42 0.2905351 0.3100252 0.3459121 0.3451934 0.42 0.42 0.42 0.42 [2] 0.42 0.42 0.1575687 0.2118692 0.2451263 0.2796494 0.42 0.42 0.42 0.42 [3] 0.42 0.42 0.42 0.42 0.42 0.42 0.42 0.42 0.42 0.42 [4] 0.42 0.42 0.42 0.42 0.42 0.42 0.42 0.42 0.42 0.42 [5] 0.42 0.42 0.42 0.42 0.42 0.42 0.42 0.42 0.42 0.42 [6] 0.42 0.42 0.42 0.42 0.42 0.42 0.42 0.42 0.42 0.42 [7] 0.42 0.42 0.42 0.42 0.42 0.42 0.42 0.42 0.42 0.42 [8] 0.42 0.42 0.42 0.42 0.42 0.42 0.42 0.42 0.42 0.42 
[3] [0] 0.42 0.42 0.42 0.42 0.42 0.42 0.42 0.42 0.42 0.42 [1] 0.42 0.42 0.42 0.42 0.42 0.42 0.42 0.42 0.42 0.42 [2] 0.42 0.42 0.3974928 0.4177135 0.4336811 0.4470897 0.42 0.42 0.42 0.42 [3] 0.42 0.42 0.4564074 0.4978217 0.4670198 0.4968948 0.42 0.42 0.42 0.42 [4] 0.42 0.42 0.42 0.42 0.42 0.42 0.42 0.42 0.42 0.42 [5] 0.42 0.42 0.4462638 0.4640428 0.4726228 0.4753677 0.42 0.42 0.42 0.42 [6] 0.42 0.42 0.42 0.42 0.42 0.42 0.42 0.42 0.42 0.42 [7] 0.42 0.42 0.42 0.42 0.42 0.42 0.42 0.42 0.42 0.42 [8] 0.42 0.42 0.42 0.42 0.42 0.42 0.42 0.42 0.42 0.42 
[4] [0] 0.42 0.42 0.42 0.42 0.42 0.42 0.42 0.42 0.42 0.42 [1] 0.42 0.42 0.42 0.42 0.42 0.42 0.42 0.42 0.42 0.42 [2] 0.42 0.42 0.373091 0.3938555 0.4020593 0.4111675 0.42 0.42 0.42 0.42 [3] 0.42 0.42 0.4942285 0.5031247 0.4937535 0.485521 0.42 0.42 0.42 0.42 [4] 0.42 0.42 0.42 0.42 0.42 0.42 0.42 0.42 0.42 0.42 [5] 0.42 0.42 0.4710194 0.4767626 0.4728505 0.4730407 0.42 0.42 0.42 0.42 [6] 0.42 0.42 0.42 0.42 0.42 0.42 0.42 0.42 0.42 0.42 [7] 0.42 0.42 0.42 0.42 0.42 0.42 0.42 0.42 0.42 0.42 [8] 0.42 0.42 0.42 0.42 0.42 0.42 0.42 0.42 0.42 0.42 
[5] [0] 0.42 0.42 0.42 0.42 0.42 0.42 0.42 0.42 0.42 0.42 [1] 0.42 0.42 0.3548365 0.3787504 0.4038376 0.4068209 0.42 0.42 0.42 0.42 [2] 0.42 0.42 0.3526042 0.3583031 0.3824951 0.4146091 0.42 0.42 0.42 0.42 [3] 0.42 0.42 0.42 0.42 0.42 0.42 0.42 0.42 0.42 0.42 [4] 0.42 0.42 0.3725777 0.3725319 0.4004652 0.4240604 0.42 0.42 0.42 0.42 [5] 0.42 0.42 0.42 0.42 0.42 0.42 0.42 0.42 0.42 0.42 [6] 0.42 0.42 0.42 0.42 0.42 0.42 0.42 0.42 0.42 0.42 [7] 0.42 0.42 0.42 0.42 0.42 0.42 0.42 0.42 0.42 0.42 [8] 0.42 0.42 0.42 0.42 0.42 0.42 0.42 0.42 0.42 0.42 
[6] [0] 0.42 0.42 0.42 0.42 0.42 0.42 0.42 0.42 0.42 0.42 [1] 0.42 0.42 0.4183693 0.4018967 0.4096593 0.4172297 0.42 0.42 0.42 0.42 [2] 0.42 0.42 0.42 0.42 0.42 0.42 0.42 0.42 0.42 0.42 [3] 0.42 0.42 0.3850332 0.4009449 0.4002384 0.4046447 0.42 0.42 0.42 0.42 [4] 0.42 0.42 0.42 0.42 0.42 0.42 0.42 0.42 0.42 0.42 [5] 0.42 0.42 0.42 0.42 0.42 0.42 0.42 0.42 0.42 0.42 [6] 0.42 0.42 0.42 0.42 0.42 0.42 0.42 0.42 0.42 0.42 [7] 0.42 0.42 0.42 0.42 0.42 0.42 0.42 0.42 0.42 0.42 [8] 0.42 0.42 0.42 0.42 0.42 0.42 0.42 0.42 0.42 0.42 
[7] [0] 0.42 0.42 0.42 0.42 0.42 0.42 0.42 0.42 0.42 0.42 [1] 0.42 0.42 0.42 0.42 0.42 0.42 0.42 0.42 0.42 0.42 [2] 0.42 0.42 0.3953663 0.4537273 0.4409238 0.4520088 0.42 0.42 0.42 0.42 [3] 0.42 0.42 0.42 0.42 0.42 0.42 0.42 0.42 0.42 0.42 [4] 0.42 0.42 0.42 0.42 0.42 0.42 0.42 0.42 0.42 0.42 [5] 0.42 0.42 0.412436 0.4105569 0.4186017 0.4641306 0.42 0.42 0.42 0.42 [6] 0.42 0.42 0.42 0.42 0.42 0.42 0.42 0.42 0.42 0.42 [7] 0.42 0.42 0.42 0.42 0.42 0.42 0.42 0.42 0.42 0.42 [8] 0.42 0.42 0.42 0.42 0.42 0.42 0.42 0.42 0.42 0.42 
[8] [0] 0.42 0.42 0.42 0.42 0.42 0.42 0.42 0.42 0.42 0.42 [1] 0.42 0.42 0.42 0.42 0.42 0.42 0.42 0.42 0.42 0.42 [2] 0.42 0.42 0.42 0.42 0.42 0.42 0.42 0.42 0.42 0.42 [3] 0.42 0.42 0.3184893 0.3391408 0.360099 0.3819289 0.42 0.42 0.42 0.42 [4] 0.42 0.42 0.42 0.42 0.42 0.42 0.42 0.42 0.42 0.42 [5] 0.42 0.42 0.42 0.42 0.42 0.42 0.42 0.42 0.42 0.42 [6] 0.42 0.42 0.42 0.42 0.42 0.42 0.42 0.42 0.42 0.42 [7] 0.42 0.42 0.42 0.42 0.42 0.42 0.42 0.42 0.42 0.42 [8] 0.42 0.42 0.42 0.42 0.42 0.42 0.42 0.42 0.42 0.42 
[9] [0] 0.42 0.42 0.42 0.42 0.42 0.42 0.42 0.42 0.42 0.42 [1] 0.42 0.42 0.4229757 0.4763871 0.4726211 0.4633275 0.42 0.42 0.42 0.42 [2] 0.42 0.42 0.42 0.42 0.42 0.42 0.42 0.42 0.42 0.42 [3] 0.42 0.42 0.5142972 0.4958826 0.4937088 0.4846268 0.42 0.42 0.42 0.42 [4] 0.42 0.42 0.42 0.42 0.42 0.42 0.42 0.42 0.42 0.42 [5] 0.42 0.42 0.42 0.42 0.42 0.42 0.42 0.42 0.42 0.42 [6] 0.42 0.42 0.42 0.42 0.42 0.42 0.42 0.42 0.42 0.42 [7] 0.42 0.42 0.42 0.42 0.42 0.42 0.42 0.42 0.42 0.42 [8] 0.42 0.42 0.42 0.42 0.42 0.42 0.42 0.42 0.42 0.42 
[10] [0] 0.42 0.42 0.42 0.42 0.42 0.42 0.42 0.42 0.42 0.42 [1] 0.42 0.42 0.42 0.42 0.42 0.42 0.42 0.42 0.42 0.42 [2] 0.42 0.42 0.3837497 0.3829007 0.3992445 0.3926345 0.42 0.42 0.42 0.42 [3] 0.42 0.42 0.3846769 0.4160704 0.4160885 0.4141262 0.42 0.42 0.42 0.42 [4] 0.42 0.42 0.4075408 0.4210486 0.4180818 0.4184147 0.42 0.42 0.42 0.42 [5] 0.42 0.42 0.42 0.42 0.42 0.42 0.42 0.42 0.42 0.42 [6] 0.42 0.42 0.42 0.42 0.42 0.42 0.42 0.42 0.42 0.42 [7] 0.42 0.42 0.42 0.42 0.42 0.42 0.42 0.42 0.42 0.42 [8] 0.42 0.42 0.42 0.42 0.42 0.42 0.42 0.42 0.42 0.42 
[11] [0] 0.42 0.42 0.42 0.42 0.42 0.42 0.42 0.42 0.42 0.42 [1] 0.42 0.42 0.42 0.42 0.42 0.42 0.42 0.42 0.42 0.42 [2] 0.42 0.42 0.4447273 0.411691 0.432181 0.4290229 0.42 0.42 0.42 0.42 [3] 0.42 0.42 0.4361858 0.4264965 0.4080769 0.4573227 0.42 0.42 0.42 0.42 [4] 0.42 0.42 0.42 0.42 0.42 0.42 0.42 0.42 0.42 0.42 [5] 0.42 0.42 0.42 0.42 0.42 0.42 0.42 0.42 0.42 0.42 [6] 0.42 0.42 0.42 0.42 0.42 0.42 0.42 0.42 0.42 0.42 [7] 0.42 0.42 0.42 0.42 0.42 0.42 0.42 0.42 0.42 0.42 [8] 0.42 0.42 0.42 0.42 0.42 0.42 0.42 0.42 0.42 0.42 
[12] [0] 0.42 0.42 0.42 0.42 0.42 0.42 0.42 0.42 0.42 0.42 [1] 0.42 0.42 0.4188625 0.4108893 0.42 0.42 0.42 0.42 0.42 0.42 [2] 0.42 0.42 0.3929221 0.4299403 0.4331642 0.4246525 0.42 0.42 0.42 0.42 [3] 0.42 0.42 0.42 0.42 0.42 0.42 0.42 0.42 0.42 0.42 [4] 0.42 0.42 0.42 0.42 0.42 0.42 0.42 0.42 0.42 0.42 [5] 0.42 0.42 0.42 0.42 0.42 0.42 0.42 0.42 0.42 0.42 [6] 0.42 0.42 0.42 0.42 0.42 0.42 0.42 0.42 0.42 0.42 [7] 0.42 0.42 0.42 0.42 0.42 0.42 0.42 0.42 0.42 0.42 [8] 0.42 0.42 0.42 0.42 0.42 0.42 0.42 0.42 0.42 0.42 
[13] [0] 0.42 0.42 0.42 0.42 0.42 0.42 0.42 0.42 0.42 0.42 [1] 0.42 0.42 0.42 0.42 0.42 0.42 0.42 0.42 0.42 0.42 [2] 0.42 0.42 0.42 0.42 0.42 0.42 0.42 0.42 0.42 0.42 [3] 0.42 0.42 0.379787 0.3977675 0.4143511 0.4017501 0.42 0.42 0.42 0.42 [4] 0.42 0.42 0.42 0.42 0.42 0.42 0.42 0.42 0.42 0.42 [5] 0.42 0.42 0.42 0.42 0.42 0.42 0.42 0.42 0.42 0.42 [6] 0.42 0.42 0.42 0.42 0.42 0.42 0.42 0.42 0.42 0.42 [7] 0.42 0.42 0.42 0.42 0.42 0.42 0.42 0.42 0.42 0.42 [8] 0.42 0.42 0.42 0.42 0.42 0.42 0.42 0.42 0.42 0.42 
