[0] 
[0] [0] 0.5 0.5 0.5 0.5 0.5 0.5 0.5 0.5 0.5 [1] 0.5 0.5 0.5 0.5 0.5 0.5 0.5 0.5 0.5 [2] 0.5 0.5 0.5 0.5 0.5 0.5 0.5 0.5 0.5 [3] 0.5 0.5 0.5 0.5 0.5 0.5 0.5 0.5 0.5 [4] 0.5 0.5 0.5 0.5 0.5 0.5 0.5 0.5 0.5 [5] 0.5 0.5 0.5 0.5 0.5 0.5 0.5 0.5 0.5 [6] 0.5 0.5 0.5 0.5 0.5 0.5 0.5 0.5 0.5 [7] 0.5 0.5 0.5 0.5 0.5 0.5 0.5 0.5 0.5 [8] 0.5 0.5 0.5 0.5 0.5 0.5 0.5 0.5 0.5 [9] 0.5 0.5 0.5 0.5 0.5 0.5 0.5 0.5 0.5 [10] 0.5 0.5 0.5 0.5 0.5 0.5 0.5 0.5 0.5 [11] 0.5 0.5 0.5 0.5 0.5 0.5 0.5 0.5 0.5 [12] 0.5 0.5 0.5 0.5 0.5 0.5 0.5 0.5 0.5 
[1] [0] 0.5 0.4355251 0.4769768 0.4757274 0.4607286 0.4077035 0.5 0.5 0.5 [1] 0.5 0.4140447 0.4880188 0.5 0.5 0.5 0.5 0.5 0.5 [2] 0.5 0.4255036 0.3910687 0.5 0.5 0.5 0.5 0.5 0.5 [3] 0.5 0.5 0.429265 0.4691012 0.5 0.4651882 0.5 0.5 0.5 [4] 0.5 0.4832177 0.4506418 0.502043 0.5 0.5027595 0.5 0.5 0.5 [5] 0.5 0.4187545 0.406561 0.5 0.4249963 0.5 0.5 0.5 0.5 [6] 0.5 0.4190955 0.5 0.4193498 0.5 0.5 0.5 0.5 0.5 [7] 0.5 0.5 0.458436 0.5 0.5 0.4254509 0.5 0.5 0.5 [8] 0.5 0.5 0.5 0.4526595 0.5 0.5 0.5 0.5 0.5 [9] 0.5 0.4047855 0.5 0.4683086 0.5 0.5 0.5 0.5 0.5 [10] 0.5 0.4693825 0.5 0.4737246 0.4857236 0.5 0.5 0.5 0.5 [11] 0.5 0.5 0.4515931 0.4727226 0.3992778 0.5 0.5 0.5 0.5 [12] 0.5 0.5 0.476727 0.5 0.5 0.5 0.5 0.5 0.5 
[2] [0] 0.5 0.4788111 0.4552663 0.4849573 0.4454987 0.4171617 0.5 0.5 0.5 [1] 0.5 0.4509307 0.4658671 0.5 0.5 0.5 0.5 0.5 0.5 [2] 0.5 0.4031316 0.3455845 0.5 0.5 0.5 0.5 0.5 0.5 [3] 0.5 0.5 0.4559687 0.4657839 0.5 0.4558085 0.5 0.5 0.5 [4] 0.5 0.5036825 0.4472813 0.4605766 0.5 0.4788299 0.5 0.5 0.5 [5] 0.5 0.4083369 0.4045266 0.5 0.4683684 0.5 0.5 0.5 0.5 [6] 0.5 0.451925 0.5 0.4410174 0.5 0.5 0.5 0.5 0.5 [7] 0.5 0.5 0.439158 0.5 0.5 0.4295152 0.5 0.5 0.5 [8] 0.5 0.5 0.5 0.4445693 0.5 0.5 0.5 0.5 0.5 [9] 0.5 0.4187393 0.5 0.4627765 0.5 0.5 0.5 0.5 0.5 [10] 0.5 0.4920327 0.5 0.4786212 0.4606693 0.5 0.5 0.5 0.5 [11] 0.5 0.5 0.4672844 0.4690725 0.383901 0.5 0.5 0.5 0.5 [12] 0.5 0.5 0.4589817 0.5 0.5 0.5 0.5 0.5 0.5 
[3] [0] 0.5 0.4719089 0.4575671 0.4524827 0.4721004 0.3969683 0.5 0.5 0.5 [1] 0.5 0.4294285 0.4850067 0.5 0.5 0.5 0.5 0.5 0.5 [2] 0.5 0.4058633 0.3531948 0.5 0.5 0.5 0.5 0.5 0.5 [3] 0.5 0.5 0.4423878 0.4733455 0.5 0.4649823 0.5 0.5 0.5 [4] 0.5 0.473885 0.4437804 0.4854742 0.5 0.4919804 0.5 0.5 0.5 [5] 0.5 0.4258412 0.4048612 0.5 0.4538733 0.5 0.5 0.5 0.5 [6] 0.5 0.4250283 0.5 0.4375561 0.5 0.5 0.5 0.5 0.5 [7] 0.5 0.5 0.4441572 0.5 0.5 0.411348 0.5 0.5 0.5 [8] 0.5 0.5 0.5 0.4546594 0.5 0.5 0.5 0.5 0.5 [9] 0.5 0.4162087 0.5 0.4629143 0.5 0.5 0.5 0.5 0.5 [10] 0.5 0.4768271 0.5 0.4724308 0.4731182 0.5 0.5 0.5 0.5 [11] 0.5 0.5 0.4537983 0.457548 0.3964025 0.5 0.5 0.5 0.5 [12] 0.5 0.5 0.4770643 0.5 0.5 0.5 0.5 0.5 0.5 
[4] [0] 0.5 0.5117052 0.4642071 0.4909599 0.4907258 0.4162578 0.5 0.5 0.5 [1] 0.5 0.4141214 0.475641 0.5 0.5 0.5 0.5 0.5 0.5 [2] 0.5 0.4053369 0.2955991 0.5 0.5 0.5 0.5 0.5 0.5 [3] 0.5 0.5 0.4604425 0.4639819 0.5 0.4423354 0.5 0.5 0.5 [4] 0.5 0.4934558 0.447911 0.5011963 0.5 0.4931222 0.5 0.5 0.5 [5] 0.5 0.4045953 0.44018 0.5 0.4266169 0.5 0.5 0.5 0.5 [6] 0.5 0.4619214 0.5 0.4578678 0.5 0.5 0.5 0.5 0.5 [7] 0.5 0.5 0.4580969 0.5 0.5 0.419898 0.5 0.5 0.5 [8] 0.5 0.5 0.5 0.4381686 0.5 0.5 0.5 0.5 0.5 [9] 0.5 0.4323356 0.5 0.447152 0.5 0.5 0.5 0.5 0.5 [10] 0.5 0.4921433 0.5 0.4547545 0.4607918 0.5 0.5 0.5 0.5 [11] 0.5 0.5 0.4901727 0.4627886 0.3823874 0.5 0.5 0.5 0.5 [12] 0.5 0.5 0.4635031 0.5 0.5 0.5 0.5 0.5 0.5 
[5] [0] 0.5 0.4134127 0.4294181 0.4320262 0.4438537 0.4181121 0.5 0.5 0.5 [1] 0.5 0.3969094 0.4286309 0.5 0.5 0.5 0.5 0.5 0.5 [2] 0.5 0.4061832 0.3944363 0.5 0.5 0.5 0.5 0.5 0.5 [3] 0.5 0.5 0.3977146 0.4161796 0.5 0.4148412 0.5 0.5 0.5 [4] 0.5 0.470844 0.4021469 0.4474288 0.5 0.4252874 0.5 0.5 0.5 [5] 0.5 0.4327467 0.4010049 0.5 0.4059356 0.5 0.5 0.5 0.5 [6] 0.5 0.4159586 0.5 0.4094129 0.5 0.5 0.5 0.5 0.5 [7] 0.5 0.5 0.4208902 0.5 0.5 0.4210229 0.5 0.5 0.5 [8] 0.5 0.5 0.5 0.4093974 0.5 0.5 0.5 0.5 0.5 [9] 0.5 0.4058025 0.5 0.4157476 0.5 0.5 0.5 0.5 0.5 [10] 0.5 0.4745375 0.5 0.4282991 0.430874 0.5 0.5 0.5 0.5 [11] 0.5 0.5 0.4188144 0.4323751 0.400997 0.5 0.5 0.5 0.5 [12] 0.5 0.5 0.4287496 0.5 0.5 0.5 0.5 0.5 0.5 
[6] [0] 0.5 0.5 0.5 0.5 0.5 0.5 0.5 0.5 0.5 [1] 0.5 0.5 0.5 0.5 0.5 0.5 0.5 0.5 0.5 [2] 0.5 0.5 0.5 0.5 0.5 0.5 0.5 0.5 0.5 [3] 0.5 0.5 0.5 0.5 0.5 0.5 0.5 0.5 0.5 [4] 0.5 0.5 0.5 0.5 0.5 0.5 0.5 0.5 0.5 [5] 0.5 0.5 0.5 0.5 0.5 0.5 0.5 0.5 0.5 [6] 0.5 0.5 0.5 0.5 0.5 0.5 0.5 0.5 0.5 [7] 0.5 0.5 0.5 0.5 0.5 0.5 0.5 0.5 0.5 [8] 0.5 0.5 0.5 0.5 0.5 0.5 0.5 0.5 0.5 [9] 0.5 0.5 0.5 0.5 0.5 0.5 0.5 0.5 0.5 [10] 0.5 0.5 0.5 0.5 0.5 0.5 0.5 0.5 0.5 [11] 0.5 0.5 0.5 0.5 0.5 0.5 0.5 0.5 0.5 [12] 0.5 0.5 0.5 0.5 0.5 0.5 0.5 0.5 0.5 
[7] [0] 0.5 0.5 0.5 0.5 0.5 0.5 0.5 0.5 0.5 [1] 0.5 0.5 0.5 0.5 0.5 0.5 0.5 0.5 0.5 [2] 0.5 0.5 0.5 0.5 0.5 0.5 0.5 0.5 0.5 [3] 0.5 0.5 0.5 0.5 0.5 0.5 0.5 0.5 0.5 [4] 0.5 0.5 0.5 0.5 0.5 0.5 0.5 0.5 0.5 [5] 0.5 0.5 0.5 0.5 0.5 0.5 0.5 0.5 0.5 [6] 0.5 0.5 0.5 0.5 0.5 0.5 0.5 0.5 0.5 [7] 0.5 0.5 0.5 0.5 0.5 0.5 0.5 0.5 0.5 [8] 0.5 0.5 0.5 0.5 0.5 0.5 0.5 0.5 0.5 [9] 0.5 0.5 0.5 0.5 0.5 0.5 0.5 0.5 0.5 [10] 0.5 0.5 0.5 0.5 0.5 0.5 0.5 0.5 0.5 [11] 0.5 0.5 0.5 0.5 0.5 0.5 0.5 0.5 0.5 [12] 0.5 0.5 0.5 0.5 0.5 0.5 0.5 0.5 0.5 
[8] [0] 0.5 0.5 0.5 0.5 0.5 0.5 0.5 0.5 0.5 [1] 0.5 0.5 0.5 0.5 0.5 0.5 0.5 0.5 0.5 [2] 0.5 0.5 0.5 0.5 0.5 0.5 0.5 0.5 0.5 [3] 0.5 0.5 0.5 0.5 0.5 0.5 0.5 0.5 0.5 [4] 0.5 0.5 0.5 0.5 0.5 0.5 0.5 0.5 0.5 [5] 0.5 0.5 0.5 0.5 0.5 0.5 0.5 0.5 0.5 [6] 0.5 0.5 0.5 0.5 0.5 0.5 0.5 0.5 0.5 [7] 0.5 0.5 0.5 0.5 0.5 0.5 0.5 0.5 0.5 [8] 0.5 0.5 0.5 0.5 0.5 0.5 0.5 0.5 0.5 [9] 0.5 0.5 0.5 0.5 0.5 0.5 0.5 0.5 0.5 [10] 0.5 0.5 0.5 0.5 0.5 0.5 0.5 0.5 0.5 [11] 0.5 0.5 0.5 0.5 0.5 0.5 0.5 0.5 0.5 [12] 0.5 0.5 0.5 0.5 0.5 0.5 0.5 0.5 0.5 
[1] 
[0] [0] 0.5 0.5 0.5 0.5 0.5 0.5 0.5 0.5 0.5 [1] 0.5 0.5 0.5 0.5 0.5 0.5 0.5 0.5 0.5 [2] 0.5 0.5 0.5 0.5 0.5 0.5 0.5 0.5 0.5 [3] 0.5 0.5 0.5 0.5 0.5 0.5 0.5 0.5 0.5 [4] 0.5 0.5 0.5 0.5 0.5 0.5 0.5 0.5 0.5 [5] 0.5 0.5 0.5 0.5 0.5 0.5 0.5 0.5 0.5 [6] 0.5 0.5 0.5 0.5 0.5 0.5 0.5 0.5 0.5 [7] 0.5 0.5 0.5 0.5 0.5 0.5 0.5 0.5 0.5 [8] 0.5 0.5 0.5 0.5 0.5 0.5 0.5 0.5 0.5 [9] 0.5 0.5 0.5 0.5 0.5 0.5 0.5 0.5 0.5 [10] 0.5 0.5 0.5 0.5 0.5 0.5 0.5 0.5 0.5 [11] 0.5 0.5 0.5 0.5 0.5 0.5 0.5 0.5 0.5 [12] 0.5 0.5 0.5 0.5 0.5 0.5 0.5 0.5 0.5 
[1] [0] 0.5 0.5 0.5 0.5 0.5 0.5 0.5 0.5 0.5 [1] 0.5 0.4413393 0.4596226 0.5 0.5 0.5 0.5 0.5 0.5 [2] 0.5 0.4420566 0.3950309 0.5 0.5 0.5 0.5 0.5 0.5 [3] 0.5 0.5 0.4183923 0.424522 0.5 0.4274542 0.5 0.5 0.5 [4] 0.5 0.4778507 0.451739 0.4476811 0.5 0.4377627 0.5 0.5 0.5 [5] 0.5 0.4023478 0.3966644 0.5 0.4033681 0.5 0.5 0.5 0.5 [6] 0.5 0.4285494 0.5 0.4318635 0.5 0.5 0.5 0.5 0.5 [7] 0.5 0.5 0.4227916 0.5 0.5 0.4406286 0.5 0.5 0.5 [8] 0.5 0.5 0.5 0.4472084 0.5 0.5 0.5 0.5 0.5 [9] 0.5 0.4295257 0.5 0.4210157 0.5 0.5 0.5 0.5 0.5 [10] 0.5 0.4596148 0.5 0.4570509 0.4431504 0.5 0.5 0.5 0.5 [11] 0.5 0.5 0.4301803 0.4427288 0.3968162 0.5 0.5 0.5 0.5 [12] 0.5 0.5 0.4406649 0.5 0.5 0.5 0.5 0.5 0.5 
[2] [0] 0.5 0.5 0.5 0.5 0.5 0.5 0.5 0.5 0.5 [1] 0.5 0.4600322 0.4567196 0.5 0.5 0.5 0.5 0.5 0.5 [2] 0.5 0.4157102 0.3644159 0.5 0.5 0.5 0.5 0.5 0.5 [3] 0.5 0.5 0.4515237 0.4729318 0.5 0.4569403 0.5 0.5 0.5 [4] 0.5 0.4980335 0.4652335 0.4840508 0.5 0.4906335 0.5 0.5 0.5 [5] 0.5 0.4190891 0.4205308 0.5 0.4472674 0.5 0.5 0.5 0.5 [6] 0.5 0.4354888 0.5 0.4469856 0.5 0.5 0.5 0.5 0.5 [7] 0.5 0.5 0.4503557 0.5 0.5 0.4344006 0.5 0.5 0.5 [8] 0.5 0.5 0.5 0.4560487 0.5 0.5 0.5 0.5 0.5 [9] 0.5 0.4428642 0.5 0.4636599 0.5 0.5 0.5 0.5 0.5 [10] 0.5 0.4911436 0.5 0.4736608 0.4782527 0.5 0.5 0.5 0.5 [11] 0.5 0.5 0.4417272 0.4748501 0.3954352 0.5 0.5 0.5 0.5 [12] 0.5 0.5 0.4739117 0.5 0.5 0.5 0.5 0.5 0.5 
[3] [0] 0.5 0.5 0.5 0.5 0.5 0.5 0.5 0.5 0.5 [1] 0.5 0.5 0.5 0.5 0.5 0.5 0.5 0.5 0.5 [2] 0.5 0.5 0.5 0.5 0.5 0.5 0.5 0.5 0.5 [3] 0.5 0.5 0.5 0.5 0.5 0.5 0.5 0.5 0.5 [4] 0.5 0.5 0.5 0.5 0.5 0.5 0.5 0.5 0.5 [5] 0.5 0.5 0.5 0.5 0.5 0.5 0.5 0.5 0.5 [6] 0.5 0.5 0.5 0.5 0.5 0.5 0.5 0.5 0.5 [7] 0.5 0.5 0.5 0.5 0.5 0.5 0.5 0.5 0.5 [8] 0.5 0.5 0.5 0.5 0.5 0.5 0.5 0.5 0.5 [9] 0.5 0.5 0.5 0.5 0.5 0.5 0.5 0.5 0.5 [10] 0.5 0.5 0.5 0.5 0.5 0.5 0.5 0.5 0.5 [11] 0.5 0.5 0.5 0.5 0.5 0.5 0.5 0.5 0.5 [12] 0.5 0.5 0.5 0.5 0.5 0.5 0.5 0.5 0.5 
[4] [0] 0.5 0.5 0.5 0.5 0.5 0.5 0.5 0.5 0.5 [1] 0.5 0.5 0.5 0.5 0.5 0.5 0.5 0.5 0.5 [2] 0.5 0.5 0.5 0.5 0.5 0.5 0.5 0.5 0.5 [3] 0.5 0.5 0.5 0.5 0.5 0.5 0.5 0.5 0.5 [4] 0.5 0.5 0.5 0.5 0.5 0.5 0.5 0.5 0.5 [5] 0.5 0.5 0.5 0.5 0.5 0.5 0.5 0.5 0.5 [6] 0.5 0.5 0.5 0.5 0.5 0.5 0.5 0.5 0.5 [7] 0.5 0.5 0.5 0.5 0.5 0.5 0.5 0.5 0.5 [8] 0.5 0.5 0.5 0.5 0.5 0.5 0.5 0.5 0.5 [9] 0.5 0.5 0.5 0.5 0.5 0.5 0.5 0.5 0.5 [10] 0.5 0.5 0.5 0.5 0.5 0.5 0.5 0.5 0.5 [11] 0.5 0.5 0.5 0.5 0.5 0.5 0.5 0.5 0.5 [12] 0.5 0.5 0.5 0.5 0.5 0.5 0.5 0.5 0.5 
[5] [0] 0.5 0.5 0.5 0.5 0.5 0.5 0.5 0.5 0.5 [1] 0.5 0.5 0.5 0.5 0.5 0.5 0.5 0.5 0.5 [2] 0.5 0.5 0.5 0.5 0.5 0.5 0.5 0.5 0.5 [3] 0.5 0.5 0.5 0.5 0.5 0.5 0.5 0.5 0.5 [4] 0.5 0.5 0.5 0.5 0.5 0.5 0.5 0.5 0.5 [5] 0.5 0.5 0.5 0.5 0.5 0.5 0.5 0.5 0.5 [6] 0.5 0.5 0.5 0.5 0.5 0.5 0.5 0.5 0.5 [7] 0.5 0.5 0.5 0.5 0.5 0.5 0.5 0.5 0.5 [8] 0.5 0.5 0.5 0.5 0.5 0.5 0.5 0.5 0.5 [9] 0.5 0.5 0.5 0.5 0.5 0.5 0.5 0.5 0.5 [10] 0.5 0.5 0.5 0.5 0.5 0.5 0.5 0.5 0.5 [11] 0.5 0.5 0.5 0.5 0.5 0.5 0.5 0.5 0.5 [12] 0.5 0.5 0.5 0.5 0.5 0.5 0.5 0.5 0.5 
[6] [0] 0.5 0.5 0.5 0.5 0.5 0.5 0.5 0.5 0.5 [1] 0.5 0.5 0.5 0.5 0.5 0.5 0.5 0.5 0.5 [2] 0.5 0.5 0.5 0.5 0.5 0.5 0.5 0.5 0.5 [3] 0.5 0.5 0.5 0.5 0.5 0.5 0.5 0.5 0.5 [4] 0.5 0.5 0.5 0.5 0.5 0.5 0.5 0.5 0.5 [5] 0.5 0.5 0.5 0.5 0.5 0.5 0.5 0.5 0.5 [6] 0.5 0.5 0.5 0.5 0.5 0.5 0.5 0.5 0.5 [7] 0.5 0.5 0.5 0.5 0.5 0.5 0.5 0.5 0.5 [8] 0.5 0.5 0.5 0.5 0.5 0.5 0.5 0.5 0.5 [9] 0.5 0.5 0.5 0.5 0.5 0.5 0.5 0.5 0.5 [10] 0.5 0.5 0.5 0.5 0.5 0.5 0.5 0.5 0.5 [11] 0.5 0.5 0.5 0.5 0.5 0.5 0.5 0.5 0.5 [12] 0.5 0.5 0.5 0.5 0.5 0.5 0.5 0.5 0.5 
[7] [0] 0.5 0.5 0.5 0.5 0.5 0.5 0.5 0.5 0.5 [1] 0.5 0.5 0.5 0.5 0.5 0.5 0.5 0.5 0.5 [2] 0.5 0.5 0.5 0.5 0.5 0.5 0.5 0.5 0.5 [3] 0.5 0.5 0.5 0.5 0.5 0.5 0.5 0.5 0.5 [4] 0.5 0.5 0.5 0.5 0.5 0.5 0.5 0.5 0.5 [5] 0.5 0.5 0.5 0.5 0.5 0.5 0.5 0.5 0.5 [6] 0.5 0.5 0.5 0.5 0.5 0.5 0.5 0.5 0.5 [7] 0.5 0.5 0.5 0.5 0.5 0.5 0.5 0.5 0.5 [8] 0.5 0.5 0.5 0.5 0.5 0.5 0.5 0.5 0.5 [9] 0.5 0.5 0.5 0.5 0.5 0.5 0.5 0.5 0.5 [10] 0.5 0.5 0.5 0.5 0.5 0.5 0.5 0.5 0.5 [11] 0.5 0.5 0.5 0.5 0.5 0.5 0.5 0.5 0.5 [12] 0.5 0.5 0.5 0.5 0.5 0.5 0.5 0.5 0.5 
[8] [0] 0.5 0.5 0.5 0.5 0.5 0.5 0.5 0.5 0.5 [1] 0.5 0.5 0.5 0.5 0.5 0.5 0.5 0.5 0.5 [2] 0.5 0.5 0.5 0.5 0.5 0.5 0.5 0.5 0.5 [3] 0.5 0.5 0.5 0.5 0.5 0.5 0.5 0.5 0.5 [4] 0.5 0.5 0.5 0.5 0.5 0.5 0.5 0.5 0.5 [5] 0.5 0.5 0.5 0.5 0.5 0.5 0.5 0.5 0.5 [6] 0.5 0.5 0.5 0.5 0.5 0.5 0.5 0.5 0.5 [7] 0.5 0.5 0.5 0.5 0.5 0.5 0.5 0.5 0.5 [8] 0.5 0.5 0.5 0.5 0.5 0.5 0.5 0.5 0.5 [9] 0.5 0.5 0.5 0.5 0.5 0.5 0.5 0.5 0.5 [10] 0.5 0.5 0.5 0.5 0.5 0.5 0.5 0.5 0.5 [11] 0.5 0.5 0.5 0.5 0.5 0.5 0.5 0.5 0.5 [12] 0.5 0.5 0.5 0.5 0.5 0.5 0.5 0.5 0.5 
[2] 
[0] [0] 0.5 0.5 0.5 0.5 0.5 0.5 0.5 0.5 0.5 [1] 0.5 0.5 0.5 0.5 0.5 0.5 0.5 0.5 0.5 [2] 0.5 0.5 0.5 0.5 0.5 0.5 0.5 0.5 0.5 [3] 0.5 0.5 0.5 0.5 0.5 0.5 0.5 0.5 0.5 [4] 0.5 0.5 0.5 0.5 0.5 0.5 0.5 0.5 0.5 [5] 0.5 0.5 0.5 0.5 0.5 0.5 0.5 0.5 0.5 [6] 0.5 0.5 0.5 0.5 0.5 0.5 0.5 0.5 0.5 [7] 0.5 0.5 0.5 0.5 0.5 0.5 0.5 0.5 0.5 [8] 0.5 0.5 0.5 0.5 0.5 0.5 0.5 0.5 0.5 [9] 0.5 0.5 0.5 0.5 0.5 0.5 0.5 0.5 0.5 [10] 0.5 0.5 0.5 0.5 0.5 0.5 0.5 0.5 0.5 [11] 0.5 0.5 0.5 0.5 0.5 0.5 0.5 0.5 0.5 [12] 0.5 0.5 0.5 0.5 0.5 0.5 0.5 0.5 0.5 
[1] [0] 0.5 0.5 0.5 0.5 0.5 0.5 0.5 0.5 0.5 [1] 0.5 0.5 0.5 0.5 0.5 0.5 0.5 0.5 0.5 [2] 0.5 0.4099057 0.4166531 0.5 0.5 0.5 0.5 0.5 0.5 [3] 0.5 0.5 0.4185205 0.4181968 0.5 0.4228293 0.5 0.5 0.5 [4] 0.5 0.476009 0.4280232 0.4086494 0.5 0.4226402 0.5 0.5 0.5 [5] 0.5 0.4334944 0.4146116 0.5 0.4317414 0.5 0.5 0.5 0.5 [6] 0.5 0.4334701 0.5 0.4338594 0.5 0.5 0.5 0.5 0.5 [7] 0.5 0.5 0.4490942 0.5 0.5 0.4270396 0.5 0.5 0.5 [8] 0.5 0.5 0.5 0.4460308 0.5 0.5 0.5 0.5 0.5 [9] 0.5 0.4306911 0.5 0.4388505 0.5 0.5 0.5 0.5 0.5 [10] 0.5 0.4686791 0.5 0.4405863 0.4131642 0.5 0.5 0.5 0.5 [11] 0.5 0.5 0.4553641 0.4553763 0.398012 0.5 0.5 0.5 0.5 [12] 0.5 0.5 0.4033736 0.5 0.5 0.5 0.5 0.5 0.5 
[2] [0] 0.5 0.5 0.5 0.5 0.5 0.5 0.5 0.5 0.5 [1] 0.5 0.5 0.5 0.5 0.5 0.5 0.5 0.5 0.5 [2] 0.5 0.399 0.4263877 0.5 0.5 0.5 0.5 0.5 0.5 [3] 0.5 0.5 0.3945112 0.38422 0.5 0.3992184 0.5 0.5 0.5 [4] 0.5 0.4083612 0.397614 0.3568451 0.5 0.3815497 0.5 0.5 0.5 [5] 0.5 0.4204444 0.4064176 0.5 0.3939202 0.5 0.5 0.5 0.5 [6] 0.5 0.4114913 0.5 0.3992014 0.5 0.5 0.5 0.5 0.5 [7] 0.5 0.5 0.41154 0.5 0.5 0.4135392 0.5 0.5 0.5 [8] 0.5 0.5 0.5 0.391793 0.5 0.5 0.5 0.5 0.5 [9] 0.5 0.4193065 0.5 0.3921777 0.5 0.5 0.5 0.5 0.5 [10] 0.5 0.412021 0.5 0.3693467 0.3607378 0.5 0.5 0.5 0.5 [11] 0.5 0.5 0.398007 0.3883798 0.4033375 0.5 0.5 0.5 0.5 [12] 0.5 0.5 0.3522558 0.5 0.5 0.5 0.5 0.5 0.5 
[3] [0] 0.5 0.5 0.5 0.5 0.5 0.5 0.5 0.5 0.5 [1] 0.5 0.5 0.5 0.5 0.5 0.5 0.5 0.5 0.5 [2] 0.5 0.5 0.5 0.5 0.5 0.5 0.5 0.5 0.5 [3] 0.5 0.5 0.5 0.5 0.5 0.5 0.5 0.5 0.5 [4] 0.5 0.5 0.5 0.5 0.5 0.5 0.5 0.5 0.5 [5] 0.5 0.5 0.5 0.5 0.5 0.5 0.5 0.5 0.5 [6] 0.5 0.5 0.5 0.5 0.5 0.5 0.5 0.5 0.5 [7] 0.5 0.5 0.5 0.5 0.5 0.5 0.5 0.5 0.5 [8] 0.5 0.5 0.5 0.5 0.5 0.5 0.5 0.5 0.5 [9] 0.5 0.5 0.5 0.5 0.5 0.5 0.5 0.5 0.5 [10] 0.5 0.5 0.5 0.5 0.5 0.5 0.5 0.5 0.5 [11] 0.5 0.5 0.5 0.5 0.5 0.5 0.5 0.5 0.5 [12] 0.5 0.5 0.5 0.5 0.5 0.5 0.5 0.5 0.5 
[4] [0] 0.5 0.5 0.5 0.5 0.5 0.5 0.5 0.5 0.5 [1] 0.5 0.5 0.5 0.5 0.5 0.5 0.5 0.5 0.5 [2] 0.5 0.5 0.5 0.5 0.5 0.5 0.5 0.5 0.5 [3] 0.5 0.5 0.5 0.5 0.5 0.5 0.5 0.5 0.5 [4] 0.5 0.5 0.5 0.5 0.5 0.5 0.5 0.5 0.5 [5] 0.5 0.5 0.5 0.5 0.5 0.5 0.5 0.5 0.5 [6] 0.5 0.5 0.5 0.5 0.5 0.5 0.5 0.5 0.5 [7] 0.5 0.5 0.5 0.5 0.5 0.5 0.5 0.5 0.5 [8] 0.5 0.5 0.5 0.5 0.5 0.5 0.5 0.5 0.5 [9] 0.5 0.5 0.5 0.5 0.5 0.5 0.5 0.5 0.5 [10] 0.5 0.5 0.5 0.5 0.5 0.5 0.5 0.5 0.5 [11] 0.5 0.5 0.5 0.5 0.5 0.5 0.5 0.5 0.5 [12] 0.5 0.5 0.5 0.5 0.5 0.5 0.5 0.5 0.5 
[5] [0] 0.5 0.5 0.5 0.5 0.5 0.5 0.5 0.5 0.5 [1] 0.5 0.5 0.5 0.5 0.5 0.5 0.5 0.5 0.5 [2] 0.5 0.5 0.5 0.5 0.5 0.5 0.5 0.5 0.5 [3] 0.5 0.5 0.5 0.5 0.5 0.5 0.5 0.5 0.5 [4] 0.5 0.5 0.5 0.5 0.5 0.5 0.5 0.5 0.5 [5] 0.5 0.5 0.5 0.5 0.5 0.5 0.5 0.5 0.5 [6] 0.5 0.5 0.5 0.5 0.5 0.5 0.5 0.5 0.5 [7] 0.5 0.5 0.5 0.5 0.5 0.5 0.5 0.5 0.5 [8] 0.5 0.5 0.5 0.5 0.5 0.5 0.5 0.5 0.5 [9] 0.5 0.5 0.5 0.5 0.5 0.5 0.5 0.5 0.5 [10] 0.5 0.5 0.5 0.5 0.5 0.5 0.5 0.5 0.5 [11] 0.5 0.5 0.5 0.5 0.5 0.5 0.5 0.5 0.5 [12] 0.5 0.5 0.5 0.5 0.5 0.5 0.5 0.5 0.5 
[6] [0] 0.5 0.5 0.5 0.5 0.5 0.5 0.5 0.5 0.5 [1] 0.5 0.5 0.5 0.5 0.5 0.5 0.5 0.5 0.5 [2] 0.5 0.5 0.5 0.5 0.5 0.5 0.5 0.5 0.5 [3] 0.5 0.5 0.5 0.5 0.5 0.5 0.5 0.5 0.5 [4] 0.5 0.5 0.5 0.5 0.5 0.5 0.5 0.5 0.5 [5] 0.5 0.5 0.5 0.5 0.5 0.5 0.5 0.5 0.5 [6] 0.5 0.5 0.5 0.5 0.5 0.5 0.5 0.5 0.5 [7] 0.5 0.5 0.5 0.5 0.5 0.5 0.5 0.5 0.5 [8] 0.5 0.5 0.5 0.5 0.5 0.5 0.5 0.5 0.5 [9] 0.5 0.5 0.5 0.5 0.5 0.5 0.5 0.5 0.5 [10] 0.5 0.5 0.5 0.5 0.5 0.5 0.5 0.5 0.5 [11] 0.5 0.5 0.5 0.5 0.5 0.5 0.5 0.5 0.5 [12] 0.5 0.5 0.5 0.5 0.5 0.5 0.5 0.5 0.5 
[7] [0] 0.5 0.5 0.5 0.5 0.5 0.5 0.5 0.5 0.5 [1] 0.5 0.5 0.5 0.5 0.5 0.5 0.5 0.5 0.5 [2] 0.5 0.5 0.5 0.5 0.5 0.5 0.5 0.5 0.5 [3] 0.5 0.5 0.5 0.5 0.5 0.5 0.5 0.5 0.5 [4] 0.5 0.5 0.5 0.5 0.5 0.5 0.5 0.5 0.5 [5] 0.5 0.5 0.5 0.5 0.5 0.5 0.5 0.5 0.5 [6] 0.5 0.5 0.5 0.5 0.5 0.5 0.5 0.5 0.5 [7] 0.5 0.5 0.5 0.5 0.5 0.5 0.5 0.5 0.5 [8] 0.5 0.5 0.5 0.5 0.5 0.5 0.5 0.5 0.5 [9] 0.5 0.5 0.5 0.5 0.5 0.5 0.5 0.5 0.5 [10] 0.5 0.5 0.5 0.5 0.5 0.5 0.5 0.5 0.5 [11] 0.5 0.5 0.5 0.5 0.5 0.5 0.5 0.5 0.5 [12] 0.5 0.5 0.5 0.5 0.5 0.5 0.5 0.5 0.5 
[8] [0] 0.5 0.5 0.5 0.5 0.5 0.5 0.5 0.5 0.5 [1] 0.5 0.5 0.5 0.5 0.5 0.5 0.5 0.5 0.5 [2] 0.5 0.5 0.5 0.5 0.5 0.5 0.5 0.5 0.5 [3] 0.5 0.5 0.5 0.5 0.5 0.5 0.5 0.5 0.5 [4] 0.5 0.5 0.5 0.5 0.5 0.5 0.5 0.5 0.5 [5] 0.5 0.5 0.5 0.5 0.5 0.5 0.5 0.5 0.5 [6] 0.5 0.5 0.5 0.5 0.5 0.5 0.5 0.5 0.5 [7] 0.5 0.5 0.5 0.5 0.5 0.5 0.5 0.5 0.5 [8] 0.5 0.5 0.5 0.5 0.5 0.5 0.5 0.5 0.5 [9] 0.5 0.5 0.5 0.5 0.5 0.5 0.5 0.5 0.5 [10] 0.5 0.5 0.5 0.5 0.5 0.5 0.5 0.5 0.5 [11] 0.5 0.5 0.5 0.5 0.5 0.5 0.5 0.5 0.5 [12] 0.5 0.5 0.5 0.5 0.5 0.5 0.5 0.5 0.5 
[3] 
[0] [0] 0.5 0.5 0.5 0.5 0.5 0.5 0.5 0.5 0.5 [1] 0.5 0.5 0.5 0.5 0.5 0.5 0.5 0.5 0.5 [2] 0.5 0.5 0.5 0.5 0.5 0.5 0.5 0.5 0.5 [3] 0.5 0.5 0.5 0.5 0.5 0.5 0.5 0.5 0.5 [4] 0.5 0.5 0.5 0.5 0.5 0.5 0.5 0.5 0.5 [5] 0.5 0.5 0.5 0.5 0.5 0.5 0.5 0.5 0.5 [6] 0.5 0.5 0.5 0.5 0.5 0.5 0.5 0.5 0.5 [7] 0.5 0.5 0.5 0.5 0.5 0.5 0.5 0.5 0.5 [8] 0.5 0.5 0.5 0.5 0.5 0.5 0.5 0.5 0.5 [9] 0.5 0.5 0.5 0.5 0.5 0.5 0.5 0.5 0.5 [10] 0.5 0.5 0.5 0.5 0.5 0.5 0.5 0.5 0.5 [11] 0.5 0.5 0.5 0.5 0.5 0.5 0.5 0.5 0.5 [12] 0.5 0.5 0.5 0.5 0.5 0.5 0.5 0.5 0.5 
[1] [0] 0.5 0.5 0.5 0.5 0.5 0.5 0.5 0.5 0.5 [1] 0.5 0.5 0.5 0.5 0.5 0.5 0.5 0.5 0.5 [2] 0.5 0.5 0.5 0.5 0.5 0.5 0.5 0.5 0.5 [3] 0.5 0.5 0.5 0.5 0.5 0.5 0.5 0.5 0.5 [4] 0.5 0.5 0.5 0.5 0.5 0.5 0.5 0.5 0.5 [5] 0.5 0.5 0.5 0.5 0.5 0.5 0.5 0.5 0.5 [6] 0.5 0.5 0.5 0.5 0.5 0.5 0.5 0.5 0.5 [7] 0.5 0.5 0.5 0.5 0.5 0.5 0.5 0.5 0.5 [8] 0.5 0.5 0.5 0.5 0.5 0.5 0.5 0.5 0.5 [9] 0.5 0.5 0.5 0.5 0.5 0.5 0.5 0.5 0.5 [10] 0.5 0.5 0.5 0.5 0.5 0.5 0.5 0.5 0.5 [11] 0.5 0.5 0.5 0.5 0.5 0.5 0.5 0.5 0.5 [12] 0.5 0.5 0.5 0.5 0.5 0.5 0.5 0.5 0.5 
[2] [0] 0.5 0.5 0.5 0.5 0.5 0.5 0.5 0.5 0.5 [1] 0.5 0.5 0.5 0.5 0.5 0.5 0.5 0.5 0.5 [2] 0.5 0.5 0.5 0.5 0.5 0.5 0.5 0.5 0.5 [3] 0.5 0.5 0.4114274 0.4406824 0.5 0.4585053 0.5 0.5 0.5 [4] 0.5 0.4683513 0.4164349 0.4724684 0.5 0.462885 0.5 0.5 0.5 [5] 0.5 0.4135164 0.4046991 0.5 0.4330227 0.5 0.5 0.5 0.5 [6] 0.5 0.4326333 0.5 0.4149795 0.5 0.5 0.5 0.5 0.5 [7] 0.5 0.5 0.4416603 0.5 0.5 0.4517466 0.5 0.5 0.5 [8] 0.5 0.5 0.5 0.4597207 0.5 0.5 0.5 0.5 0.5 [9] 0.5 0.4028877 0.5 0.4703359 0.5 0.5 0.5 0.5 0.5 [10] 0.5 0.4660599 0.5 0.4478571 0.4605268 0.5 0.5 0.5 0.5 [11] 0.5 0.5 0.4502848 0.46237 0.3947036 0.5 0.5 0.5 0.5 [12] 0.5 0.5 0.4476776 0.5 0.5 0.5 0.5 0.5 0.5 
[3] [0] 0.5 0.5 0.5 0.5 0.5 0.5 0.5 0.5 0.5 [1] 0.5 0.5 0.5 0.5 0.5 0.5 0.5 0.5 0.5 [2] 0.5 0.5 0.5 0.5 0.5 0.5 0.5 0.5 0.5 [3] 0.5 0.5 0.4348881 0.4631112 0.5 0.4488596 0.5 0.5 0.5 [4] 0.5 0.4703695 0.4393775 0.4627912 0.5 0.4781013 0.5 0.5 0.5 [5] 0.5 0.422753 0.4050336 0.5 0.4205318 0.5 0.5 0.5 0.5 [6] 0.5 0.4515133 0.5 0.4397325 0.5 0.5 0.5 0.5 0.5 [7] 0.5 0.5 0.458371 0.5 0.5 0.4365575 0.5 0.5 0.5 [8] 0.5 0.5 0.5 0.4588969 0.5 0.5 0.5 0.5 0.5 [9] 0.5 0.4209963 0.5 0.4533241 0.5 0.5 0.5 0.5 0.5 [10] 0.5 0.4820903 0.5 0.4775825 0.4699092 0.5 0.5 0.5 0.5 [11] 0.5 0.5 0.4524251 0.455792 0.3981504 0.5 0.5 0.5 0.5 [12] 0.5 0.5 0.4722655 0.5 0.5 0.5 0.5 0.5 0.5 
[4] [0] 0.5 0.5 0.5 0.5 0.5 0.5 0.5 0.5 0.5 [1] 0.5 0.5 0.5 0.5 0.5 0.5 0.5 0.5 0.5 [2] 0.5 0.5 0.5 0.5 0.5 0.5 0.5 0.5 0.5 [3] 0.5 0.5 0.5 0.5 0.5 0.5 0.5 0.5 0.5 [4] 0.5 0.5 0.5 0.5 0.5 0.5 0.5 0.5 0.5 [5] 0.5 0.5 0.5 0.5 0.5 0.5 0.5 0.5 0.5 [6] 0.5 0.5 0.5 0.5 0.5 0.5 0.5 0.5 0.5 [7] 0.5 0.5 0.5 0.5 0.5 0.5 0.5 0.5 0.5 [8] 0.5 0.5 0.5 0.5 0.5 0.5 0.5 0.5 0.5 [9] 0.5 0.5 0.5 0.5 0.5 0.5 0.5 0.5 0.5 [10] 0.5 0.5 0.5 0.5 0.5 0.5 0.5 0.5 0.5 [11] 0.5 0.5 0.5 0.5 0.5 0.5 0.5 0.5 0.5 [12] 0.5 0.5 0.5 0.5 0.5 0.5 0.5 0.5 0.5 
[5] [0] 0.5 0.5 0.5 0.5 0.5 0.5 0.5 0.5 0.5 [1] 0.5 0.5 0.5 0.5 0.5 0.5 0.5 0.5 0.5 [2] 0.5 0.5 0.5 0.5 0.5 0.5 0.5 0.5 0.5 [3] 0.5 0.5 0.4521792 0.4731908 0.5 0.4898069 0.5 0.5 0.5 [4] 0.5 0.4702386 0.4388756 0.4695589 0.5 0.4621342 0.5 0.5 0.5 [5] 0.5 0.4270809 0.4042778 0.5 0.4403135 0.5 0.5 0.5 0.5 [6] 0.5 0.4401014 0.5 0.4421355 0.5 0.5 0.5 0.5 0.5 [7] 0.5 0.5 0.4290126 0.5 0.5 0.4214075 0.5 0.5 0.5 [8] 0.5 0.5 0.5 0.4717138 0.5 0.5 0.5 0.5 0.5 [9] 0.5 0.4280424 0.5 0.4433425 0.5 0.5 0.5 0.5 0.5 [10] 0.5 0.4893278 0.5 0.4631282 0.4567 0.5 0.5 0.5 0.5 [11] 0.5 0.5 0.4461185 0.4489805 0.4119041 0.5 0.5 0.5 0.5 [12] 0.5 0.5 0.4622801 0.5 0.5 0.5 0.5 0.5 0.5 
[6] [0] 0.5 0.5 0.5 0.5 0.5 0.5 0.5 0.5 0.5 [1] 0.5 0.5 0.5 0.5 0.5 0.5 0.5 0.5 0.5 [2] 0.5 0.5 0.5 0.5 0.5 0.5 0.5 0.5 0.5 [3] 0.5 0.5 0.5 0.5 0.5 0.5 0.5 0.5 0.5 [4] 0.5 0.5 0.5 0.5 0.5 0.5 0.5 0.5 0.5 [5] 0.5 0.5 0.5 0.5 0.5 0.5 0.5 0.5 0.5 [6] 0.5 0.5 0.5 0.5 0.5 0.5 0.5 0.5 0.5 [7] 0.5 0.5 0.5 0.5 0.5 0.5 0.5 0.5 0.5 [8] 0.5 0.5 0.5 0.5 0.5 0.5 0.5 0.5 0.5 [9] 0.5 0.5 0.5 0.5 0.5 0.5 0.5 0.5 0.5 [10] 0.5 0.5 0.5 0.5 0.5 0.5 0.5 0.5 0.5 [11] 0.5 0.5 0.5 0.5 0.5 0.5 0.5 0.5 0.5 [12] 0.5 0.5 0.5 0.5 0.5 0.5 0.5 0.5 0.5 
[7] [0] 0.5 0.5 0.5 0.5 0.5 0.5 0.5 0.5 0.5 [1] 0.5 0.5 0.5 0.5 0.5 0.5 0.5 0.5 0.5 [2] 0.5 0.5 0.5 0.5 0.5 0.5 0.5 0.5 0.5 [3] 0.5 0.5 0.5 0.5 0.5 0.5 0.5 0.5 0.5 [4] 0.5 0.5 0.5 0.5 0.5 0.5 0.5 0.5 0.5 [5] 0.5 0.5 0.5 0.5 0.5 0.5 0.5 0.5 0.5 [6] 0.5 0.5 0.5 0.5 0.5 0.5 0.5 0.5 0.5 [7] 0.5 0.5 0.5 0.5 0.5 0.5 0.5 0.5 0.5 [8] 0.5 0.5 0.5 0.5 0.5 0.5 0.5 0.5 0.5 [9] 0.5 0.5 0.5 0.5 0.5 0.5 0.5 0.5 0.5 [10] 0.5 0.5 0.5 0.5 0.5 0.5 0.5 0.5 0.5 [11] 0.5 0.5 0.5 0.5 0.5 0.5 0.5 0.5 0.5 [12] 0.5 0.5 0.5 0.5 0.5 0.5 0.5 0.5 0.5 
[8] [0] 0.5 0.5 0.5 0.5 0.5 0.5 0.5 0.5 0.5 [1] 0.5 0.5 0.5 0.5 0.5 0.5 0.5 0.5 0.5 [2] 0.5 0.5 0.5 0.5 0.5 0.5 0.5 0.5 0.5 [3] 0.5 0.5 0.5 0.5 0.5 0.5 0.5 0.5 0.5 [4] 0.5 0.5 0.5 0.5 0.5 0.5 0.5 0.5 0.5 [5] 0.5 0.5 0.5 0.5 0.5 0.5 0.5 0.5 0.5 [6] 0.5 0.5 0.5 0.5 0.5 0.5 0.5 0.5 0.5 [7] 0.5 0.5 0.5 0.5 0.5 0.5 0.5 0.5 0.5 [8] 0.5 0.5 0.5 0.5 0.5 0.5 0.5 0.5 0.5 [9] 0.5 0.5 0.5 0.5 0.5 0.5 0.5 0.5 0.5 [10] 0.5 0.5 0.5 0.5 0.5 0.5 0.5 0.5 0.5 [11] 0.5 0.5 0.5 0.5 0.5 0.5 0.5 0.5 0.5 [12] 0.5 0.5 0.5 0.5 0.5 0.5 0.5 0.5 0.5 
[4] 
[0] [0] 0.5 0.5 0.5 0.5 0.5 0.5 0.5 0.5 0.5 [1] 0.5 0.5 0.5 0.5 0.5 0.5 0.5 0.5 0.5 [2] 0.5 0.5 0.5 0.5 0.5 0.5 0.5 0.5 0.5 [3] 0.5 0.5 0.5 0.5 0.5 0.5 0.5 0.5 0.5 [4] 0.5 0.5 0.5 0.5 0.5 0.5 0.5 0.5 0.5 [5] 0.5 0.5 0.5 0.5 0.5 0.5 0.5 0.5 0.5 [6] 0.5 0.5 0.5 0.5 0.5 0.5 0.5 0.5 0.5 [7] 0.5 0.5 0.5 0.5 0.5 0.5 0.5 0.5 0.5 [8] 0.5 0.5 0.5 0.5 0.5 0.5 0.5 0.5 0.5 [9] 0.5 0.5 0.5 0.5 0.5 0.5 0.5 0.5 0.5 [10] 0.5 0.5 0.5 0.5 0.5 0.5 0.5 0.5 0.5 [11] 0.5 0.5 0.5 0.5 0.5 0.5 0.5 0.5 0.5 [12] 0.5 0.5 0.5 0.5 0.5 0.5 0.5 0.5 0.5 
[1] [0] 0.5 0.5 0.5 0.5 0.5 0.5 0.5 0.5 0.5 [1] 0.5 0.5 0.5 0.5 0.5 0.5 0.5 0.5 0.5 [2] 0.5 0.5 0.5 0.5 0.5 0.5 0.5 0.5 0.5 [3] 0.5 0.5 0.5 0.5 0.5 0.5 0.5 0.5 0.5 [4] 0.5 0.4742396 0.4891582 0.4836278 0.5 0.4944849 0.5 0.5 0.5 [5] 0.5 0.4580622 0.4509754 0.5 0.4490837 0.5 0.5 0.5 0.5 [6] 0.5 0.4656665 0.5 0.5011006 0.5 0.5 0.5 0.5 0.5 [7] 0.5 0.5 0.4671125 0.5 0.5 0.475397 0.5 0.5 0.5 [8] 0.5 0.5 0.5 0.4853222 0.5 0.5 0.5 0.5 0.5 [9] 0.5 0.4984937 0.5 0.4719108 0.5 0.5 0.5 0.5 0.5 [10] 0.5 0.5062785 0.5 0.4701397 0.5052487 0.5 0.5 0.5 0.5 [11] 0.5 0.5 0.4743426 0.486102 0.4744302 0.5 0.5 0.5 0.5 [12] 0.5 0.5 0.505756 0.5 0.5 0.5 0.5 0.5 0.5 
[2] [0] 0.5 0.5 0.5 0.5 0.5 0.5 0.5 0.5 0.5 [1] 0.5 0.5 0.5 0.5 0.5 0.5 0.5 0.5 0.5 [2] 0.5 0.5 0.5 0.5 0.5 0.5 0.5 0.5 0.5 [3] 0.5 0.5 0.5 0.5 0.5 0.5 0.5 0.5 0.5 [4] 0.5 0.491065 0.4570004 0.4684696 0.5 0.4844533 0.5 0.5 0.5 [5] 0.5 0.4214234 0.4188039 0.5 0.4238751 0.5 0.5 0.5 0.5 [6] 0.5 0.4333426 0.5 0.4188067 0.5 0.5 0.5 0.5 0.5 [7] 0.5 0.5 0.4202306 0.5 0.5 0.4518607 0.5 0.5 0.5 [8] 0.5 0.5 0.5 0.46411 0.5 0.5 0.5 0.5 0.5 [9] 0.5 0.4270601 0.5 0.4403109 0.5 0.5 0.5 0.5 0.5 [10] 0.5 0.4714416 0.5 0.4487118 0.4509594 0.5 0.5 0.5 0.5 [11] 0.5 0.5 0.4357753 0.4584615 0.3956299 0.5 0.5 0.5 0.5 [12] 0.5 0.5 0.4592512 0.5 0.5 0.5 0.5 0.5 0.5 
[3] [0] 0.5 0.5 0.5 0.5 0.5 0.5 0.5 0.5 0.5 [1] 0.5 0.5 0.5 0.5 0.5 0.5 0.5 0.5 0.5 [2] 0.5 0.5 0.5 0.5 0.5 0.5 0.5 0.5 0.5 [3] 0.5 0.5 0.5 0.5 0.5 0.5 0.5 0.5 0.5 [4] 0.5 0.5077212 0.4229483 0.4787137 0.5 0.4862618 0.5 0.5 0.5 [5] 0.5 0.4386894 0.4455651 0.5 0.4646755 0.5 0.5 0.5 0.5 [6] 0.5 0.4222289 0.5 0.4577946 0.5 0.5 0.5 0.5 0.5 [7] 0.5 0.5 0.4544998 0.5 0.5 0.436399 0.5 0.5 0.5 [8] 0.5 0.5 0.5 0.449654 0.5 0.5 0.5 0.5 0.5 [9] 0.5 0.4454948 0.5 0.4705516 0.5 0.5 0.5 0.5 0.5 [10] 0.5 0.4838123 0.5 0.4763019 0.4781577 0.5 0.5 0.5 0.5 [11] 0.5 0.5 0.4850532 0.4775571 0.3963768 0.5 0.5 0.5 0.5 [12] 0.5 0.5 0.4743153 0.5 0.5 0.5 0.5 0.5 0.5 
[4] [0] 0.5 0.5 0.5 0.5 0.5 0.5 0.5 0.5 0.5 [1] 0.5 0.5 0.5 0.5 0.5 0.5 0.5 0.5 0.5 [2] 0.5 0.5 0.5 0.5 0.5 0.5 0.5 0.5 0.5 [3] 0.5 0.5 0.5 0.5 0.5 0.5 0.5 0.5 0.5 [4] 0.5 0.5 0.5 0.5 0.5 0.5 0.5 0.5 0.5 [5] 0.5 0.5 0.5 0.5 0.5 0.5 0.5 0.5 0.5 [6] 0.5 0.5 0.5 0.5 0.5 0.5 0.5 0.5 0.5 [7] 0.5 0.5 0.5 0.5 0.5 0.5 0.5 0.5 0.5 [8] 0.5 0.5 0.5 0.5 0.5 0.5 0.5 0.5 0.5 [9] 0.5 0.5 0.5 0.5 0.5 0.5 0.5 0.5 0.5 [10] 0.5 0.5 0.5 0.5 0.5 0.5 0.5 0.5 0.5 [11] 0.5 0.5 0.5 0.5 0.5 0.5 0.5 0.5 0.5 [12] 0.5 0.5 0.5 0.5 0.5 0.5 0.5 0.5 0.5 
[5] [0] 0.5 0.5 0.5 0.5 0.5 0.5 0.5 0.5 0.5 [1] 0.5 0.5 0.5 0.5 0.5 0.5 0.5 0.5 0.5 [2] 0.5 0.5 0.5 0.5 0.5 0.5 0.5 0.5 0.5 [3] 0.5 0.5 0.5 0.5 0.5 0.5 0.5 0.5 0.5 [4] 0.5 0.4858179 0.4497843 0.4964672 0.5 0.4605781 0.5 0.5 0.5 [5] 0.5 0.4352481 0.4270488 0.5 0.4503937 0.5 0.5 0.5 0.5 [6] 0.5 0.4454968 0.5 0.4527209 0.5 0.5 0.5 0.5 0.5 [7] 0.5 0.5 0.4667996 0.5 0.5 0.4313913 0.5 0.5 0.5 [8] 0.5 0.5 0.5 0.4705755 0.5 0.5 0.5 0.5 0.5 [9] 0.5 0.4342647 0.5 0.4794647 0.5 0.5 0.5 0.5 0.5 [10] 0.5 0.4933107 0.5 0.4851882 0.4870149 0.5 0.5 0.5 0.5 [11] 0.5 0.5 0.4758344 0.4844209 0.3981378 0.5 0.5 0.5 0.5 [12] 0.5 0.5 0.4857267 0.5 0.5 0.5 0.5 0.5 0.5 
[6] [0] 0.5 0.5 0.5 0.5 0.5 0.5 0.5 0.5 0.5 [1] 0.5 0.5 0.5 0.5 0.5 0.5 0.5 0.5 0.5 [2] 0.5 0.5 0.5 0.5 0.5 0.5 0.5 0.5 0.5 [3] 0.5 0.5 0.5 0.5 0.5 0.5 0.5 0.5 0.5 [4] 0.5 0.5 0.5 0.5 0.5 0.5 0.5 0.5 0.5 [5] 0.5 0.5 0.5 0.5 0.5 0.5 0.5 0.5 0.5 [6] 0.5 0.5 0.5 0.5 0.5 0.5 0.5 0.5 0.5 [7] 0.5 0.5 0.5 0.5 0.5 0.5 0.5 0.5 0.5 [8] 0.5 0.5 0.5 0.5 0.5 0.5 0.5 0.5 0.5 [9] 0.5 0.5 0.5 0.5 0.5 0.5 0.5 0.5 0.5 [10] 0.5 0.5 0.5 0.5 0.5 0.5 0.5 0.5 0.5 [11] 0.5 0.5 0.5 0.5 0.5 0.5 0.5 0.5 0.5 [12] 0.5 0.5 0.5 0.5 0.5 0.5 0.5 0.5 0.5 
[7] [0] 0.5 0.5 0.5 0.5 0.5 0.5 0.5 0.5 0.5 [1] 0.5 0.5 0.5 0.5 0.5 0.5 0.5 0.5 0.5 [2] 0.5 0.5 0.5 0.5 0.5 0.5 0.5 0.5 0.5 [3] 0.5 0.5 0.5 0.5 0.5 0.5 0.5 0.5 0.5 [4] 0.5 0.5 0.5 0.5 0.5 0.5 0.5 0.5 0.5 [5] 0.5 0.5 0.5 0.5 0.5 0.5 0.5 0.5 0.5 [6] 0.5 0.5 0.5 0.5 0.5 0.5 0.5 0.5 0.5 [7] 0.5 0.5 0.5 0.5 0.5 0.5 0.5 0.5 0.5 [8] 0.5 0.5 0.5 0.5 0.5 0.5 0.5 0.5 0.5 [9] 0.5 0.5 0.5 0.5 0.5 0.5 0.5 0.5 0.5 [10] 0.5 0.5 0.5 0.5 0.5 0.5 0.5 0.5 0.5 [11] 0.5 0.5 0.5 0.5 0.5 0.5 0.5 0.5 0.5 [12] 0.5 0.5 0.5 0.5 0.5 0.5 0.5 0.5 0.5 
[8] [0] 0.5 0.5 0.5 0.5 0.5 0.5 0.5 0.5 0.5 [1] 0.5 0.5 0.5 0.5 0.5 0.5 0.5 0.5 0.5 [2] 0.5 0.5 0.5 0.5 0.5 0.5 0.5 0.5 0.5 [3] 0.5 0.5 0.5 0.5 0.5 0.5 0.5 0.5 0.5 [4] 0.5 0.5 0.5 0.5 0.5 0.5 0.5 0.5 0.5 [5] 0.5 0.5 0.5 0.5 0.5 0.5 0.5 0.5 0.5 [6] 0.5 0.5 0.5 0.5 0.5 0.5 0.5 0.5 0.5 [7] 0.5 0.5 0.5 0.5 0.5 0.5 0.5 0.5 0.5 [8] 0.5 0.5 0.5 0.5 0.5 0.5 0.5 0.5 0.5 [9] 0.5 0.5 0.5 0.5 0.5 0.5 0.5 0.5 0.5 [10] 0.5 0.5 0.5 0.5 0.5 0.5 0.5 0.5 0.5 [11] 0.5 0.5 0.5 0.5 0.5 0.5 0.5 0.5 0.5 [12] 0.5 0.5 0.5 0.5 0.5 0.5 0.5 0.5 0.5 
[5] 
[0] [0] 0.5 0.5 0.5 0.5 0.5 0.5 0.5 0.5 0.5 [1] 0.5 0.5 0.5 0.5 0.5 0.5 0.5 0.5 0.5 [2] 0.5 0.5 0.5 0.5 0.5 0.5 0.5 0.5 0.5 [3] 0.5 0.5 0.5 0.5 0.5 0.5 0.5 0.5 0.5 [4] 0.5 0.5 0.5 0.5 0.5 0.5 0.5 0.5 0.5 [5] 0.5 0.5 0.5 0.5 0.5 0.5 0.5 0.5 0.5 [6] 0.5 0.5 0.5 0.5 0.5 0.5 0.5 0.5 0.5 [7] 0.5 0.5 0.5 0.5 0.5 0.5 0.5 0.5 0.5 [8] 0.5 0.5 0.5 0.5 0.5 0.5 0.5 0.5 0.5 [9] 0.5 0.5 0.5 0.5 0.5 0.5 0.5 0.5 0.5 [10] 0.5 0.5 0.5 0.5 0.5 0.5 0.5 0.5 0.5 [11] 0.5 0.5 0.5 0.5 0.5 0.5 0.5 0.5 0.5 [12] 0.5 0.5 0.5 0.5 0.5 0.5 0.5 0.5 0.5 
[1] [0] 0.5 0.5 0.5 0.5 0.5 0.5 0.5 0.5 0.5 [1] 0.5 0.5 0.5 0.5 0.5 0.5 0.5 0.5 0.5 [2] 0.5 0.5 0.5 0.5 0.5 0.5 0.5 0.5 0.5 [3] 0.5 0.5 0.5 0.5 0.5 0.5 0.5 0.5 0.5 [4] 0.5 0.5 0.5 0.5 0.5 0.5 0.5 0.5 0.5 [5] 0.5 0.4921974 0.4343698 0.5 0.4233603 0.5 0.5 0.5 0.5 [6] 0.5 0.4327162 0.5 0.434759 0.5 0.5 0.5 0.5 0.5 [7] 0.5 0.5 0.4418719 0.5 0.5 0.4327321 0.5 0.5 0.5 [8] 0.5 0.5 0.5 0.4285947 0.5 0.5 0.5 0.5 0.5 [9] 0.5 0.4343661 0.5 0.4309388 0.5 0.5 0.5 0.5 0.5 [10] 0.5 0.4583824 0.5 0.4429176 0.4236342 0.5 0.5 0.5 0.5 [11] 0.5 0.5 0.4297207 0.4301516 0.414338 0.5 0.5 0.5 0.5 [12] 0.5 0.5 0.4147634 0.5 0.5 0.5 0.5 0.5 0.5 
[2] [0] 0.5 0.5 0.5 0.5 0.5 0.5 0.5 0.5 0.5 [1] 0.5 0.5 0.5 0.5 0.5 0.5 0.5 0.5 0.5 [2] 0.5 0.5 0.5 0.5 0.5 0.5 0.5 0.5 0.5 [3] 0.5 0.5 0.5 0.5 0.5 0.5 0.5 0.5 0.5 [4] 0.5 0.5 0.5 0.5 0.5 0.5 0.5 0.5 0.5 [5] 0.5 0.4319911 0.4913338 0.5 0.4335666 0.5 0.5 0.5 0.5 [6] 0.5 0.4315514 0.5 0.3997962 0.5 0.5 0.5 0.5 0.5 [7] 0.5 0.5 0.4314193 0.5 0.5 0.4280532 0.5 0.5 0.5 [8] 0.5 0.5 0.5 0.4131866 0.5 0.5 0.5 0.5 0.5 [9] 0.5 0.421283 0.5 0.4085115 0.5 0.5 0.5 0.5 0.5 [10] 0.5 0.4367639 0.5 0.4123732 0.420647 0.5 0.5 0.5 0.5 [11] 0.5 0.5 0.4294142 0.4291108 0.4236356 0.5 0.5 0.5 0.5 [12] 0.5 0.5 0.4195358 0.5 0.5 0.5 0.5 0.5 0.5 
[3] [0] 0.5 0.5 0.5 0.5 0.5 0.5 0.5 0.5 0.5 [1] 0.5 0.5 0.5 0.5 0.5 0.5 0.5 0.5 0.5 [2] 0.5 0.5 0.5 0.5 0.5 0.5 0.5 0.5 0.5 [3] 0.5 0.5 0.5 0.5 0.5 0.5 0.5 0.5 0.5 [4] 0.5 0.5 0.5 0.5 0.5 0.5 0.5 0.5 0.5 [5] 0.5 0.5 0.5 0.5 0.5 0.5 0.5 0.5 0.5 [6] 0.5 0.5 0.5 0.5 0.5 0.5 0.5 0.5 0.5 [7] 0.5 0.5 0.5 0.5 0.5 0.5 0.5 0.5 0.5 [8] 0.5 0.5 0.5 0.5 0.5 0.5 0.5 0.5 0.5 [9] 0.5 0.5 0.5 0.5 0.5 0.5 0.5 0.5 0.5 [10] 0.5 0.5 0.5 0.5 0.5 0.5 0.5 0.5 0.5 [11] 0.5 0.5 0.5 0.5 0.5 0.5 0.5 0.5 0.5 [12] 0.5 0.5 0.5 0.5 0.5 0.5 0.5 0.5 0.5 
[4] [0] 0.5 0.5 0.5 0.5 0.5 0.5 0.5 0.5 0.5 [1] 0.5 0.5 0.5 0.5 0.5 0.5 0.5 0.5 0.5 [2] 0.5 0.5 0.5 0.5 0.5 0.5 0.5 0.5 0.5 [3] 0.5 0.5 0.5 0.5 0.5 0.5 0.5 0.5 0.5 [4] 0.5 0.5 0.5 0.5 0.5 0.5 0.5 0.5 0.5 [5] 0.5 0.4225527 0.424881 0.5 0.4325603 0.5 0.5 0.5 0.5 [6] 0.5 0.4312176 0.5 0.4255008 0.5 0.5 0.5 0.5 0.5 [7] 0.5 0.5 0.4161714 0.5 0.5 0.4169518 0.5 0.5 0.5 [8] 0.5 0.5 0.5 0.4469629 0.5 0.5 0.5 0.5 0.5 [9] 0.5 0.4279829 0.5 0.4289166 0.5 0.5 0.5 0.5 0.5 [10] 0.5 0.4452927 0.5 0.4460214 0.4526592 0.5 0.5 0.5 0.5 [11] 0.5 0.5 0.4494946 0.4629731 0.4046696 0.5 0.5 0.5 0.5 [12] 0.5 0.5 0.4459621 0.5 0.5 0.5 0.5 0.5 0.5 
[5] [0] 0.5 0.5 0.5 0.5 0.5 0.5 0.5 0.5 0.5 [1] 0.5 0.5 0.5 0.5 0.5 0.5 0.5 0.5 0.5 [2] 0.5 0.5 0.5 0.5 0.5 0.5 0.5 0.5 0.5 [3] 0.5 0.5 0.5 0.5 0.5 0.5 0.5 0.5 0.5 [4] 0.5 0.5 0.5 0.5 0.5 0.5 0.5 0.5 0.5 [5] 0.5 0.5 0.5 0.5 0.5 0.5 0.5 0.5 0.5 [6] 0.5 0.5 0.5 0.5 0.5 0.5 0.5 0.5 0.5 [7] 0.5 0.5 0.5 0.5 0.5 0.5 0.5 0.5 0.5 [8] 0.5 0.5 0.5 0.5 0.5 0.5 0.5 0.5 0.5 [9] 0.5 0.5 0.5 0.5 0.5 0.5 0.5 0.5 0.5 [10] 0.5 0.5 0.5 0.5 0.5 0.5 0.5 0.5 0.5 [11] 0.5 0.5 0.5 0.5 0.5 0.5 0.5 0.5 0.5 [12] 0.5 0.5 0.5 0.5 0.5 0.5 0.5 0.5 0.5 
[6] [0] 0.5 0.5 0.5 0.5 0.5 0.5 0.5 0.5 0.5 [1] 0.5 0.5 0.5 0.5 0.5 0.5 0.5 0.5 0.5 [2] 0.5 0.5 0.5 0.5 0.5 0.5 0.5 0.5 0.5 [3] 0.5 0.5 0.5 0.5 0.5 0.5 0.5 0.5 0.5 [4] 0.5 0.5 0.5 0.5 0.5 0.5 0.5 0.5 0.5 [5] 0.5 0.5 0.5 0.5 0.5 0.5 0.5 0.5 0.5 [6] 0.5 0.5 0.5 0.5 0.5 0.5 0.5 0.5 0.5 [7] 0.5 0.5 0.5 0.5 0.5 0.5 0.5 0.5 0.5 [8] 0.5 0.5 0.5 0.5 0.5 0.5 0.5 0.5 0.5 [9] 0.5 0.5 0.5 0.5 0.5 0.5 0.5 0.5 0.5 [10] 0.5 0.5 0.5 0.5 0.5 0.5 0.5 0.5 0.5 [11] 0.5 0.5 0.5 0.5 0.5 0.5 0.5 0.5 0.5 [12] 0.5 0.5 0.5 0.5 0.5 0.5 0.5 0.5 0.5 
[7] [0] 0.5 0.5 0.5 0.5 0.5 0.5 0.5 0.5 0.5 [1] 0.5 0.5 0.5 0.5 0.5 0.5 0.5 0.5 0.5 [2] 0.5 0.5 0.5 0.5 0.5 0.5 0.5 0.5 0.5 [3] 0.5 0.5 0.5 0.5 0.5 0.5 0.5 0.5 0.5 [4] 0.5 0.5 0.5 0.5 0.5 0.5 0.5 0.5 0.5 [5] 0.5 0.5 0.5 0.5 0.5 0.5 0.5 0.5 0.5 [6] 0.5 0.5 0.5 0.5 0.5 0.5 0.5 0.5 0.5 [7] 0.5 0.5 0.5 0.5 0.5 0.5 0.5 0.5 0.5 [8] 0.5 0.5 0.5 0.5 0.5 0.5 0.5 0.5 0.5 [9] 0.5 0.5 0.5 0.5 0.5 0.5 0.5 0.5 0.5 [10] 0.5 0.5 0.5 0.5 0.5 0.5 0.5 0.5 0.5 [11] 0.5 0.5 0.5 0.5 0.5 0.5 0.5 0.5 0.5 [12] 0.5 0.5 0.5 0.5 0.5 0.5 0.5 0.5 0.5 
[8] [0] 0.5 0.5 0.5 0.5 0.5 0.5 0.5 0.5 0.5 [1] 0.5 0.5 0.5 0.5 0.5 0.5 0.5 0.5 0.5 [2] 0.5 0.5 0.5 0.5 0.5 0.5 0.5 0.5 0.5 [3] 0.5 0.5 0.5 0.5 0.5 0.5 0.5 0.5 0.5 [4] 0.5 0.5 0.5 0.5 0.5 0.5 0.5 0.5 0.5 [5] 0.5 0.5 0.5 0.5 0.5 0.5 0.5 0.5 0.5 [6] 0.5 0.5 0.5 0.5 0.5 0.5 0.5 0.5 0.5 [7] 0.5 0.5 0.5 0.5 0.5 0.5 0.5 0.5 0.5 [8] 0.5 0.5 0.5 0.5 0.5 0.5 0.5 0.5 0.5 [9] 0.5 0.5 0.5 0.5 0.5 0.5 0.5 0.5 0.5 [10] 0.5 0.5 0.5 0.5 0.5 0.5 0.5 0.5 0.5 [11] 0.5 0.5 0.5 0.5 0.5 0.5 0.5 0.5 0.5 [12] 0.5 0.5 0.5 0.5 0.5 0.5 0.5 0.5 0.5 
[6] 
[0] [0] 0.5 0.5 0.5 0.5 0.5 0.5 0.5 0.5 0.5 [1] 0.5 0.5 0.5 0.5 0.5 0.5 0.5 0.5 0.5 [2] 0.5 0.5 0.5 0.5 0.5 0.5 0.5 0.5 0.5 [3] 0.5 0.5 0.5 0.5 0.5 0.5 0.5 0.5 0.5 [4] 0.5 0.5 0.5 0.5 0.5 0.5 0.5 0.5 0.5 [5] 0.5 0.5 0.5 0.5 0.5 0.5 0.5 0.5 0.5 [6] 0.5 0.5 0.5 0.5 0.5 0.5 0.5 0.5 0.5 [7] 0.5 0.5 0.5 0.5 0.5 0.5 0.5 0.5 0.5 [8] 0.5 0.5 0.5 0.5 0.5 0.5 0.5 0.5 0.5 [9] 0.5 0.5 0.5 0.5 0.5 0.5 0.5 0.5 0.5 [10] 0.5 0.5 0.5 0.5 0.5 0.5 0.5 0.5 0.5 [11] 0.5 0.5 0.5 0.5 0.5 0.5 0.5 0.5 0.5 [12] 0.5 0.5 0.5 0.5 0.5 0.5 0.5 0.5 0.5 
[1] [0] 0.5 0.5 0.5 0.5 0.5 0.5 0.5 0.5 0.5 [1] 0.5 0.5 0.5 0.5 0.5 0.5 0.5 0.5 0.5 [2] 0.5 0.5 0.5 0.5 0.5 0.5 0.5 0.5 0.5 [3] 0.5 0.5 0.5 0.5 0.5 0.5 0.5 0.5 0.5 [4] 0.5 0.5 0.5 0.5 0.5 0.5 0.5 0.5 0.5 [5] 0.5 0.5 0.5 0.5 0.5 0.5 0.5 0.5 0.5 [6] 0.5 0.4898181 0.5 0.4249423 0.5 0.5 0.5 0.5 0.5 [7] 0.5 0.5 0.4369831 0.5 0.5 0.4364728 0.5 0.5 0.5 [8] 0.5 0.5 0.5 0.4674302 0.5 0.5 0.5 0.5 0.5 [9] 0.5 0.4414823 0.5 0.4438819 0.5 0.5 0.5 0.5 0.5 [10] 0.5 0.4738834 0.5 0.4484848 0.4489017 0.5 0.5 0.5 0.5 [11] 0.5 0.5 0.4466753 0.4386899 0.4230838 0.5 0.5 0.5 0.5 [12] 0.5 0.5 0.4365315 0.5 0.5 0.5 0.5 0.5 0.5 
[2] [0] 0.5 0.5 0.5 0.5 0.5 0.5 0.5 0.5 0.5 [1] 0.5 0.5 0.5 0.5 0.5 0.5 0.5 0.5 0.5 [2] 0.5 0.5 0.5 0.5 0.5 0.5 0.5 0.5 0.5 [3] 0.5 0.5 0.5 0.5 0.5 0.5 0.5 0.5 0.5 [4] 0.5 0.5 0.5 0.5 0.5 0.5 0.5 0.5 0.5 [5] 0.5 0.5 0.5 0.5 0.5 0.5 0.5 0.5 0.5 [6] 0.5 0.5 0.5 0.5 0.5 0.5 0.5 0.5 0.5 [7] 0.5 0.5 0.5 0.5 0.5 0.5 0.5 0.5 0.5 [8] 0.5 0.5 0.5 0.5 0.5 0.5 0.5 0.5 0.5 [9] 0.5 0.5 0.5 0.5 0.5 0.5 0.5 0.5 0.5 [10] 0.5 0.5 0.5 0.5 0.5 0.5 0.5 0.5 0.5 [11] 0.5 0.5 0.5 0.5 0.5 0.5 0.5 0.5 0.5 [12] 0.5 0.5 0.5 0.5 0.5 0.5 0.5 0.5 0.5 
[3] [0] 0.5 0.5 0.5 0.5 0.5 0.5 0.5 0.5 0.5 [1] 0.5 0.5 0.5 0.5 0.5 0.5 0.5 0.5 0.5 [2] 0.5 0.5 0.5 0.5 0.5 0.5 0.5 0.5 0.5 [3] 0.5 0.5 0.5 0.5 0.5 0.5 0.5 0.5 0.5 [4] 0.5 0.5 0.5 0.5 0.5 0.5 0.5 0.5 0.5 [5] 0.5 0.5 0.5 0.5 0.5 0.5 0.5 0.5 0.5 [6] 0.5 0.4461841 0.5 0.4353811 0.5 0.5 0.5 0.5 0.5 [7] 0.5 0.5 0.4438456 0.5 0.5 0.4114709 0.5 0.5 0.5 [8] 0.5 0.5 0.5 0.4347466 0.5 0.5 0.5 0.5 0.5 [9] 0.5 0.4412243 0.5 0.4469603 0.5 0.5 0.5 0.5 0.5 [10] 0.5 0.4973971 0.5 0.4595125 0.4575541 0.5 0.5 0.5 0.5 [11] 0.5 0.5 0.4249937 0.4533975 0.4035579 0.5 0.5 0.5 0.5 [12] 0.5 0.5 0.4524817 0.5 0.5 0.5 0.5 0.5 0.5 
[4] [0] 0.5 0.5 0.5 0.5 0.5 0.5 0.5 0.5 0.5 [1] 0.5 0.5 0.5 0.5 0.5 0.5 0.5 0.5 0.5 [2] 0.5 0.5 0.5 0.5 0.5 0.5 0.5 0.5 0.5 [3] 0.5 0.5 0.5 0.5 0.5 0.5 0.5 0.5 0.5 [4] 0.5 0.5 0.5 0.5 0.5 0.5 0.5 0.5 0.5 [5] 0.5 0.5 0.5 0.5 0.5 0.5 0.5 0.5 0.5 [6] 0.5 0.5 0.5 0.5 0.5 0.5 0.5 0.5 0.5 [7] 0.5 0.5 0.5 0.5 0.5 0.5 0.5 0.5 0.5 [8] 0.5 0.5 0.5 0.5 0.5 0.5 0.5 0.5 0.5 [9] 0.5 0.5 0.5 0.5 0.5 0.5 0.5 0.5 0.5 [10] 0.5 0.5 0.5 0.5 0.5 0.5 0.5 0.5 0.5 [11] 0.5 0.5 0.5 0.5 0.5 0.5 0.5 0.5 0.5 [12] 0.5 0.5 0.5 0.5 0.5 0.5 0.5 0.5 0.5 
[5] [0] 0.5 0.5 0.5 0.5 0.5 0.5 0.5 0.5 0.5 [1] 0.5 0.5 0.5 0.5 0.5 0.5 0.5 0.5 0.5 [2] 0.5 0.5 0.5 0.5 0.5 0.5 0.5 0.5 0.5 [3] 0.5 0.5 0.5 0.5 0.5 0.5 0.5 0.5 0.5 [4] 0.5 0.5 0.5 0.5 0.5 0.5 0.5 0.5 0.5 [5] 0.5 0.5 0.5 0.5 0.5 0.5 0.5 0.5 0.5 [6] 0.5 0.5 0.5 0.5 0.5 0.5 0.5 0.5 0.5 [7] 0.5 0.5 0.5 0.5 0.5 0.5 0.5 0.5 0.5 [8] 0.5 0.5 0.5 0.5 0.5 0.5 0.5 0.5 0.5 [9] 0.5 0.5 0.5 0.5 0.5 0.5 0.5 0.5 0.5 [10] 0.5 0.5 0.5 0.5 0.5 0.5 0.5 0.5 0.5 [11] 0.5 0.5 0.5 0.5 0.5 0.5 0.5 0.5 0.5 [12] 0.5 0.5 0.5 0.5 0.5 0.5 0.5 0.5 0.5 
[6] [0] 0.5 0.5 0.5 0.5 0.5 0.5 0.5 0.5 0.5 [1] 0.5 0.5 0.5 0.5 0.5 0.5 0.5 0.5 0.5 [2] 0.5 0.5 0.5 0.5 0.5 0.5 0.5 0.5 0.5 [3] 0.5 0.5 0.5 0.5 0.5 0.5 0.5 0.5 0.5 [4] 0.5 0.5 0.5 0.5 0.5 0.5 0.5 0.5 0.5 [5] 0.5 0.5 0.5 0.5 0.5 0.5 0.5 0.5 0.5 [6] 0.5 0.5 0.5 0.5 0.5 0.5 0.5 0.5 0.5 [7] 0.5 0.5 0.5 0.5 0.5 0.5 0.5 0.5 0.5 [8] 0.5 0.5 0.5 0.5 0.5 0.5 0.5 0.5 0.5 [9] 0.5 0.5 0.5 0.5 0.5 0.5 0.5 0.5 0.5 [10] 0.5 0.5 0.5 0.5 0.5 0.5 0.5 0.5 0.5 [11] 0.5 0.5 0.5 0.5 0.5 0.5 0.5 0.5 0.5 [12] 0.5 0.5 0.5 0.5 0.5 0.5 0.5 0.5 0.5 
[7] [0] 0.5 0.5 0.5 0.5 0.5 0.5 0.5 0.5 0.5 [1] 0.5 0.5 0.5 0.5 0.5 0.5 0.5 0.5 0.5 [2] 0.5 0.5 0.5 0.5 0.5 0.5 0.5 0.5 0.5 [3] 0.5 0.5 0.5 0.5 0.5 0.5 0.5 0.5 0.5 [4] 0.5 0.5 0.5 0.5 0.5 0.5 0.5 0.5 0.5 [5] 0.5 0.5 0.5 0.5 0.5 0.5 0.5 0.5 0.5 [6] 0.5 0.5 0.5 0.5 0.5 0.5 0.5 0.5 0.5 [7] 0.5 0.5 0.5 0.5 0.5 0.5 0.5 0.5 0.5 [8] 0.5 0.5 0.5 0.5 0.5 0.5 0.5 0.5 0.5 [9] 0.5 0.5 0.5 0.5 0.5 0.5 0.5 0.5 0.5 [10] 0.5 0.5 0.5 0.5 0.5 0.5 0.5 0.5 0.5 [11] 0.5 0.5 0.5 0.5 0.5 0.5 0.5 0.5 0.5 [12] 0.5 0.5 0.5 0.5 0.5 0.5 0.5 0.5 0.5 
[8] [0] 0.5 0.5 0.5 0.5 0.5 0.5 0.5 0.5 0.5 [1] 0.5 0.5 0.5 0.5 0.5 0.5 0.5 0.5 0.5 [2] 0.5 0.5 0.5 0.5 0.5 0.5 0.5 0.5 0.5 [3] 0.5 0.5 0.5 0.5 0.5 0.5 0.5 0.5 0.5 [4] 0.5 0.5 0.5 0.5 0.5 0.5 0.5 0.5 0.5 [5] 0.5 0.5 0.5 0.5 0.5 0.5 0.5 0.5 0.5 [6] 0.5 0.5 0.5 0.5 0.5 0.5 0.5 0.5 0.5 [7] 0.5 0.5 0.5 0.5 0.5 0.5 0.5 0.5 0.5 [8] 0.5 0.5 0.5 0.5 0.5 0.5 0.5 0.5 0.5 [9] 0.5 0.5 0.5 0.5 0.5 0.5 0.5 0.5 0.5 [10] 0.5 0.5 0.5 0.5 0.5 0.5 0.5 0.5 0.5 [11] 0.5 0.5 0.5 0.5 0.5 0.5 0.5 0.5 0.5 [12] 0.5 0.5 0.5 0.5 0.5 0.5 0.5 0.5 0.5 
[7] 
[0] [0] 0.5 0.5 0.5 0.5 0.5 0.5 0.5 0.5 0.5 [1] 0.5 0.5 0.5 0.5 0.5 0.5 0.5 0.5 0.5 [2] 0.5 0.5 0.5 0.5 0.5 0.5 0.5 0.5 0.5 [3] 0.5 0.5 0.5 0.5 0.5 0.5 0.5 0.5 0.5 [4] 0.5 0.5 0.5 0.5 0.5 0.5 0.5 0.5 0.5 [5] 0.5 0.5 0.5 0.5 0.5 0.5 0.5 0.5 0.5 [6] 0.5 0.5 0.5 0.5 0.5 0.5 0.5 0.5 0.5 [7] 0.5 0.5 0.5 0.5 0.5 0.5 0.5 0.5 0.5 [8] 0.5 0.5 0.5 0.5 0.5 0.5 0.5 0.5 0.5 [9] 0.5 0.5 0.5 0.5 0.5 0.5 0.5 0.5 0.5 [10] 0.5 0.5 0.5 0.5 0.5 0.5 0.5 0.5 0.5 [11] 0.5 0.5 0.5 0.5 0.5 0.5 0.5 0.5 0.5 [12] 0.5 0.5 0.5 0.5 0.5 0.5 0.5 0.5 0.5 
[1] [0] 0.5 0.5 0.5 0.5 0.5 0.5 0.5 0.5 0.5 [1] 0.5 0.5 0.5 0.5 0.5 0.5 0.5 0.5 0.5 [2] 0.5 0.5 0.5 0.5 0.5 0.5 0.5 0.5 0.5 [3] 0.5 0.5 0.5 0.5 0.5 0.5 0.5 0.5 0.5 [4] 0.5 0.5 0.5 0.5 0.5 0.5 0.5 0.5 0.5 [5] 0.5 0.5 0.5 0.5 0.5 0.5 0.5 0.5 0.5 [6] 0.5 0.5 0.5 0.5 0.5 0.5 0.5 0.5 0.5 [7] 0.5 0.5 0.5 0.5 0.5 0.5 0.5 0.5 0.5 [8] 0.5 0.5 0.5 0.5 0.5 0.5 0.5 0.5 0.5 [9] 0.5 0.5 0.5 0.5 0.5 0.5 0.5 0.5 0.5 [10] 0.5 0.5 0.5 0.5 0.5 0.5 0.5 0.5 0.5 [11] 0.5 0.5 0.5 0.5 0.5 0.5 0.5 0.5 0.5 [12] 0.5 0.5 0.5 0.5 0.5 0.5 0.5 0.5 0.5 
[2] [0] 0.5 0.5 0.5 0.5 0.5 0.5 0.5 0.5 0.5 [1] 0.5 0.5 0.5 0.5 0.5 0.5 0.5 0.5 0.5 [2] 0.5 0.5 0.5 0.5 0.5 0.5 0.5 0.5 0.5 [3] 0.5 0.5 0.5 0.5 0.5 0.5 0.5 0.5 0.5 [4] 0.5 0.5 0.5 0.5 0.5 0.5 0.5 0.5 0.5 [5] 0.5 0.5 0.5 0.5 0.5 0.5 0.5 0.5 0.5 [6] 0.5 0.5 0.5 0.5 0.5 0.5 0.5 0.5 0.5 [7] 0.5 0.5 0.489769 0.5 0.5 0.4569411 0.5 0.5 0.5 [8] 0.5 0.5 0.5 0.4399637 0.5 0.5 0.5 0.5 0.5 [9] 0.5 0.4287343 0.5 0.4442644 0.5 0.5 0.5 0.5 0.5 [10] 0.5 0.4689887 0.5 0.4470565 0.4634978 0.5 0.5 0.5 0.5 [11] 0.5 0.5 0.4621503 0.4254476 0.4194017 0.5 0.5 0.5 0.5 [12] 0.5 0.5 0.4713302 0.5 0.5 0.5 0.5 0.5 0.5 
[3] [0] 0.5 0.5 0.5 0.5 0.5 0.5 0.5 0.5 0.5 [1] 0.5 0.5 0.5 0.5 0.5 0.5 0.5 0.5 0.5 [2] 0.5 0.5 0.5 0.5 0.5 0.5 0.5 0.5 0.5 [3] 0.5 0.5 0.5 0.5 0.5 0.5 0.5 0.5 0.5 [4] 0.5 0.5 0.5 0.5 0.5 0.5 0.5 0.5 0.5 [5] 0.5 0.5 0.5 0.5 0.5 0.5 0.5 0.5 0.5 [6] 0.5 0.5 0.5 0.5 0.5 0.5 0.5 0.5 0.5 [7] 0.5 0.5 0.5 0.5 0.5 0.5 0.5 0.5 0.5 [8] 0.5 0.5 0.5 0.5 0.5 0.5 0.5 0.5 0.5 [9] 0.5 0.5 0.5 0.5 0.5 0.5 0.5 0.5 0.5 [10] 0.5 0.5 0.5 0.5 0.5 0.5 0.5 0.5 0.5 [11] 0.5 0.5 0.5 0.5 0.5 0.5 0.5 0.5 0.5 [12] 0.5 0.5 0.5 0.5 0.5 0.5 0.5 0.5 0.5 
[4] [0] 0.5 0.5 0.5 0.5 0.5 0.5 0.5 0.5 0.5 [1] 0.5 0.5 0.5 0.5 0.5 0.5 0.5 0.5 0.5 [2] 0.5 0.5 0.5 0.5 0.5 0.5 0.5 0.5 0.5 [3] 0.5 0.5 0.5 0.5 0.5 0.5 0.5 0.5 0.5 [4] 0.5 0.5 0.5 0.5 0.5 0.5 0.5 0.5 0.5 [5] 0.5 0.5 0.5 0.5 0.5 0.5 0.5 0.5 0.5 [6] 0.5 0.5 0.5 0.5 0.5 0.5 0.5 0.5 0.5 [7] 0.5 0.5 0.5 0.5 0.5 0.5 0.5 0.5 0.5 [8] 0.5 0.5 0.5 0.5 0.5 0.5 0.5 0.5 0.5 [9] 0.5 0.5 0.5 0.5 0.5 0.5 0.5 0.5 0.5 [10] 0.5 0.5 0.5 0.5 0.5 0.5 0.5 0.5 0.5 [11] 0.5 0.5 0.5 0.5 0.5 0.5 0.5 0.5 0.5 [12] 0.5 0.5 0.5 0.5 0.5 0.5 0.5 0.5 0.5 
[5] [0] 0.5 0.5 0.5 0.5 0.5 0.5 0.5 0.5 0.5 [1] 0.5 0.5 0.5 0.5 0.5 0.5 0.5 0.5 0.5 [2] 0.5 0.5 0.5 0.5 0.5 0.5 0.5 0.5 0.5 [3] 0.5 0.5 0.5 0.5 0.5 0.5 0.5 0.5 0.5 [4] 0.5 0.5 0.5 0.5 0.5 0.5 0.5 0.5 0.5 [5] 0.5 0.5 0.5 0.5 0.5 0.5 0.5 0.5 0.5 [6] 0.5 0.5 0.5 0.5 0.5 0.5 0.5 0.5 0.5 [7] 0.5 0.5 0.447778 0.5 0.5 0.4947965 0.5 0.5 0.5 [8] 0.5 0.5 0.5 0.4390774 0.5 0.5 0.5 0.5 0.5 [9] 0.5 0.431572 0.5 0.4314525 0.5 0.5 0.5 0.5 0.5 [10] 0.5 0.4628573 0.5 0.4529929 0.4335764 0.5 0.5 0.5 0.5 [11] 0.5 0.5 0.4319074 0.4403991 0.4337891 0.5 0.5 0.5 0.5 [12] 0.5 0.5 0.4444581 0.5 0.5 0.5 0.5 0.5 0.5 
[6] [0] 0.5 0.5 0.5 0.5 0.5 0.5 0.5 0.5 0.5 [1] 0.5 0.5 0.5 0.5 0.5 0.5 0.5 0.5 0.5 [2] 0.5 0.5 0.5 0.5 0.5 0.5 0.5 0.5 0.5 [3] 0.5 0.5 0.5 0.5 0.5 0.5 0.5 0.5 0.5 [4] 0.5 0.5 0.5 0.5 0.5 0.5 0.5 0.5 0.5 [5] 0.5 0.5 0.5 0.5 0.5 0.5 0.5 0.5 0.5 [6] 0.5 0.5 0.5 0.5 0.5 0.5 0.5 0.5 0.5 [7] 0.5 0.5 0.5 0.5 0.5 0.5 0.5 0.5 0.5 [8] 0.5 0.5 0.5 0.5 0.5 0.5 0.5 0.5 0.5 [9] 0.5 0.5 0.5 0.5 0.5 0.5 0.5 0.5 0.5 [10] 0.5 0.5 0.5 0.5 0.5 0.5 0.5 0.5 0.5 [11] 0.5 0.5 0.5 0.5 0.5 0.5 0.5 0.5 0.5 [12] 0.5 0.5 0.5 0.5 0.5 0.5 0.5 0.5 0.5 
[7] [0] 0.5 0.5 0.5 0.5 0.5 0.5 0.5 0.5 0.5 [1] 0.5 0.5 0.5 0.5 0.5 0.5 0.5 0.5 0.5 [2] 0.5 0.5 0.5 0.5 0.5 0.5 0.5 0.5 0.5 [3] 0.5 0.5 0.5 0.5 0.5 0.5 0.5 0.5 0.5 [4] 0.5 0.5 0.5 0.5 0.5 0.5 0.5 0.5 0.5 [5] 0.5 0.5 0.5 0.5 0.5 0.5 0.5 0.5 0.5 [6] 0.5 0.5 0.5 0.5 0.5 0.5 0.5 0.5 0.5 [7] 0.5 0.5 0.5 0.5 0.5 0.5 0.5 0.5 0.5 [8] 0.5 0.5 0.5 0.5 0.5 0.5 0.5 0.5 0.5 [9] 0.5 0.5 0.5 0.5 0.5 0.5 0.5 0.5 0.5 [10] 0.5 0.5 0.5 0.5 0.5 0.5 0.5 0.5 0.5 [11] 0.5 0.5 0.5 0.5 0.5 0.5 0.5 0.5 0.5 [12] 0.5 0.5 0.5 0.5 0.5 0.5 0.5 0.5 0.5 
[8] [0] 0.5 0.5 0.5 0.5 0.5 0.5 0.5 0.5 0.5 [1] 0.5 0.5 0.5 0.5 0.5 0.5 0.5 0.5 0.5 [2] 0.5 0.5 0.5 0.5 0.5 0.5 0.5 0.5 0.5 [3] 0.5 0.5 0.5 0.5 0.5 0.5 0.5 0.5 0.5 [4] 0.5 0.5 0.5 0.5 0.5 0.5 0.5 0.5 0.5 [5] 0.5 0.5 0.5 0.5 0.5 0.5 0.5 0.5 0.5 [6] 0.5 0.5 0.5 0.5 0.5 0.5 0.5 0.5 0.5 [7] 0.5 0.5 0.5 0.5 0.5 0.5 0.5 0.5 0.5 [8] 0.5 0.5 0.5 0.5 0.5 0.5 0.5 0.5 0.5 [9] 0.5 0.5 0.5 0.5 0.5 0.5 0.5 0.5 0.5 [10] 0.5 0.5 0.5 0.5 0.5 0.5 0.5 0.5 0.5 [11] 0.5 0.5 0.5 0.5 0.5 0.5 0.5 0.5 0.5 [12] 0.5 0.5 0.5 0.5 0.5 0.5 0.5 0.5 0.5 
[8] 
[0] [0] 0.5 0.5 0.5 0.5 0.5 0.5 0.5 0.5 0.5 [1] 0.5 0.5 0.5 0.5 0.5 0.5 0.5 0.5 0.5 [2] 0.5 0.5 0.5 0.5 0.5 0.5 0.5 0.5 0.5 [3] 0.5 0.5 0.5 0.5 0.5 0.5 0.5 0.5 0.5 [4] 0.5 0.5 0.5 0.5 0.5 0.5 0.5 0.5 0.5 [5] 0.5 0.5 0.5 0.5 0.5 0.5 0.5 0.5 0.5 [6] 0.5 0.5 0.5 0.5 0.5 0.5 0.5 0.5 0.5 [7] 0.5 0.5 0.5 0.5 0.5 0.5 0.5 0.5 0.5 [8] 0.5 0.5 0.5 0.5 0.5 0.5 0.5 0.5 0.5 [9] 0.5 0.5 0.5 0.5 0.5 0.5 0.5 0.5 0.5 [10] 0.5 0.5 0.5 0.5 0.5 0.5 0.5 0.5 0.5 [11] 0.5 0.5 0.5 0.5 0.5 0.5 0.5 0.5 0.5 [12] 0.5 0.5 0.5 0.5 0.5 0.5 0.5 0.5 0.5 
[1] [0] 0.5 0.5 0.5 0.5 0.5 0.5 0.5 0.5 0.5 [1] 0.5 0.5 0.5 0.5 0.5 0.5 0.5 0.5 0.5 [2] 0.5 0.5 0.5 0.5 0.5 0.5 0.5 0.5 0.5 [3] 0.5 0.5 0.5 0.5 0.5 0.5 0.5 0.5 0.5 [4] 0.5 0.5 0.5 0.5 0.5 0.5 0.5 0.5 0.5 [5] 0.5 0.5 0.5 0.5 0.5 0.5 0.5 0.5 0.5 [6] 0.5 0.5 0.5 0.5 0.5 0.5 0.5 0.5 0.5 [7] 0.5 0.5 0.5 0.5 0.5 0.5 0.5 0.5 0.5 [8] 0.5 0.5 0.5 0.5 0.5 0.5 0.5 0.5 0.5 [9] 0.5 0.5 0.5 0.5 0.5 0.5 0.5 0.5 0.5 [10] 0.5 0.5 0.5 0.5 0.5 0.5 0.5 0.5 0.5 [11] 0.5 0.5 0.5 0.5 0.5 0.5 0.5 0.5 0.5 [12] 0.5 0.5 0.5 0.5 0.5 0.5 0.5 0.5 0.5 
[2] [0] 0.5 0.5 0.5 0.5 0.5 0.5 0.5 0.5 0.5 [1] 0.5 0.5 0.5 0.5 0.5 0.5 0.5 0.5 0.5 [2] 0.5 0.5 0.5 0.5 0.5 0.5 0.5 0.5 0.5 [3] 0.5 0.5 0.5 0.5 0.5 0.5 0.5 0.5 0.5 [4] 0.5 0.5 0.5 0.5 0.5 0.5 0.5 0.5 0.5 [5] 0.5 0.5 0.5 0.5 0.5 0.5 0.5 0.5 0.5 [6] 0.5 0.5 0.5 0.5 0.5 0.5 0.5 0.5 0.5 [7] 0.5 0.5 0.5 0.5 0.5 0.5 0.5 0.5 0.5 [8] 0.5 0.5 0.5 0.5 0.5 0.5 0.5 0.5 0.5 [9] 0.5 0.5 0.5 0.5 0.5 0.5 0.5 0.5 0.5 [10] 0.5 0.5 0.5 0.5 0.5 0.5 0.5 0.5 0.5 [11] 0.5 0.5 0.5 0.5 0.5 0.5 0.5 0.5 0.5 [12] 0.5 0.5 0.5 0.5 0.5 0.5 0.5 0.5 0.5 
[3] [0] 0.5 0.5 0.5 0.5 0.5 0.5 0.5 0.5 0.5 [1] 0.5 0.5 0.5 0.5 0.5 0.5 0.5 0.5 0.5 [2] 0.5 0.5 0.5 0.5 0.5 0.5 0.5 0.5 0.5 [3] 0.5 0.5 0.5 0.5 0.5 0.5 0.5 0.5 0.5 [4] 0.5 0.5 0.5 0.5 0.5 0.5 0.5 0.5 0.5 [5] 0.5 0.5 0.5 0.5 0.5 0.5 0.5 0.5 0.5 [6] 0.5 0.5 0.5 0.5 0.5 0.5 0.5 0.5 0.5 [7] 0.5 0.5 0.5 0.5 0.5 0.5 0.5 0.5 0.5 [8] 0.5 0.5 0.5 0.4916635 0.5 0.5 0.5 0.5 0.5 [9] 0.5 0.4250678 0.5 0.4590854 0.5 0.5 0.5 0.5 0.5 [10] 0.5 0.4859831 0.5 0.474425 0.4611185 0.5 0.5 0.5 0.5 [11] 0.5 0.5 0.4683794 0.4625453 0.4279725 0.5 0.5 0.5 0.5 [12] 0.5 0.5 0.4433194 0.5 0.5 0.5 0.5 0.5 0.5 
[4] [0] 0.5 0.5 0.5 0.5 0.5 0.5 0.5 0.5 0.5 [1] 0.5 0.5 0.5 0.5 0.5 0.5 0.5 0.5 0.5 [2] 0.5 0.5 0.5 0.5 0.5 0.5 0.5 0.5 0.5 [3] 0.5 0.5 0.5 0.5 0.5 0.5 0.5 0.5 0.5 [4] 0.5 0.5 0.5 0.5 0.5 0.5 0.5 0.5 0.5 [5] 0.5 0.5 0.5 0.5 0.5 0.5 0.5 0.5 0.5 [6] 0.5 0.5 0.5 0.5 0.5 0.5 0.5 0.5 0.5 [7] 0.5 0.5 0.5 0.5 0.5 0.5 0.5 0.5 0.5 [8] 0.5 0.5 0.5 0.5 0.5 0.5 0.5 0.5 0.5 [9] 0.5 0.5 0.5 0.5 0.5 0.5 0.5 0.5 0.5 [10] 0.5 0.5 0.5 0.5 0.5 0.5 0.5 0.5 0.5 [11] 0.5 0.5 0.5 0.5 0.5 0.5 0.5 0.5 0.5 [12] 0.5 0.5 0.5 0.5 0.5 0.5 0.5 0.5 0.5 
[5] [0] 0.5 0.5 0.5 0.5 0.5 0.5 0.5 0.5 0.5 [1] 0.5 0.5 0.5 0.5 0.5 0.5 0.5 0.5 0.5 [2] 0.5 0.5 0.5 0.5 0.5 0.5 0.5 0.5 0.5 [3] 0.5 0.5 0.5 0.5 0.5 0.5 0.5 0.5 0.5 [4] 0.5 0.5 0.5 0.5 0.5 0.5 0.5 0.5 0.5 [5] 0.5 0.5 0.5 0.5 0.5 0.5 0.5 0.5 0.5 [6] 0.5 0.5 0.5 0.5 0.5 0.5 0.5 0.5 0.5 [7] 0.5 0.5 0.5 0.5 0.5 0.5 0.5 0.5 0.5 [8] 0.5 0.5 0.5 0.5 0.5 0.5 0.5 0.5 0.5 [9] 0.5 0.5 0.5 0.5 0.5 0.5 0.5 0.5 0.5 [10] 0.5 0.5 0.5 0.5 0.5 0.5 0.5 0.5 0.5 [11] 0.5 0.5 0.5 0.5 0.5 0.5 0.5 0.5 0.5 [12] 0.5 0.5 0.5 0.5 0.5 0.5 0.5 0.5 0.5 
[6] [0] 0.5 0.5 0.5 0.5 0.5 0.5 0.5 0.5 0.5 [1] 0.5 0.5 0.5 0.5 0.5 0.5 0.5 0.5 0.5 [2] 0.5 0.5 0.5 0.5 0.5 0.5 0.5 0.5 0.5 [3] 0.5 0.5 0.5 0.5 0.5 0.5 0.5 0.5 0.5 [4] 0.5 0.5 0.5 0.5 0.5 0.5 0.5 0.5 0.5 [5] 0.5 0.5 0.5 0.5 0.5 0.5 0.5 0.5 0.5 [6] 0.5 0.5 0.5 0.5 0.5 0.5 0.5 0.5 0.5 [7] 0.5 0.5 0.5 0.5 0.5 0.5 0.5 0.5 0.5 [8] 0.5 0.5 0.5 0.5 0.5 0.5 0.5 0.5 0.5 [9] 0.5 0.5 0.5 0.5 0.5 0.5 0.5 0.5 0.5 [10] 0.5 0.5 0.5 0.5 0.5 0.5 0.5 0.5 0.5 [11] 0.5 0.5 0.5 0.5 0.5 0.5 0.5 0.5 0.5 [12] 0.5 0.5 0.5 0.5 0.5 0.5 0.5 0.5 0.5 
[7] [0] 0.5 0.5 0.5 0.5 0.5 0.5 0.5 0.5 0.5 [1] 0.5 0.5 0.5 0.5 0.5 0.5 0.5 0.5 0.5 [2] 0.5 0.5 0.5 0.5 0.5 0.5 0.5 0.5 0.5 [3] 0.5 0.5 0.5 0.5 0.5 0.5 0.5 0.5 0.5 [4] 0.5 0.5 0.5 0.5 0.5 0.5 0.5 0.5 0.5 [5] 0.5 0.5 0.5 0.5 0.5 0.5 0.5 0.5 0.5 [6] 0.5 0.5 0.5 0.5 0.5 0.5 0.5 0.5 0.5 [7] 0.5 0.5 0.5 0.5 0.5 0.5 0.5 0.5 0.5 [8] 0.5 0.5 0.5 0.5 0.5 0.5 0.5 0.5 0.5 [9] 0.5 0.5 0.5 0.5 0.5 0.5 0.5 0.5 0.5 [10] 0.5 0.5 0.5 0.5 0.5 0.5 0.5 0.5 0.5 [11] 0.5 0.5 0.5 0.5 0.5 0.5 0.5 0.5 0.5 [12] 0.5 0.5 0.5 0.5 0.5 0.5 0.5 0.5 0.5 
[8] [0] 0.5 0.5 0.5 0.5 0.5 0.5 0.5 0.5 0.5 [1] 0.5 0.5 0.5 0.5 0.5 0.5 0.5 0.5 0.5 [2] 0.5 0.5 0.5 0.5 0.5 0.5 0.5 0.5 0.5 [3] 0.5 0.5 0.5 0.5 0.5 0.5 0.5 0.5 0.5 [4] 0.5 0.5 0.5 0.5 0.5 0.5 0.5 0.5 0.5 [5] 0.5 0.5 0.5 0.5 0.5 0.5 0.5 0.5 0.5 [6] 0.5 0.5 0.5 0.5 0.5 0.5 0.5 0.5 0.5 [7] 0.5 0.5 0.5 0.5 0.5 0.5 0.5 0.5 0.5 [8] 0.5 0.5 0.5 0.5 0.5 0.5 0.5 0.5 0.5 [9] 0.5 0.5 0.5 0.5 0.5 0.5 0.5 0.5 0.5 [10] 0.5 0.5 0.5 0.5 0.5 0.5 0.5 0.5 0.5 [11] 0.5 0.5 0.5 0.5 0.5 0.5 0.5 0.5 0.5 [12] 0.5 0.5 0.5 0.5 0.5 0.5 0.5 0.5 0.5 
[9] 
[0] [0] 0.5 0.5 0.5 0.5 0.5 0.5 0.5 0.5 0.5 [1] 0.5 0.5 0.5 0.5 0.5 0.5 0.5 0.5 0.5 [2] 0.5 0.5 0.5 0.5 0.5 0.5 0.5 0.5 0.5 [3] 0.5 0.5 0.5 0.5 0.5 0.5 0.5 0.5 0.5 [4] 0.5 0.5 0.5 0.5 0.5 0.5 0.5 0.5 0.5 [5] 0.5 0.5 0.5 0.5 0.5 0.5 0.5 0.5 0.5 [6] 0.5 0.5 0.5 0.5 0.5 0.5 0.5 0.5 0.5 [7] 0.5 0.5 0.5 0.5 0.5 0.5 0.5 0.5 0.5 [8] 0.5 0.5 0.5 0.5 0.5 0.5 0.5 0.5 0.5 [9] 0.5 0.5 0.5 0.5 0.5 0.5 0.5 0.5 0.5 [10] 0.5 0.5 0.5 0.5 0.5 0.5 0.5 0.5 0.5 [11] 0.5 0.5 0.5 0.5 0.5 0.5 0.5 0.5 0.5 [12] 0.5 0.5 0.5 0.5 0.5 0.5 0.5 0.5 0.5 
[1] [0] 0.5 0.5 0.5 0.5 0.5 0.5 0.5 0.5 0.5 [1] 0.5 0.5 0.5 0.5 0.5 0.5 0.5 0.5 0.5 [2] 0.5 0.5 0.5 0.5 0.5 0.5 0.5 0.5 0.5 [3] 0.5 0.5 0.5 0.5 0.5 0.5 0.5 0.5 0.5 [4] 0.5 0.5 0.5 0.5 0.5 0.5 0.5 0.5 0.5 [5] 0.5 0.5 0.5 0.5 0.5 0.5 0.5 0.5 0.5 [6] 0.5 0.5 0.5 0.5 0.5 0.5 0.5 0.5 0.5 [7] 0.5 0.5 0.5 0.5 0.5 0.5 0.5 0.5 0.5 [8] 0.5 0.5 0.5 0.5 0.5 0.5 0.5 0.5 0.5 [9] 0.5 0.4917135 0.5 0.4346773 0.5 0.5 0.5 0.5 0.5 [10] 0.5 0.4881677 0.5 0.4399127 0.4348973 0.5 0.5 0.5 0.5 [11] 0.5 0.5 0.4426795 0.4382797 0.419044 0.5 0.5 0.5 0.5 [12] 0.5 0.5 0.4384394 0.5 0.5 0.5 0.5 0.5 0.5 
[2] [0] 0.5 0.5 0.5 0.5 0.5 0.5 0.5 0.5 0.5 [1] 0.5 0.5 0.5 0.5 0.5 0.5 0.5 0.5 0.5 [2] 0.5 0.5 0.5 0.5 0.5 0.5 0.5 0.5 0.5 [3] 0.5 0.5 0.5 0.5 0.5 0.5 0.5 0.5 0.5 [4] 0.5 0.5 0.5 0.5 0.5 0.5 0.5 0.5 0.5 [5] 0.5 0.5 0.5 0.5 0.5 0.5 0.5 0.5 0.5 [6] 0.5 0.5 0.5 0.5 0.5 0.5 0.5 0.5 0.5 [7] 0.5 0.5 0.5 0.5 0.5 0.5 0.5 0.5 0.5 [8] 0.5 0.5 0.5 0.5 0.5 0.5 0.5 0.5 0.5 [9] 0.5 0.5 0.5 0.5 0.5 0.5 0.5 0.5 0.5 [10] 0.5 0.5 0.5 0.5 0.5 0.5 0.5 0.5 0.5 [11] 0.5 0.5 0.5 0.5 0.5 0.5 0.5 0.5 0.5 [12] 0.5 0.5 0.5 0.5 0.5 0.5 0.5 0.5 0.5 
[3] [0] 0.5 0.5 0.5 0.5 0.5 0.5 0.5 0.5 0.5 [1] 0.5 0.5 0.5 0.5 0.5 0.5 0.5 0.5 0.5 [2] 0.5 0.5 0.5 0.5 0.5 0.5 0.5 0.5 0.5 [3] 0.5 0.5 0.5 0.5 0.5 0.5 0.5 0.5 0.5 [4] 0.5 0.5 0.5 0.5 0.5 0.5 0.5 0.5 0.5 [5] 0.5 0.5 0.5 0.5 0.5 0.5 0.5 0.5 0.5 [6] 0.5 0.5 0.5 0.5 0.5 0.5 0.5 0.5 0.5 [7] 0.5 0.5 0.5 0.5 0.5 0.5 0.5 0.5 0.5 [8] 0.5 0.5 0.5 0.5 0.5 0.5 0.5 0.5 0.5 [9] 0.5 0.4366632 0.5 0.4626535 0.5 0.5 0.5 0.5 0.5 [10] 0.5 0.4858643 0.5 0.4606439 0.4726872 0.5 0.5 0.5 0.5 [11] 0.5 0.5 0.4646228 0.4806687 0.4011501 0.5 0.5 0.5 0.5 [12] 0.5 0.5 0.4602502 0.5 0.5 0.5 0.5 0.5 0.5 
[4] [0] 0.5 0.5 0.5 0.5 0.5 0.5 0.5 0.5 0.5 [1] 0.5 0.5 0.5 0.5 0.5 0.5 0.5 0.5 0.5 [2] 0.5 0.5 0.5 0.5 0.5 0.5 0.5 0.5 0.5 [3] 0.5 0.5 0.5 0.5 0.5 0.5 0.5 0.5 0.5 [4] 0.5 0.5 0.5 0.5 0.5 0.5 0.5 0.5 0.5 [5] 0.5 0.5 0.5 0.5 0.5 0.5 0.5 0.5 0.5 [6] 0.5 0.5 0.5 0.5 0.5 0.5 0.5 0.5 0.5 [7] 0.5 0.5 0.5 0.5 0.5 0.5 0.5 0.5 0.5 [8] 0.5 0.5 0.5 0.5 0.5 0.5 0.5 0.5 0.5 [9] 0.5 0.5 0.5 0.5 0.5 0.5 0.5 0.5 0.5 [10] 0.5 0.5 0.5 0.5 0.5 0.5 0.5 0.5 0.5 [11] 0.5 0.5 0.5 0.5 0.5 0.5 0.5 0.5 0.5 [12] 0.5 0.5 0.5 0.5 0.5 0.5 0.5 0.5 0.5 
[5] [0] 0.5 0.5 0.5 0.5 0.5 0.5 0.5 0.5 0.5 [1] 0.5 0.5 0.5 0.5 0.5 0.5 0.5 0.5 0.5 [2] 0.5 0.5 0.5 0.5 0.5 0.5 0.5 0.5 0.5 [3] 0.5 0.5 0.5 0.5 0.5 0.5 0.5 0.5 0.5 [4] 0.5 0.5 0.5 0.5 0.5 0.5 0.5 0.5 0.5 [5] 0.5 0.5 0.5 0.5 0.5 0.5 0.5 0.5 0.5 [6] 0.5 0.5 0.5 0.5 0.5 0.5 0.5 0.5 0.5 [7] 0.5 0.5 0.5 0.5 0.5 0.5 0.5 0.5 0.5 [8] 0.5 0.5 0.5 0.5 0.5 0.5 0.5 0.5 0.5 [9] 0.5 0.5 0.5 0.5 0.5 0.5 0.5 0.5 0.5 [10] 0.5 0.5 0.5 0.5 0.5 0.5 0.5 0.5 0.5 [11] 0.5 0.5 0.5 0.5 0.5 0.5 0.5 0.5 0.5 [12] 0.5 0.5 0.5 0.5 0.5 0.5 0.5 0.5 0.5 
[6] [0] 0.5 0.5 0.5 0.5 0.5 0.5 0.5 0.5 0.5 [1] 0.5 0.5 0.5 0.5 0.5 0.5 0.5 0.5 0.5 [2] 0.5 0.5 0.5 0.5 0.5 0.5 0.5 0.5 0.5 [3] 0.5 0.5 0.5 0.5 0.5 0.5 0.5 0.5 0.5 [4] 0.5 0.5 0.5 0.5 0.5 0.5 0.5 0.5 0.5 [5] 0.5 0.5 0.5 0.5 0.5 0.5 0.5 0.5 0.5 [6] 0.5 0.5 0.5 0.5 0.5 0.5 0.5 0.5 0.5 [7] 0.5 0.5 0.5 0.5 0.5 0.5 0.5 0.5 0.5 [8] 0.5 0.5 0.5 0.5 0.5 0.5 0.5 0.5 0.5 [9] 0.5 0.5 0.5 0.5 0.5 0.5 0.5 0.5 0.5 [10] 0.5 0.5 0.5 0.5 0.5 0.5 0.5 0.5 0.5 [11] 0.5 0.5 0.5 0.5 0.5 0.5 0.5 0.5 0.5 [12] 0.5 0.5 0.5 0.5 0.5 0.5 0.5 0.5 0.5 
[7] [0] 0.5 0.5 0.5 0.5 0.5 0.5 0.5 0.5 0.5 [1] 0.5 0.5 0.5 0.5 0.5 0.5 0.5 0.5 0.5 [2] 0.5 0.5 0.5 0.5 0.5 0.5 0.5 0.5 0.5 [3] 0.5 0.5 0.5 0.5 0.5 0.5 0.5 0.5 0.5 [4] 0.5 0.5 0.5 0.5 0.5 0.5 0.5 0.5 0.5 [5] 0.5 0.5 0.5 0.5 0.5 0.5 0.5 0.5 0.5 [6] 0.5 0.5 0.5 0.5 0.5 0.5 0.5 0.5 0.5 [7] 0.5 0.5 0.5 0.5 0.5 0.5 0.5 0.5 0.5 [8] 0.5 0.5 0.5 0.5 0.5 0.5 0.5 0.5 0.5 [9] 0.5 0.5 0.5 0.5 0.5 0.5 0.5 0.5 0.5 [10] 0.5 0.5 0.5 0.5 0.5 0.5 0.5 0.5 0.5 [11] 0.5 0.5 0.5 0.5 0.5 0.5 0.5 0.5 0.5 [12] 0.5 0.5 0.5 0.5 0.5 0.5 0.5 0.5 0.5 
[8] [0] 0.5 0.5 0.5 0.5 0.5 0.5 0.5 0.5 0.5 [1] 0.5 0.5 0.5 0.5 0.5 0.5 0.5 0.5 0.5 [2] 0.5 0.5 0.5 0.5 0.5 0.5 0.5 0.5 0.5 [3] 0.5 0.5 0.5 0.5 0.5 0.5 0.5 0.5 0.5 [4] 0.5 0.5 0.5 0.5 0.5 0.5 0.5 0.5 0.5 [5] 0.5 0.5 0.5 0.5 0.5 0.5 0.5 0.5 0.5 [6] 0.5 0.5 0.5 0.5 0.5 0.5 0.5 0.5 0.5 [7] 0.5 0.5 0.5 0.5 0.5 0.5 0.5 0.5 0.5 [8] 0.5 0.5 0.5 0.5 0.5 0.5 0.5 0.5 0.5 [9] 0.5 0.5 0.5 0.5 0.5 0.5 0.5 0.5 0.5 [10] 0.5 0.5 0.5 0.5 0.5 0.5 0.5 0.5 0.5 [11] 0.5 0.5 0.5 0.5 0.5 0.5 0.5 0.5 0.5 [12] 0.5 0.5 0.5 0.5 0.5 0.5 0.5 0.5 0.5 
[10] 
[0] [0] 0.5 0.5 0.5 0.5 0.5 0.5 0.5 0.5 0.5 [1] 0.5 0.5 0.5 0.5 0.5 0.5 0.5 0.5 0.5 [2] 0.5 0.5 0.5 0.5 0.5 0.5 0.5 0.5 0.5 [3] 0.5 0.5 0.5 0.5 0.5 0.5 0.5 0.5 0.5 [4] 0.5 0.5 0.5 0.5 0.5 0.5 0.5 0.5 0.5 [5] 0.5 0.5 0.5 0.5 0.5 0.5 0.5 0.5 0.5 [6] 0.5 0.5 0.5 0.5 0.5 0.5 0.5 0.5 0.5 [7] 0.5 0.5 0.5 0.5 0.5 0.5 0.5 0.5 0.5 [8] 0.5 0.5 0.5 0.5 0.5 0.5 0.5 0.5 0.5 [9] 0.5 0.5 0.5 0.5 0.5 0.5 0.5 0.5 0.5 [10] 0.5 0.5 0.5 0.5 0.5 0.5 0.5 0.5 0.5 [11] 0.5 0.5 0.5 0.5 0.5 0.5 0.5 0.5 0.5 [12] 0.5 0.5 0.5 0.5 0.5 0.5 0.5 0.5 0.5 
[1] [0] 0.5 0.5 0.5 0.5 0.5 0.5 0.5 0.5 0.5 [1] 0.5 0.5 0.5 0.5 0.5 0.5 0.5 0.5 0.5 [2] 0.5 0.5 0.5 0.5 0.5 0.5 0.5 0.5 0.5 [3] 0.5 0.5 0.5 0.5 0.5 0.5 0.5 0.5 0.5 [4] 0.5 0.5 0.5 0.5 0.5 0.5 0.5 0.5 0.5 [5] 0.5 0.5 0.5 0.5 0.5 0.5 0.5 0.5 0.5 [6] 0.5 0.5 0.5 0.5 0.5 0.5 0.5 0.5 0.5 [7] 0.5 0.5 0.5 0.5 0.5 0.5 0.5 0.5 0.5 [8] 0.5 0.5 0.5 0.5 0.5 0.5 0.5 0.5 0.5 [9] 0.5 0.5 0.5 0.5 0.5 0.5 0.5 0.5 0.5 [10] 0.5 0.4733421 0.5 0.4835886 0.4949908 0.5 0.5 0.5 0.5 [11] 0.5 0.5 0.4832876 0.4815114 0.4327942 0.5 0.5 0.5 0.5 [12] 0.5 0.5 0.4967411 0.5 0.5 0.5 0.5 0.5 0.5 
[2] [0] 0.5 0.5 0.5 0.5 0.5 0.5 0.5 0.5 0.5 [1] 0.5 0.5 0.5 0.5 0.5 0.5 0.5 0.5 0.5 [2] 0.5 0.5 0.5 0.5 0.5 0.5 0.5 0.5 0.5 [3] 0.5 0.5 0.5 0.5 0.5 0.5 0.5 0.5 0.5 [4] 0.5 0.5 0.5 0.5 0.5 0.5 0.5 0.5 0.5 [5] 0.5 0.5 0.5 0.5 0.5 0.5 0.5 0.5 0.5 [6] 0.5 0.5 0.5 0.5 0.5 0.5 0.5 0.5 0.5 [7] 0.5 0.5 0.5 0.5 0.5 0.5 0.5 0.5 0.5 [8] 0.5 0.5 0.5 0.5 0.5 0.5 0.5 0.5 0.5 [9] 0.5 0.5 0.5 0.5 0.5 0.5 0.5 0.5 0.5 [10] 0.5 0.5 0.5 0.5 0.5 0.5 0.5 0.5 0.5 [11] 0.5 0.5 0.5 0.5 0.5 0.5 0.5 0.5 0.5 [12] 0.5 0.5 0.5 0.5 0.5 0.5 0.5 0.5 0.5 
[3] [0] 0.5 0.5 0.5 0.5 0.5 0.5 0.5 0.5 0.5 [1] 0.5 0.5 0.5 0.5 0.5 0.5 0.5 0.5 0.5 [2] 0.5 0.5 0.5 0.5 0.5 0.5 0.5 0.5 0.5 [3] 0.5 0.5 0.5 0.5 0.5 0.5 0.5 0.5 0.5 [4] 0.5 0.5 0.5 0.5 0.5 0.5 0.5 0.5 0.5 [5] 0.5 0.5 0.5 0.5 0.5 0.5 0.5 0.5 0.5 [6] 0.5 0.5 0.5 0.5 0.5 0.5 0.5 0.5 0.5 [7] 0.5 0.5 0.5 0.5 0.5 0.5 0.5 0.5 0.5 [8] 0.5 0.5 0.5 0.5 0.5 0.5 0.5 0.5 0.5 [9] 0.5 0.5 0.5 0.5 0.5 0.5 0.5 0.5 0.5 [10] 0.5 0.4802985 0.5 0.4583422 0.4678962 0.5 0.5 0.5 0.5 [11] 0.5 0.5 0.477901 0.4633024 0.3982309 0.5 0.5 0.5 0.5 [12] 0.5 0.5 0.4667644 0.5 0.5 0.5 0.5 0.5 0.5 
[4] [0] 0.5 0.5 0.5 0.5 0.5 0.5 0.5 0.5 0.5 [1] 0.5 0.5 0.5 0.5 0.5 0.5 0.5 0.5 0.5 [2] 0.5 0.5 0.5 0.5 0.5 0.5 0.5 0.5 0.5 [3] 0.5 0.5 0.5 0.5 0.5 0.5 0.5 0.5 0.5 [4] 0.5 0.5 0.5 0.5 0.5 0.5 0.5 0.5 0.5 [5] 0.5 0.5 0.5 0.5 0.5 0.5 0.5 0.5 0.5 [6] 0.5 0.5 0.5 0.5 0.5 0.5 0.5 0.5 0.5 [7] 0.5 0.5 0.5 0.5 0.5 0.5 0.5 0.5 0.5 [8] 0.5 0.5 0.5 0.5 0.5 0.5 0.5 0.5 0.5 [9] 0.5 0.5 0.5 0.5 0.5 0.5 0.5 0.5 0.5 [10] 0.5 0.4993776 0.5 0.4914464 0.436863 0.5 0.5 0.5 0.5 [11] 0.5 0.5 0.4792403 0.4738382 0.3979264 0.5 0.5 0.5 0.5 [12] 0.5 0.5 0.4641908 0.5 0.5 0.5 0.5 0.5 0.5 
[5] [0] 0.5 0.5 0.5 0.5 0.5 0.5 0.5 0.5 0.5 [1] 0.5 0.5 0.5 0.5 0.5 0.5 0.5 0.5 0.5 [2] 0.5 0.5 0.5 0.5 0.5 0.5 0.5 0.5 0.5 [3] 0.5 0.5 0.5 0.5 0.5 0.5 0.5 0.5 0.5 [4] 0.5 0.5 0.5 0.5 0.5 0.5 0.5 0.5 0.5 [5] 0.5 0.5 0.5 0.5 0.5 0.5 0.5 0.5 0.5 [6] 0.5 0.5 0.5 0.5 0.5 0.5 0.5 0.5 0.5 [7] 0.5 0.5 0.5 0.5 0.5 0.5 0.5 0.5 0.5 [8] 0.5 0.5 0.5 0.5 0.5 0.5 0.5 0.5 0.5 [9] 0.5 0.5 0.5 0.5 0.5 0.5 0.5 0.5 0.5 [10] 0.5 0.5 0.5 0.5 0.5 0.5 0.5 0.5 0.5 [11] 0.5 0.5 0.5 0.5 0.5 0.5 0.5 0.5 0.5 [12] 0.5 0.5 0.5 0.5 0.5 0.5 0.5 0.5 0.5 
[6] [0] 0.5 0.5 0.5 0.5 0.5 0.5 0.5 0.5 0.5 [1] 0.5 0.5 0.5 0.5 0.5 0.5 0.5 0.5 0.5 [2] 0.5 0.5 0.5 0.5 0.5 0.5 0.5 0.5 0.5 [3] 0.5 0.5 0.5 0.5 0.5 0.5 0.5 0.5 0.5 [4] 0.5 0.5 0.5 0.5 0.5 0.5 0.5 0.5 0.5 [5] 0.5 0.5 0.5 0.5 0.5 0.5 0.5 0.5 0.5 [6] 0.5 0.5 0.5 0.5 0.5 0.5 0.5 0.5 0.5 [7] 0.5 0.5 0.5 0.5 0.5 0.5 0.5 0.5 0.5 [8] 0.5 0.5 0.5 0.5 0.5 0.5 0.5 0.5 0.5 [9] 0.5 0.5 0.5 0.5 0.5 0.5 0.5 0.5 0.5 [10] 0.5 0.5 0.5 0.5 0.5 0.5 0.5 0.5 0.5 [11] 0.5 0.5 0.5 0.5 0.5 0.5 0.5 0.5 0.5 [12] 0.5 0.5 0.5 0.5 0.5 0.5 0.5 0.5 0.5 
[7] [0] 0.5 0.5 0.5 0.5 0.5 0.5 0.5 0.5 0.5 [1] 0.5 0.5 0.5 0.5 0.5 0.5 0.5 0.5 0.5 [2] 0.5 0.5 0.5 0.5 0.5 0.5 0.5 0.5 0.5 [3] 0.5 0.5 0.5 0.5 0.5 0.5 0.5 0.5 0.5 [4] 0.5 0.5 0.5 0.5 0.5 0.5 0.5 0.5 0.5 [5] 0.5 0.5 0.5 0.5 0.5 0.5 0.5 0.5 0.5 [6] 0.5 0.5 0.5 0.5 0.5 0.5 0.5 0.5 0.5 [7] 0.5 0.5 0.5 0.5 0.5 0.5 0.5 0.5 0.5 [8] 0.5 0.5 0.5 0.5 0.5 0.5 0.5 0.5 0.5 [9] 0.5 0.5 0.5 0.5 0.5 0.5 0.5 0.5 0.5 [10] 0.5 0.5 0.5 0.5 0.5 0.5 0.5 0.5 0.5 [11] 0.5 0.5 0.5 0.5 0.5 0.5 0.5 0.5 0.5 [12] 0.5 0.5 0.5 0.5 0.5 0.5 0.5 0.5 0.5 
[8] [0] 0.5 0.5 0.5 0.5 0.5 0.5 0.5 0.5 0.5 [1] 0.5 0.5 0.5 0.5 0.5 0.5 0.5 0.5 0.5 [2] 0.5 0.5 0.5 0.5 0.5 0.5 0.5 0.5 0.5 [3] 0.5 0.5 0.5 0.5 0.5 0.5 0.5 0.5 0.5 [4] 0.5 0.5 0.5 0.5 0.5 0.5 0.5 0.5 0.5 [5] 0.5 0.5 0.5 0.5 0.5 0.5 0.5 0.5 0.5 [6] 0.5 0.5 0.5 0.5 0.5 0.5 0.5 0.5 0.5 [7] 0.5 0.5 0.5 0.5 0.5 0.5 0.5 0.5 0.5 [8] 0.5 0.5 0.5 0.5 0.5 0.5 0.5 0.5 0.5 [9] 0.5 0.5 0.5 0.5 0.5 0.5 0.5 0.5 0.5 [10] 0.5 0.5 0.5 0.5 0.5 0.5 0.5 0.5 0.5 [11] 0.5 0.5 0.5 0.5 0.5 0.5 0.5 0.5 0.5 [12] 0.5 0.5 0.5 0.5 0.5 0.5 0.5 0.5 0.5 
[11] 
[0] [0] 0.5 0.5 0.5 0.5 0.5 0.5 0.5 0.5 0.5 [1] 0.5 0.5 0.5 0.5 0.5 0.5 0.5 0.5 0.5 [2] 0.5 0.5 0.5 0.5 0.5 0.5 0.5 0.5 0.5 [3] 0.5 0.5 0.5 0.5 0.5 0.5 0.5 0.5 0.5 [4] 0.5 0.5 0.5 0.5 0.5 0.5 0.5 0.5 0.5 [5] 0.5 0.5 0.5 0.5 0.5 0.5 0.5 0.5 0.5 [6] 0.5 0.5 0.5 0.5 0.5 0.5 0.5 0.5 0.5 [7] 0.5 0.5 0.5 0.5 0.5 0.5 0.5 0.5 0.5 [8] 0.5 0.5 0.5 0.5 0.5 0.5 0.5 0.5 0.5 [9] 0.5 0.5 0.5 0.5 0.5 0.5 0.5 0.5 0.5 [10] 0.5 0.5 0.5 0.5 0.5 0.5 0.5 0.5 0.5 [11] 0.5 0.5 0.5 0.5 0.5 0.5 0.5 0.5 0.5 [12] 0.5 0.5 0.5 0.5 0.5 0.5 0.5 0.5 0.5 
[1] [0] 0.5 0.5 0.5 0.5 0.5 0.5 0.5 0.5 0.5 [1] 0.5 0.5 0.5 0.5 0.5 0.5 0.5 0.5 0.5 [2] 0.5 0.5 0.5 0.5 0.5 0.5 0.5 0.5 0.5 [3] 0.5 0.5 0.5 0.5 0.5 0.5 0.5 0.5 0.5 [4] 0.5 0.5 0.5 0.5 0.5 0.5 0.5 0.5 0.5 [5] 0.5 0.5 0.5 0.5 0.5 0.5 0.5 0.5 0.5 [6] 0.5 0.5 0.5 0.5 0.5 0.5 0.5 0.5 0.5 [7] 0.5 0.5 0.5 0.5 0.5 0.5 0.5 0.5 0.5 [8] 0.5 0.5 0.5 0.5 0.5 0.5 0.5 0.5 0.5 [9] 0.5 0.5 0.5 0.5 0.5 0.5 0.5 0.5 0.5 [10] 0.5 0.5 0.5 0.5 0.5 0.5 0.5 0.5 0.5 [11] 0.5 0.5 0.5 0.5 0.5 0.5 0.5 0.5 0.5 [12] 0.5 0.5 0.5 0.5 0.5 0.5 0.5 0.5 0.5 
[2] [0] 0.5 0.5 0.5 0.5 0.5 0.5 0.5 0.5 0.5 [1] 0.5 0.5 0.5 0.5 0.5 0.5 0.5 0.5 0.5 [2] 0.5 0.5 0.5 0.5 0.5 0.5 0.5 0.5 0.5 [3] 0.5 0.5 0.5 0.5 0.5 0.5 0.5 0.5 0.5 [4] 0.5 0.5 0.5 0.5 0.5 0.5 0.5 0.5 0.5 [5] 0.5 0.5 0.5 0.5 0.5 0.5 0.5 0.5 0.5 [6] 0.5 0.5 0.5 0.5 0.5 0.5 0.5 0.5 0.5 [7] 0.5 0.5 0.5 0.5 0.5 0.5 0.5 0.5 0.5 [8] 0.5 0.5 0.5 0.5 0.5 0.5 0.5 0.5 0.5 [9] 0.5 0.5 0.5 0.5 0.5 0.5 0.5 0.5 0.5 [10] 0.5 0.5 0.5 0.5 0.5 0.5 0.5 0.5 0.5 [11] 0.5 0.5 0.484227 0.4691809 0.4421643 0.5 0.5 0.5 0.5 [12] 0.5 0.5 0.4621186 0.5 0.5 0.5 0.5 0.5 0.5 
[3] [0] 0.5 0.5 0.5 0.5 0.5 0.5 0.5 0.5 0.5 [1] 0.5 0.5 0.5 0.5 0.5 0.5 0.5 0.5 0.5 [2] 0.5 0.5 0.5 0.5 0.5 0.5 0.5 0.5 0.5 [3] 0.5 0.5 0.5 0.5 0.5 0.5 0.5 0.5 0.5 [4] 0.5 0.5 0.5 0.5 0.5 0.5 0.5 0.5 0.5 [5] 0.5 0.5 0.5 0.5 0.5 0.5 0.5 0.5 0.5 [6] 0.5 0.5 0.5 0.5 0.5 0.5 0.5 0.5 0.5 [7] 0.5 0.5 0.5 0.5 0.5 0.5 0.5 0.5 0.5 [8] 0.5 0.5 0.5 0.5 0.5 0.5 0.5 0.5 0.5 [9] 0.5 0.5 0.5 0.5 0.5 0.5 0.5 0.5 0.5 [10] 0.5 0.5 0.5 0.5 0.5 0.5 0.5 0.5 0.5 [11] 0.5 0.5 0.4591642 0.4844304 0.4585358 0.5 0.5 0.5 0.5 [12] 0.5 0.5 0.484062 0.5 0.5 0.5 0.5 0.5 0.5 
[4] [0] 0.5 0.5 0.5 0.5 0.5 0.5 0.5 0.5 0.5 [1] 0.5 0.5 0.5 0.5 0.5 0.5 0.5 0.5 0.5 [2] 0.5 0.5 0.5 0.5 0.5 0.5 0.5 0.5 0.5 [3] 0.5 0.5 0.5 0.5 0.5 0.5 0.5 0.5 0.5 [4] 0.5 0.5 0.5 0.5 0.5 0.5 0.5 0.5 0.5 [5] 0.5 0.5 0.5 0.5 0.5 0.5 0.5 0.5 0.5 [6] 0.5 0.5 0.5 0.5 0.5 0.5 0.5 0.5 0.5 [7] 0.5 0.5 0.5 0.5 0.5 0.5 0.5 0.5 0.5 [8] 0.5 0.5 0.5 0.5 0.5 0.5 0.5 0.5 0.5 [9] 0.5 0.5 0.5 0.5 0.5 0.5 0.5 0.5 0.5 [10] 0.5 0.5 0.5 0.5 0.5 0.5 0.5 0.5 0.5 [11] 0.5 0.5 0.4518398 0.4203879 0.4882881 0.5 0.5 0.5 0.5 [12] 0.5 0.5 0.3951497 0.5 0.5 0.5 0.5 0.5 0.5 
[5] [0] 0.5 0.5 0.5 0.5 0.5 0.5 0.5 0.5 0.5 [1] 0.5 0.5 0.5 0.5 0.5 0.5 0.5 0.5 0.5 [2] 0.5 0.5 0.5 0.5 0.5 0.5 0.5 0.5 0.5 [3] 0.5 0.5 0.5 0.5 0.5 0.5 0.5 0.5 0.5 [4] 0.5 0.5 0.5 0.5 0.5 0.5 0.5 0.5 0.5 [5] 0.5 0.5 0.5 0.5 0.5 0.5 0.5 0.5 0.5 [6] 0.5 0.5 0.5 0.5 0.5 0.5 0.5 0.5 0.5 [7] 0.5 0.5 0.5 0.5 0.5 0.5 0.5 0.5 0.5 [8] 0.5 0.5 0.5 0.5 0.5 0.5 0.5 0.5 0.5 [9] 0.5 0.5 0.5 0.5 0.5 0.5 0.5 0.5 0.5 [10] 0.5 0.5 0.5 0.5 0.5 0.5 0.5 0.5 0.5 [11] 0.5 0.5 0.5 0.5 0.5 0.5 0.5 0.5 0.5 [12] 0.5 0.5 0.5 0.5 0.5 0.5 0.5 0.5 0.5 
[6] [0] 0.5 0.5 0.5 0.5 0.5 0.5 0.5 0.5 0.5 [1] 0.5 0.5 0.5 0.5 0.5 0.5 0.5 0.5 0.5 [2] 0.5 0.5 0.5 0.5 0.5 0.5 0.5 0.5 0.5 [3] 0.5 0.5 0.5 0.5 0.5 0.5 0.5 0.5 0.5 [4] 0.5 0.5 0.5 0.5 0.5 0.5 0.5 0.5 0.5 [5] 0.5 0.5 0.5 0.5 0.5 0.5 0.5 0.5 0.5 [6] 0.5 0.5 0.5 0.5 0.5 0.5 0.5 0.5 0.5 [7] 0.5 0.5 0.5 0.5 0.5 0.5 0.5 0.5 0.5 [8] 0.5 0.5 0.5 0.5 0.5 0.5 0.5 0.5 0.5 [9] 0.5 0.5 0.5 0.5 0.5 0.5 0.5 0.5 0.5 [10] 0.5 0.5 0.5 0.5 0.5 0.5 0.5 0.5 0.5 [11] 0.5 0.5 0.5 0.5 0.5 0.5 0.5 0.5 0.5 [12] 0.5 0.5 0.5 0.5 0.5 0.5 0.5 0.5 0.5 
[7] [0] 0.5 0.5 0.5 0.5 0.5 0.5 0.5 0.5 0.5 [1] 0.5 0.5 0.5 0.5 0.5 0.5 0.5 0.5 0.5 [2] 0.5 0.5 0.5 0.5 0.5 0.5 0.5 0.5 0.5 [3] 0.5 0.5 0.5 0.5 0.5 0.5 0.5 0.5 0.5 [4] 0.5 0.5 0.5 0.5 0.5 0.5 0.5 0.5 0.5 [5] 0.5 0.5 0.5 0.5 0.5 0.5 0.5 0.5 0.5 [6] 0.5 0.5 0.5 0.5 0.5 0.5 0.5 0.5 0.5 [7] 0.5 0.5 0.5 0.5 0.5 0.5 0.5 0.5 0.5 [8] 0.5 0.5 0.5 0.5 0.5 0.5 0.5 0.5 0.5 [9] 0.5 0.5 0.5 0.5 0.5 0.5 0.5 0.5 0.5 [10] 0.5 0.5 0.5 0.5 0.5 0.5 0.5 0.5 0.5 [11] 0.5 0.5 0.5 0.5 0.5 0.5 0.5 0.5 0.5 [12] 0.5 0.5 0.5 0.5 0.5 0.5 0.5 0.5 0.5 
[8] [0] 0.5 0.5 0.5 0.5 0.5 0.5 0.5 0.5 0.5 [1] 0.5 0.5 0.5 0.5 0.5 0.5 0.5 0.5 0.5 [2] 0.5 0.5 0.5 0.5 0.5 0.5 0.5 0.5 0.5 [3] 0.5 0.5 0.5 0.5 0.5 0.5 0.5 0.5 0.5 [4] 0.5 0.5 0.5 0.5 0.5 0.5 0.5 0.5 0.5 [5] 0.5 0.5 0.5 0.5 0.5 0.5 0.5 0.5 0.5 [6] 0.5 0.5 0.5 0.5 0.5 0.5 0.5 0.5 0.5 [7] 0.5 0.5 0.5 0.5 0.5 0.5 0.5 0.5 0.5 [8] 0.5 0.5 0.5 0.5 0.5 0.5 0.5 0.5 0.5 [9] 0.5 0.5 0.5 0.5 0.5 0.5 0.5 0.5 0.5 [10] 0.5 0.5 0.5 0.5 0.5 0.5 0.5 0.5 0.5 [11] 0.5 0.5 0.5 0.5 0.5 0.5 0.5 0.5 0.5 [12] 0.5 0.5 0.5 0.5 0.5 0.5 0.5 0.5 0.5 
[12] 
[0] [0] 0.5 0.5 0.5 0.5 0.5 0.5 0.5 0.5 0.5 [1] 0.5 0.5 0.5 0.5 0.5 0.5 0.5 0.5 0.5 [2] 0.5 0.5 0.5 0.5 0.5 0.5 0.5 0.5 0.5 [3] 0.5 0.5 0.5 0.5 0.5 0.5 0.5 0.5 0.5 [4] 0.5 0.5 0.5 0.5 0.5 0.5 0.5 0.5 0.5 [5] 0.5 0.5 0.5 0.5 0.5 0.5 0.5 0.5 0.5 [6] 0.5 0.5 0.5 0.5 0.5 0.5 0.5 0.5 0.5 [7] 0.5 0.5 0.5 0.5 0.5 0.5 0.5 0.5 0.5 [8] 0.5 0.5 0.5 0.5 0.5 0.5 0.5 0.5 0.5 [9] 0.5 0.5 0.5 0.5 0.5 0.5 0.5 0.5 0.5 [10] 0.5 0.5 0.5 0.5 0.5 0.5 0.5 0.5 0.5 [11] 0.5 0.5 0.5 0.5 0.5 0.5 0.5 0.5 0.5 [12] 0.5 0.5 0.5 0.5 0.5 0.5 0.5 0.5 0.5 
[1] [0] 0.5 0.5 0.5 0.5 0.5 0.5 0.5 0.5 0.5 [1] 0.5 0.5 0.5 0.5 0.5 0.5 0.5 0.5 0.5 [2] 0.5 0.5 0.5 0.5 0.5 0.5 0.5 0.5 0.5 [3] 0.5 0.5 0.5 0.5 0.5 0.5 0.5 0.5 0.5 [4] 0.5 0.5 0.5 0.5 0.5 0.5 0.5 0.5 0.5 [5] 0.5 0.5 0.5 0.5 0.5 0.5 0.5 0.5 0.5 [6] 0.5 0.5 0.5 0.5 0.5 0.5 0.5 0.5 0.5 [7] 0.5 0.5 0.5 0.5 0.5 0.5 0.5 0.5 0.5 [8] 0.5 0.5 0.5 0.5 0.5 0.5 0.5 0.5 0.5 [9] 0.5 0.5 0.5 0.5 0.5 0.5 0.5 0.5 0.5 [10] 0.5 0.5 0.5 0.5 0.5 0.5 0.5 0.5 0.5 [11] 0.5 0.5 0.5 0.5 0.5 0.5 0.5 0.5 0.5 [12] 0.5 0.5 0.5 0.5 0.5 0.5 0.5 0.5 0.5 
[2] [0] 0.5 0.5 0.5 0.5 0.5 0.5 0.5 0.5 0.5 [1] 0.5 0.5 0.5 0.5 0.5 0.5 0.5 0.5 0.5 [2] 0.5 0.5 0.5 0.5 0.5 0.5 0.5 0.5 0.5 [3] 0.5 0.5 0.5 0.5 0.5 0.5 0.5 0.5 0.5 [4] 0.5 0.5 0.5 0.5 0.5 0.5 0.5 0.5 0.5 [5] 0.5 0.5 0.5 0.5 0.5 0.5 0.5 0.5 0.5 [6] 0.5 0.5 0.5 0.5 0.5 0.5 0.5 0.5 0.5 [7] 0.5 0.5 0.5 0.5 0.5 0.5 0.5 0.5 0.5 [8] 0.5 0.5 0.5 0.5 0.5 0.5 0.5 0.5 0.5 [9] 0.5 0.5 0.5 0.5 0.5 0.5 0.5 0.5 0.5 [10] 0.5 0.5 0.5 0.5 0.5 0.5 0.5 0.5 0.5 [11] 0.5 0.5 0.5 0.5 0.5 0.5 0.5 0.5 0.5 [12] 0.5 0.5 0.4455343 0.5 0.5 0.5 0.5 0.5 0.5 
[3] [0] 0.5 0.5 0.5 0.5 0.5 0.5 0.5 0.5 0.5 [1] 0.5 0.5 0.5 0.5 0.5 0.5 0.5 0.5 0.5 [2] 0.5 0.5 0.5 0.5 0.5 0.5 0.5 0.5 0.5 [3] 0.5 0.5 0.5 0.5 0.5 0.5 0.5 0.5 0.5 [4] 0.5 0.5 0.5 0.5 0.5 0.5 0.5 0.5 0.5 [5] 0.5 0.5 0.5 0.5 0.5 0.5 0.5 0.5 0.5 [6] 0.5 0.5 0.5 0.5 0.5 0.5 0.5 0.5 0.5 [7] 0.5 0.5 0.5 0.5 0.5 0.5 0.5 0.5 0.5 [8] 0.5 0.5 0.5 0.5 0.5 0.5 0.5 0.5 0.5 [9] 0.5 0.5 0.5 0.5 0.5 0.5 0.5 0.5 0.5 [10] 0.5 0.5 0.5 0.5 0.5 0.5 0.5 0.5 0.5 [11] 0.5 0.5 0.5 0.5 0.5 0.5 0.5 0.5 0.5 [12] 0.5 0.5 0.5 0.5 0.5 0.5 0.5 0.5 0.5 
[4] [0] 0.5 0.5 0.5 0.5 0.5 0.5 0.5 0.5 0.5 [1] 0.5 0.5 0.5 0.5 0.5 0.5 0.5 0.5 0.5 [2] 0.5 0.5 0.5 0.5 0.5 0.5 0.5 0.5 0.5 [3] 0.5 0.5 0.5 0.5 0.5 0.5 0.5 0.5 0.5 [4] 0.5 0.5 0.5 0.5 0.5 0.5 0.5 0.5 0.5 [5] 0.5 0.5 0.5 0.5 0.5 0.5 0.5 0.5 0.5 [6] 0.5 0.5 0.5 0.5 0.5 0.5 0.5 0.5 0.5 [7] 0.5 0.5 0.5 0.5 0.5 0.5 0.5 0.5 0.5 [8] 0.5 0.5 0.5 0.5 0.5 0.5 0.5 0.5 0.5 [9] 0.5 0.5 0.5 0.5 0.5 0.5 0.5 0.5 0.5 [10] 0.5 0.5 0.5 0.5 0.5 0.5 0.5 0.5 0.5 [11] 0.5 0.5 0.5 0.5 0.5 0.5 0.5 0.5 0.5 [12] 0.5 0.5 0.5 0.5 0.5 0.5 0.5 0.5 0.5 
[5] [0] 0.5 0.5 0.5 0.5 0.5 0.5 0.5 0.5 0.5 [1] 0.5 0.5 0.5 0.5 0.5 0.5 0.5 0.5 0.5 [2] 0.5 0.5 0.5 0.5 0.5 0.5 0.5 0.5 0.5 [3] 0.5 0.5 0.5 0.5 0.5 0.5 0.5 0.5 0.5 [4] 0.5 0.5 0.5 0.5 0.5 0.5 0.5 0.5 0.5 [5] 0.5 0.5 0.5 0.5 0.5 0.5 0.5 0.5 0.5 [6] 0.5 0.5 0.5 0.5 0.5 0.5 0.5 0.5 0.5 [7] 0.5 0.5 0.5 0.5 0.5 0.5 0.5 0.5 0.5 [8] 0.5 0.5 0.5 0.5 0.5 0.5 0.5 0.5 0.5 [9] 0.5 0.5 0.5 0.5 0.5 0.5 0.5 0.5 0.5 [10] 0.5 0.5 0.5 0.5 0.5 0.5 0.5 0.5 0.5 [11] 0.5 0.5 0.5 0.5 0.5 0.5 0.5 0.5 0.5 [12] 0.5 0.5 0.5 0.5 0.5 0.5 0.5 0.5 0.5 
[6] [0] 0.5 0.5 0.5 0.5 0.5 0.5 0.5 0.5 0.5 [1] 0.5 0.5 0.5 0.5 0.5 0.5 0.5 0.5 0.5 [2] 0.5 0.5 0.5 0.5 0.5 0.5 0.5 0.5 0.5 [3] 0.5 0.5 0.5 0.5 0.5 0.5 0.5 0.5 0.5 [4] 0.5 0.5 0.5 0.5 0.5 0.5 0.5 0.5 0.5 [5] 0.5 0.5 0.5 0.5 0.5 0.5 0.5 0.5 0.5 [6] 0.5 0.5 0.5 0.5 0.5 0.5 0.5 0.5 0.5 [7] 0.5 0.5 0.5 0.5 0.5 0.5 0.5 0.5 0.5 [8] 0.5 0.5 0.5 0.5 0.5 0.5 0.5 0.5 0.5 [9] 0.5 0.5 0.5 0.5 0.5 0.5 0.5 0.5 0.5 [10] 0.5 0.5 0.5 0.5 0.5 0.5 0.5 0.5 0.5 [11] 0.5 0.5 0.5 0.5 0.5 0.5 0.5 0.5 0.5 [12] 0.5 0.5 0.5 0.5 0.5 0.5 0.5 0.5 0.5 
[7] [0] 0.5 0.5 0.5 0.5 0.5 0.5 0.5 0.5 0.5 [1] 0.5 0.5 0.5 0.5 0.5 0.5 0.5 0.5 0.5 [2] 0.5 0.5 0.5 0.5 0.5 0.5 0.5 0.5 0.5 [3] 0.5 0.5 0.5 0.5 0.5 0.5 0.5 0.5 0.5 [4] 0.5 0.5 0.5 0.5 0.5 0.5 0.5 0.5 0.5 [5] 0.5 0.5 0.5 0.5 0.5 0.5 0.5 0.5 0.5 [6] 0.5 0.5 0.5 0.5 0.5 0.5 0.5 0.5 0.5 [7] 0.5 0.5 0.5 0.5 0.5 0.5 0.5 0.5 0.5 [8] 0.5 0.5 0.5 0.5 0.5 0.5 0.5 0.5 0.5 [9] 0.5 0.5 0.5 0.5 0.5 0.5 0.5 0.5 0.5 [10] 0.5 0.5 0.5 0.5 0.5 0.5 0.5 0.5 0.5 [11] 0.5 0.5 0.5 0.5 0.5 0.5 0.5 0.5 0.5 [12] 0.5 0.5 0.5 0.5 0.5 0.5 0.5 0.5 0.5 
[8] [0] 0.5 0.5 0.5 0.5 0.5 0.5 0.5 0.5 0.5 [1] 0.5 0.5 0.5 0.5 0.5 0.5 0.5 0.5 0.5 [2] 0.5 0.5 0.5 0.5 0.5 0.5 0.5 0.5 0.5 [3] 0.5 0.5 0.5 0.5 0.5 0.5 0.5 0.5 0.5 [4] 0.5 0.5 0.5 0.5 0.5 0.5 0.5 0.5 0.5 [5] 0.5 0.5 0.5 0.5 0.5 0.5 0.5 0.5 0.5 [6] 0.5 0.5 0.5 0.5 0.5 0.5 0.5 0.5 0.5 [7] 0.5 0.5 0.5 0.5 0.5 0.5 0.5 0.5 0.5 [8] 0.5 0.5 0.5 0.5 0.5 0.5 0.5 0.5 0.5 [9] 0.5 0.5 0.5 0.5 0.5 0.5 0.5 0.5 0.5 [10] 0.5 0.5 0.5 0.5 0.5 0.5 0.5 0.5 0.5 [11] 0.5 0.5 0.5 0.5 0.5 0.5 0.5 0.5 0.5 [12] 0.5 0.5 0.5 0.5 0.5 0.5 0.5 0.5 0.5 
