[0] 
[0] [0] 0.5 0.5 0.5 [1] 0.5 0.5 0.5 [2] 0.5 0.5 0.5 [3] 0.5 0.5 0.5 [4] 0.5 0.5 0.5 [5] 0.5 0.5 0.5 [6] 0.5 0.5 0.5 [7] 0.5 0.5 0.5 [8] 0.5 0.5 0.5 [9] 0.5 0.5 0.5 [10] 0.5 0.5 0.5 [11] 0.5 0.5 0.5 [12] 0.5 0.5 0.5 [13] 0.5 0.5 0.5 [14] 0.5 0.5 0.5 [15] 0.5 0.5 0.5 [16] 0.5 0.5 0.5 [17] 0.5 0.5 0.5 [18] 0.5 0.5 0.5 [19] 0.5 0.5 0.5 [20] 0.5 0.5 0.5 [21] 0.5 0.5 0.5 [22] 0.5 0.5 0.5 [23] 0.5 0.5 0.5 [24] 0.5 0.5 0.5 [25] 0.5 0.5 0.5 [26] 0.5 0.5 0.5 [27] 0.5 0.5 0.5 
[1] [0] 0.4405897 0.5 0.5 [1] 0.5 0.4445591 0.4783323 [2] 0.5 0.4695961 0.3463835 [3] 0.5 0.4629326 0.5 [4] 0.5 0.5 0.4364515 [5] 0.5 0.4656882 0.5039787 [6] 0.5 0.5 0.4281693 [7] 0.5 0.4730313 0.5167394 [8] 0.5 0.4654549 0.4927688 [9] 0.5 0.5 0.450722 [10] 0.5 0.5 0.5098638 [11] 0.5012458 0.5 0.5 [12] 0.5 0.5 0.5078022 [13] 0.5 0.4512423 0.5025873 [14] 0.5 0.4478244 0.5 [15] 0.5 0.5 0.4363278 [16] 0.5 0.4479681 0.5 [17] 0.5 0.4376833 0.5 [18] 0.5 0.3719991 0.5 [19] 0.5 0.5 0.4695304 [20] 0.5 0.5 0.4473366 [21] 0.5 0.5 0.4765146 [22] 0.5 0.5 0.4946077 [23] 0.5 0.5 0.4816734 [24] 0.5 0.5 0.4802231 [25] 0.5 0.4877836 0.5081825 [26] 0.5 0.5 0.5138872 [27] 0.5 0.5 0.4307544 
[2] [0] 0.4521553 0.5 0.5 [1] 0.5 0.4841832 0.5160007 [2] 0.5 0.4707774 0.3380843 [3] 0.5 0.4777719 0.5 [4] 0.5 0.5 0.4520124 [5] 0.5 0.4837064 0.5054125 [6] 0.5 0.5 0.4015718 [7] 0.5 0.4786685 0.5092608 [8] 0.5 0.4853044 0.5205463 [9] 0.5 0.5 0.456981 [10] 0.5 0.5 0.5023736 [11] 0.4902178 0.5 0.5 [12] 0.5 0.5 0.5050966 [13] 0.5 0.4730743 0.506237 [14] 0.5 0.456171 0.5 [15] 0.5 0.5 0.4355814 [16] 0.5 0.4738058 0.5 [17] 0.5 0.4529009 0.5 [18] 0.5 0.4022394 0.5 [19] 0.5 0.5 0.4687228 [20] 0.5 0.5 0.440381 [21] 0.5 0.5 0.4986814 [22] 0.5 0.5 0.460995 [23] 0.5 0.5 0.480191 [24] 0.5 0.5 0.4836058 [25] 0.5 0.4948455 0.4966104 [26] 0.5 0.5 0.515524 [27] 0.5 0.5 0.4319072 
[3] [0] 0.4985782 0.5 0.5 [1] 0.5 0.46401 0.5047912 [2] 0.5 0.4717481 0.3435235 [3] 0.5 0.4808592 0.5 [4] 0.5 0.5 0.4419986 [5] 0.5 0.4866167 0.5021954 [6] 0.5 0.5 0.4564352 [7] 0.5 0.4853653 0.4795784 [8] 0.5 0.4806035 0.4842406 [9] 0.5 0.5 0.4610683 [10] 0.5 0.5 0.5159149 [11] 0.5032845 0.5 0.5 [12] 0.5 0.5 0.5025574 [13] 0.5 0.4740355 0.4908231 [14] 0.5 0.4404028 0.5 [15] 0.5 0.5 0.4519388 [16] 0.5 0.4596607 0.5 [17] 0.5 0.4458947 0.5 [18] 0.5 0.3815598 0.5 [19] 0.5 0.5 0.4611426 [20] 0.5 0.5 0.4515854 [21] 0.5 0.5 0.4765156 [22] 0.5 0.5 0.4848936 [23] 0.5 0.5 0.4711182 [24] 0.5 0.5 0.4793995 [25] 0.5 0.4804127 0.50665 [26] 0.5 0.5 0.4951501 [27] 0.5 0.5 0.4301931 
[4] [0] 0.4318721 0.5 0.5 [1] 0.5 0.4139109 0.4731693 [2] 0.5 0.4814935 0.2543126 [3] 0.5 0.4728754 0.5 [4] 0.5 0.5 0.4105676 [5] 0.5 0.4531342 0.4721825 [6] 0.5 0.5 0.4153179 [7] 0.5 0.4569944 0.4653037 [8] 0.5 0.4722232 0.4643284 [9] 0.5 0.5 0.4505078 [10] 0.5 0.5 0.5341513 [11] 0.5121734 0.5 0.5 [12] 0.5 0.5 0.5034037 [13] 0.5 0.4518357 0.4959658 [14] 0.5 0.4402748 0.5 [15] 0.5 0.5 0.4386661 [16] 0.5 0.4341246 0.5 [17] 0.5 0.389567 0.5 [18] 0.5 0.3325385 0.5 [19] 0.5 0.5 0.4625836 [20] 0.5 0.5 0.4227979 [21] 0.5 0.5 0.4855973 [22] 0.5 0.5 0.5327263 [23] 0.5 0.5 0.4673451 [24] 0.5 0.5 0.4410111 [25] 0.5 0.482879 0.4913463 [26] 0.5 0.5 0.4974187 [27] 0.5 0.5 0.3814164 
[5] [0] 0.4756075 0.5 0.5 [1] 0.5 0.4906978 0.4702669 [2] 0.5 0.4750387 0.4813706 [3] 0.5 0.5031331 0.5 [4] 0.5 0.5 0.4897054 [5] 0.5 0.4981855 0.4956757 [6] 0.5 0.5 0.4735636 [7] 0.5 0.4808518 0.4816391 [8] 0.5 0.4978962 0.4940405 [9] 0.5 0.5 0.50472 [10] 0.5 0.5 0.4880304 [11] 0.4852221 0.5 0.5 [12] 0.5 0.5 0.4782694 [13] 0.5 0.4654802 0.4900847 [14] 0.5 0.4868203 0.5 [15] 0.5 0.5 0.4849413 [16] 0.5 0.4884568 0.5 [17] 0.5 0.4824921 0.5 [18] 0.5 0.4789373 0.5 [19] 0.5 0.5 0.4813895 [20] 0.5 0.5 0.5070151 [21] 0.5 0.5 0.4988669 [22] 0.5 0.5 0.50077 [23] 0.5 0.5 0.4995342 [24] 0.5 0.5 0.4995179 [25] 0.5 0.4970105 0.4975244 [26] 0.5 0.5 0.5000067 [27] 0.5 0.5 0.4985085 
[6] [0] 0.5 0.5 0.5 [1] 0.5 0.5 0.5 [2] 0.5 0.5 0.5 [3] 0.5 0.5 0.5 [4] 0.5 0.5 0.5 [5] 0.5 0.5 0.5 [6] 0.5 0.5 0.5 [7] 0.5 0.5 0.5 [8] 0.5 0.5 0.5 [9] 0.5 0.5 0.5 [10] 0.5 0.5 0.5 [11] 0.5 0.5 0.5 [12] 0.5 0.5 0.5 [13] 0.5 0.5 0.5 [14] 0.5 0.5 0.5 [15] 0.5 0.5 0.5 [16] 0.5 0.5 0.5 [17] 0.5 0.5 0.5 [18] 0.5 0.5 0.5 [19] 0.5 0.5 0.5 [20] 0.5 0.5 0.5 [21] 0.5 0.5 0.5 [22] 0.5 0.5 0.5 [23] 0.5 0.5 0.5 [24] 0.5 0.5 0.5 [25] 0.5 0.5 0.5 [26] 0.5 0.5 0.5 [27] 0.5 0.5 0.5 
[7] [0] 0.5 0.5 0.5 [1] 0.5 0.5 0.5 [2] 0.5 0.5 0.5 [3] 0.5 0.5 0.5 [4] 0.5 0.5 0.5 [5] 0.5 0.5 0.5 [6] 0.5 0.5 0.5 [7] 0.5 0.5 0.5 [8] 0.5 0.5 0.5 [9] 0.5 0.5 0.5 [10] 0.5 0.5 0.5 [11] 0.5 0.5 0.5 [12] 0.5 0.5 0.5 [13] 0.5 0.5 0.5 [14] 0.5 0.5 0.5 [15] 0.5 0.5 0.5 [16] 0.5 0.5 0.5 [17] 0.5 0.5 0.5 [18] 0.5 0.5 0.5 [19] 0.5 0.5 0.5 [20] 0.5 0.5 0.5 [21] 0.5 0.5 0.5 [22] 0.5 0.5 0.5 [23] 0.5 0.5 0.5 [24] 0.5 0.5 0.5 [25] 0.5 0.5 0.5 [26] 0.5 0.5 0.5 [27] 0.5 0.5 0.5 
[8] [0] 0.5 0.5 0.5 [1] 0.5 0.5 0.5 [2] 0.5 0.5 0.5 [3] 0.5 0.5 0.5 [4] 0.5 0.5 0.5 [5] 0.5 0.5 0.5 [6] 0.5 0.5 0.5 [7] 0.5 0.5 0.5 [8] 0.5 0.5 0.5 [9] 0.5 0.5 0.5 [10] 0.5 0.5 0.5 [11] 0.5 0.5 0.5 [12] 0.5 0.5 0.5 [13] 0.5 0.5 0.5 [14] 0.5 0.5 0.5 [15] 0.5 0.5 0.5 [16] 0.5 0.5 0.5 [17] 0.5 0.5 0.5 [18] 0.5 0.5 0.5 [19] 0.5 0.5 0.5 [20] 0.5 0.5 0.5 [21] 0.5 0.5 0.5 [22] 0.5 0.5 0.5 [23] 0.5 0.5 0.5 [24] 0.5 0.5 0.5 [25] 0.5 0.5 0.5 [26] 0.5 0.5 0.5 [27] 0.5 0.5 0.5 
[1] 
[0] [0] 0.5 0.5 0.5 [1] 0.5 0.5 0.5 [2] 0.5 0.5 0.5 [3] 0.5 0.5 0.5 [4] 0.5 0.5 0.5 [5] 0.5 0.5 0.5 [6] 0.5 0.5 0.5 [7] 0.5 0.5 0.5 [8] 0.5 0.5 0.5 [9] 0.5 0.5 0.5 [10] 0.5 0.5 0.5 [11] 0.5 0.5 0.5 [12] 0.5 0.5 0.5 [13] 0.5 0.5 0.5 [14] 0.5 0.5 0.5 [15] 0.5 0.5 0.5 [16] 0.5 0.5 0.5 [17] 0.5 0.5 0.5 [18] 0.5 0.5 0.5 [19] 0.5 0.5 0.5 [20] 0.5 0.5 0.5 [21] 0.5 0.5 0.5 [22] 0.5 0.5 0.5 [23] 0.5 0.5 0.5 [24] 0.5 0.5 0.5 [25] 0.5 0.5 0.5 [26] 0.5 0.5 0.5 [27] 0.5 0.5 0.5 
[1] [0] 0.4623597 0.5 0.5 [1] 0.5 0.4935186 0.5099048 [2] 0.5 0.4757801 0.3898124 [3] 0.5 0.4772192 0.5 [4] 0.5 0.5 0.4735371 [5] 0.5 0.4815376 0.4890823 [6] 0.5 0.5 0.4298111 [7] 0.5 0.4841074 0.4792276 [8] 0.5 0.500057 0.4953458 [9] 0.5 0.5 0.463879 [10] 0.5 0.5 0.4795389 [11] 0.4743787 0.5 0.5 [12] 0.5 0.5 0.498478 [13] 0.5 0.4748895 0.492294 [14] 0.5 0.4519153 0.5 [15] 0.5 0.5 0.4422528 [16] 0.5 0.4628111 0.5 [17] 0.5 0.4756615 0.5 [18] 0.5 0.4005964 0.5 [19] 0.5 0.5 0.4764197 [20] 0.5 0.5 0.455028 [21] 0.5 0.5 0.4756921 [22] 0.5 0.5 0.4749758 [23] 0.5 0.5 0.49182 [24] 0.5 0.5 0.4834509 [25] 0.5 0.4944596 0.494304 [26] 0.5 0.5 0.4879752 [27] 0.5 0.5 0.4384852 
[2] [0] 0.3978295 0.5 0.5 [1] 0.5 0.4536875 0.4679423 [2] 0.5 0.4971624 0.4538251 [3] 0.5 0.4673581 0.5 [4] 0.5 0.5 0.4733971 [5] 0.5 0.4865748 0.4806311 [6] 0.5 0.5 0.4601017 [7] 0.5 0.4536677 0.498746 [8] 0.5 0.4838542 0.4763435 [9] 0.5 0.5 0.4950871 [10] 0.5 0.5 0.4842929 [11] 0.4548343 0.5 0.5 [12] 0.5 0.5 0.494518 [13] 0.5 0.4976803 0.472167 [14] 0.5 0.4457268 0.5 [15] 0.5 0.5 0.4464463 [16] 0.5 0.4353991 0.5 [17] 0.5 0.4538698 0.5 [18] 0.5 0.4486175 0.5 [19] 0.5 0.5 0.4818871 [20] 0.5 0.5 0.45637 [21] 0.5 0.5 0.4828776 [22] 0.5 0.5 0.4730339 [23] 0.5 0.5 0.4760624 [24] 0.5 0.5 0.4733913 [25] 0.5 0.490092 0.4655661 [26] 0.5 0.5 0.4757514 [27] 0.5 0.5 0.476463 
[3] [0] 0.5 0.5 0.5 [1] 0.5 0.5 0.5 [2] 0.5 0.5 0.5 [3] 0.5 0.5 0.5 [4] 0.5 0.5 0.5 [5] 0.5 0.5 0.5 [6] 0.5 0.5 0.5 [7] 0.5 0.5 0.5 [8] 0.5 0.5 0.5 [9] 0.5 0.5 0.5 [10] 0.5 0.5 0.5 [11] 0.5 0.5 0.5 [12] 0.5 0.5 0.5 [13] 0.5 0.5 0.5 [14] 0.5 0.5 0.5 [15] 0.5 0.5 0.5 [16] 0.5 0.5 0.5 [17] 0.5 0.5 0.5 [18] 0.5 0.5 0.5 [19] 0.5 0.5 0.5 [20] 0.5 0.5 0.5 [21] 0.5 0.5 0.5 [22] 0.5 0.5 0.5 [23] 0.5 0.5 0.5 [24] 0.5 0.5 0.5 [25] 0.5 0.5 0.5 [26] 0.5 0.5 0.5 [27] 0.5 0.5 0.5 
[4] [0] 0.5 0.5 0.5 [1] 0.5 0.5 0.5 [2] 0.5 0.5 0.5 [3] 0.5 0.5 0.5 [4] 0.5 0.5 0.5 [5] 0.5 0.5 0.5 [6] 0.5 0.5 0.5 [7] 0.5 0.5 0.5 [8] 0.5 0.5 0.5 [9] 0.5 0.5 0.5 [10] 0.5 0.5 0.5 [11] 0.5 0.5 0.5 [12] 0.5 0.5 0.5 [13] 0.5 0.5 0.5 [14] 0.5 0.5 0.5 [15] 0.5 0.5 0.5 [16] 0.5 0.5 0.5 [17] 0.5 0.5 0.5 [18] 0.5 0.5 0.5 [19] 0.5 0.5 0.5 [20] 0.5 0.5 0.5 [21] 0.5 0.5 0.5 [22] 0.5 0.5 0.5 [23] 0.5 0.5 0.5 [24] 0.5 0.5 0.5 [25] 0.5 0.5 0.5 [26] 0.5 0.5 0.5 [27] 0.5 0.5 0.5 
[5] [0] 0.5 0.5 0.5 [1] 0.5 0.5 0.5 [2] 0.5 0.5 0.5 [3] 0.5 0.5 0.5 [4] 0.5 0.5 0.5 [5] 0.5 0.5 0.5 [6] 0.5 0.5 0.5 [7] 0.5 0.5 0.5 [8] 0.5 0.5 0.5 [9] 0.5 0.5 0.5 [10] 0.5 0.5 0.5 [11] 0.5 0.5 0.5 [12] 0.5 0.5 0.5 [13] 0.5 0.5 0.5 [14] 0.5 0.5 0.5 [15] 0.5 0.5 0.5 [16] 0.5 0.5 0.5 [17] 0.5 0.5 0.5 [18] 0.5 0.5 0.5 [19] 0.5 0.5 0.5 [20] 0.5 0.5 0.5 [21] 0.5 0.5 0.5 [22] 0.5 0.5 0.5 [23] 0.5 0.5 0.5 [24] 0.5 0.5 0.5 [25] 0.5 0.5 0.5 [26] 0.5 0.5 0.5 [27] 0.5 0.5 0.5 
[6] [0] 0.5 0.5 0.5 [1] 0.5 0.5 0.5 [2] 0.5 0.5 0.5 [3] 0.5 0.5 0.5 [4] 0.5 0.5 0.5 [5] 0.5 0.5 0.5 [6] 0.5 0.5 0.5 [7] 0.5 0.5 0.5 [8] 0.5 0.5 0.5 [9] 0.5 0.5 0.5 [10] 0.5 0.5 0.5 [11] 0.5 0.5 0.5 [12] 0.5 0.5 0.5 [13] 0.5 0.5 0.5 [14] 0.5 0.5 0.5 [15] 0.5 0.5 0.5 [16] 0.5 0.5 0.5 [17] 0.5 0.5 0.5 [18] 0.5 0.5 0.5 [19] 0.5 0.5 0.5 [20] 0.5 0.5 0.5 [21] 0.5 0.5 0.5 [22] 0.5 0.5 0.5 [23] 0.5 0.5 0.5 [24] 0.5 0.5 0.5 [25] 0.5 0.5 0.5 [26] 0.5 0.5 0.5 [27] 0.5 0.5 0.5 
[7] [0] 0.5 0.5 0.5 [1] 0.5 0.5 0.5 [2] 0.5 0.5 0.5 [3] 0.5 0.5 0.5 [4] 0.5 0.5 0.5 [5] 0.5 0.5 0.5 [6] 0.5 0.5 0.5 [7] 0.5 0.5 0.5 [8] 0.5 0.5 0.5 [9] 0.5 0.5 0.5 [10] 0.5 0.5 0.5 [11] 0.5 0.5 0.5 [12] 0.5 0.5 0.5 [13] 0.5 0.5 0.5 [14] 0.5 0.5 0.5 [15] 0.5 0.5 0.5 [16] 0.5 0.5 0.5 [17] 0.5 0.5 0.5 [18] 0.5 0.5 0.5 [19] 0.5 0.5 0.5 [20] 0.5 0.5 0.5 [21] 0.5 0.5 0.5 [22] 0.5 0.5 0.5 [23] 0.5 0.5 0.5 [24] 0.5 0.5 0.5 [25] 0.5 0.5 0.5 [26] 0.5 0.5 0.5 [27] 0.5 0.5 0.5 
[8] [0] 0.5 0.5 0.5 [1] 0.5 0.5 0.5 [2] 0.5 0.5 0.5 [3] 0.5 0.5 0.5 [4] 0.5 0.5 0.5 [5] 0.5 0.5 0.5 [6] 0.5 0.5 0.5 [7] 0.5 0.5 0.5 [8] 0.5 0.5 0.5 [9] 0.5 0.5 0.5 [10] 0.5 0.5 0.5 [11] 0.5 0.5 0.5 [12] 0.5 0.5 0.5 [13] 0.5 0.5 0.5 [14] 0.5 0.5 0.5 [15] 0.5 0.5 0.5 [16] 0.5 0.5 0.5 [17] 0.5 0.5 0.5 [18] 0.5 0.5 0.5 [19] 0.5 0.5 0.5 [20] 0.5 0.5 0.5 [21] 0.5 0.5 0.5 [22] 0.5 0.5 0.5 [23] 0.5 0.5 0.5 [24] 0.5 0.5 0.5 [25] 0.5 0.5 0.5 [26] 0.5 0.5 0.5 [27] 0.5 0.5 0.5 
[2] 
[0] [0] 0.5 0.5 0.5 [1] 0.5 0.5 0.5 [2] 0.5 0.5 0.5 [3] 0.5 0.5 0.5 [4] 0.5 0.5 0.5 [5] 0.5 0.5 0.5 [6] 0.5 0.5 0.5 [7] 0.5 0.5 0.5 [8] 0.5 0.5 0.5 [9] 0.5 0.5 0.5 [10] 0.5 0.5 0.5 [11] 0.5 0.5 0.5 [12] 0.5 0.5 0.5 [13] 0.5 0.5 0.5 [14] 0.5 0.5 0.5 [15] 0.5 0.5 0.5 [16] 0.5 0.5 0.5 [17] 0.5 0.5 0.5 [18] 0.5 0.5 0.5 [19] 0.5 0.5 0.5 [20] 0.5 0.5 0.5 [21] 0.5 0.5 0.5 [22] 0.5 0.5 0.5 [23] 0.5 0.5 0.5 [24] 0.5 0.5 0.5 [25] 0.5 0.5 0.5 [26] 0.5 0.5 0.5 [27] 0.5 0.5 0.5 
[1] [0] 0.4078827 0.5 0.5 [1] 0.5 0.4724204 0.4812565 [2] 0.5 0.4800405 0.4386134 [3] 0.5 0.4890949 0.5 [4] 0.5 0.5 0.477488 [5] 0.5 0.4779652 0.480406 [6] 0.5 0.5 0.4474694 [7] 0.5 0.4869643 0.4695107 [8] 0.5 0.4916248 0.4929438 [9] 0.5 0.5 0.4875878 [10] 0.5 0.5 0.4751292 [11] 0.4395385 0.5 0.5 [12] 0.5 0.5 0.4748238 [13] 0.5 0.48785 0.4542321 [14] 0.5 0.4640144 0.5 [15] 0.5 0.5 0.4731129 [16] 0.5 0.4567879 0.5 [17] 0.5 0.4563587 0.5 [18] 0.5 0.5 0.5 [19] 0.5 0.5 0.4834891 [20] 0.5 0.5 0.4900822 [21] 0.5 0.5 0.4770319 [22] 0.5 0.5 0.4479474 [23] 0.5 0.5 0.4960267 [24] 0.5 0.5 0.4758803 [25] 0.5 0.4890186 0.4552065 [26] 0.5 0.5 0.4801097 [27] 0.5 0.5 0.483273 
[2] [0] 0.4034482 0.5 0.5 [1] 0.5 0.4569009 0.4620366 [2] 0.5 0.4535634 0.449472 [3] 0.5 0.4683796 0.5 [4] 0.5 0.5 0.4754538 [5] 0.5 0.4493173 0.4497266 [6] 0.5 0.5 0.4303008 [7] 0.5 0.4627759 0.4705118 [8] 0.5 0.4566512 0.4622695 [9] 0.5 0.5 0.4680955 [10] 0.5 0.5 0.46135 [11] 0.4314327 0.5 0.5 [12] 0.5 0.5 0.4604633 [13] 0.5 0.4546911 0.4731807 [14] 0.5 0.45018 0.5 [15] 0.5 0.5 0.4481386 [16] 0.5 0.4583102 0.5 [17] 0.5 0.4506174 0.5 [18] 0.5 0.4325158 0.5 [19] 0.5 0.5 0.4709415 [20] 0.5 0.5 0.4792554 [21] 0.5 0.5 0.4612521 [22] 0.5 0.5 0.4541195 [23] 0.5 0.5 0.4697367 [24] 0.5 0.5 0.4658087 [25] 0.5 0.4431058 0.4421064 [26] 0.5 0.5 0.45801 [27] 0.5 0.5 0.4730761 
[3] [0] 0.5 0.5 0.5 [1] 0.5 0.5 0.5 [2] 0.5 0.5 0.5 [3] 0.5 0.5 0.5 [4] 0.5 0.5 0.5 [5] 0.5 0.5 0.5 [6] 0.5 0.5 0.5 [7] 0.5 0.5 0.5 [8] 0.5 0.5 0.5 [9] 0.5 0.5 0.5 [10] 0.5 0.5 0.5 [11] 0.5 0.5 0.5 [12] 0.5 0.5 0.5 [13] 0.5 0.5 0.5 [14] 0.5 0.5 0.5 [15] 0.5 0.5 0.5 [16] 0.5 0.5 0.5 [17] 0.5 0.5 0.5 [18] 0.5 0.5 0.5 [19] 0.5 0.5 0.5 [20] 0.5 0.5 0.5 [21] 0.5 0.5 0.5 [22] 0.5 0.5 0.5 [23] 0.5 0.5 0.5 [24] 0.5 0.5 0.5 [25] 0.5 0.5 0.5 [26] 0.5 0.5 0.5 [27] 0.5 0.5 0.5 
[4] [0] 0.5 0.5 0.5 [1] 0.5 0.5 0.5 [2] 0.5 0.5 0.5 [3] 0.5 0.5 0.5 [4] 0.5 0.5 0.5 [5] 0.5 0.5 0.5 [6] 0.5 0.5 0.5 [7] 0.5 0.5 0.5 [8] 0.5 0.5 0.5 [9] 0.5 0.5 0.5 [10] 0.5 0.5 0.5 [11] 0.5 0.5 0.5 [12] 0.5 0.5 0.5 [13] 0.5 0.5 0.5 [14] 0.5 0.5 0.5 [15] 0.5 0.5 0.5 [16] 0.5 0.5 0.5 [17] 0.5 0.5 0.5 [18] 0.5 0.5 0.5 [19] 0.5 0.5 0.5 [20] 0.5 0.5 0.5 [21] 0.5 0.5 0.5 [22] 0.5 0.5 0.5 [23] 0.5 0.5 0.5 [24] 0.5 0.5 0.5 [25] 0.5 0.5 0.5 [26] 0.5 0.5 0.5 [27] 0.5 0.5 0.5 
[5] [0] 0.5 0.5 0.5 [1] 0.5 0.5 0.5 [2] 0.5 0.5 0.5 [3] 0.5 0.5 0.5 [4] 0.5 0.5 0.5 [5] 0.5 0.5 0.5 [6] 0.5 0.5 0.5 [7] 0.5 0.5 0.5 [8] 0.5 0.5 0.5 [9] 0.5 0.5 0.5 [10] 0.5 0.5 0.5 [11] 0.5 0.5 0.5 [12] 0.5 0.5 0.5 [13] 0.5 0.5 0.5 [14] 0.5 0.5 0.5 [15] 0.5 0.5 0.5 [16] 0.5 0.5 0.5 [17] 0.5 0.5 0.5 [18] 0.5 0.5 0.5 [19] 0.5 0.5 0.5 [20] 0.5 0.5 0.5 [21] 0.5 0.5 0.5 [22] 0.5 0.5 0.5 [23] 0.5 0.5 0.5 [24] 0.5 0.5 0.5 [25] 0.5 0.5 0.5 [26] 0.5 0.5 0.5 [27] 0.5 0.5 0.5 
[6] [0] 0.5 0.5 0.5 [1] 0.5 0.5 0.5 [2] 0.5 0.5 0.5 [3] 0.5 0.5 0.5 [4] 0.5 0.5 0.5 [5] 0.5 0.5 0.5 [6] 0.5 0.5 0.5 [7] 0.5 0.5 0.5 [8] 0.5 0.5 0.5 [9] 0.5 0.5 0.5 [10] 0.5 0.5 0.5 [11] 0.5 0.5 0.5 [12] 0.5 0.5 0.5 [13] 0.5 0.5 0.5 [14] 0.5 0.5 0.5 [15] 0.5 0.5 0.5 [16] 0.5 0.5 0.5 [17] 0.5 0.5 0.5 [18] 0.5 0.5 0.5 [19] 0.5 0.5 0.5 [20] 0.5 0.5 0.5 [21] 0.5 0.5 0.5 [22] 0.5 0.5 0.5 [23] 0.5 0.5 0.5 [24] 0.5 0.5 0.5 [25] 0.5 0.5 0.5 [26] 0.5 0.5 0.5 [27] 0.5 0.5 0.5 
[7] [0] 0.5 0.5 0.5 [1] 0.5 0.5 0.5 [2] 0.5 0.5 0.5 [3] 0.5 0.5 0.5 [4] 0.5 0.5 0.5 [5] 0.5 0.5 0.5 [6] 0.5 0.5 0.5 [7] 0.5 0.5 0.5 [8] 0.5 0.5 0.5 [9] 0.5 0.5 0.5 [10] 0.5 0.5 0.5 [11] 0.5 0.5 0.5 [12] 0.5 0.5 0.5 [13] 0.5 0.5 0.5 [14] 0.5 0.5 0.5 [15] 0.5 0.5 0.5 [16] 0.5 0.5 0.5 [17] 0.5 0.5 0.5 [18] 0.5 0.5 0.5 [19] 0.5 0.5 0.5 [20] 0.5 0.5 0.5 [21] 0.5 0.5 0.5 [22] 0.5 0.5 0.5 [23] 0.5 0.5 0.5 [24] 0.5 0.5 0.5 [25] 0.5 0.5 0.5 [26] 0.5 0.5 0.5 [27] 0.5 0.5 0.5 
[8] [0] 0.5 0.5 0.5 [1] 0.5 0.5 0.5 [2] 0.5 0.5 0.5 [3] 0.5 0.5 0.5 [4] 0.5 0.5 0.5 [5] 0.5 0.5 0.5 [6] 0.5 0.5 0.5 [7] 0.5 0.5 0.5 [8] 0.5 0.5 0.5 [9] 0.5 0.5 0.5 [10] 0.5 0.5 0.5 [11] 0.5 0.5 0.5 [12] 0.5 0.5 0.5 [13] 0.5 0.5 0.5 [14] 0.5 0.5 0.5 [15] 0.5 0.5 0.5 [16] 0.5 0.5 0.5 [17] 0.5 0.5 0.5 [18] 0.5 0.5 0.5 [19] 0.5 0.5 0.5 [20] 0.5 0.5 0.5 [21] 0.5 0.5 0.5 [22] 0.5 0.5 0.5 [23] 0.5 0.5 0.5 [24] 0.5 0.5 0.5 [25] 0.5 0.5 0.5 [26] 0.5 0.5 0.5 [27] 0.5 0.5 0.5 
[3] 
[0] [0] 0.5 0.5 0.5 [1] 0.5 0.5 0.5 [2] 0.5 0.5 0.5 [3] 0.5 0.5 0.5 [4] 0.5 0.5 0.5 [5] 0.5 0.5 0.5 [6] 0.5 0.5 0.5 [7] 0.5 0.5 0.5 [8] 0.5 0.5 0.5 [9] 0.5 0.5 0.5 [10] 0.5 0.5 0.5 [11] 0.5 0.5 0.5 [12] 0.5 0.5 0.5 [13] 0.5 0.5 0.5 [14] 0.5 0.5 0.5 [15] 0.5 0.5 0.5 [16] 0.5 0.5 0.5 [17] 0.5 0.5 0.5 [18] 0.5 0.5 0.5 [19] 0.5 0.5 0.5 [20] 0.5 0.5 0.5 [21] 0.5 0.5 0.5 [22] 0.5 0.5 0.5 [23] 0.5 0.5 0.5 [24] 0.5 0.5 0.5 [25] 0.5 0.5 0.5 [26] 0.5 0.5 0.5 [27] 0.5 0.5 0.5 
[1] [0] 0.5 0.5 0.5 [1] 0.5 0.5 0.5 [2] 0.5 0.5 0.5 [3] 0.5 0.5 0.5 [4] 0.5 0.5 0.5 [5] 0.5 0.5 0.5 [6] 0.5 0.5 0.5 [7] 0.5 0.5 0.5 [8] 0.5 0.5 0.5 [9] 0.5 0.5 0.5 [10] 0.5 0.5 0.5 [11] 0.5 0.5 0.5 [12] 0.5 0.5 0.5 [13] 0.5 0.5 0.5 [14] 0.5 0.5 0.5 [15] 0.5 0.5 0.5 [16] 0.5 0.5 0.5 [17] 0.5 0.5 0.5 [18] 0.5 0.5 0.5 [19] 0.5 0.5 0.5 [20] 0.5 0.5 0.5 [21] 0.5 0.5 0.5 [22] 0.5 0.5 0.5 [23] 0.5 0.5 0.5 [24] 0.5 0.5 0.5 [25] 0.5 0.5 0.5 [26] 0.5 0.5 0.5 [27] 0.5 0.5 0.5 
[2] [0] 0.4537507 0.5 0.5 [1] 0.5 0.4606562 0.4895238 [2] 0.5 0.4768313 0.3738436 [3] 0.5 0.4713688 0.5 [4] 0.5 0.5 0.4663467 [5] 0.5 0.479462 0.4945729 [6] 0.5 0.5 0.4149139 [7] 0.5 0.4686987 0.4990139 [8] 0.5 0.4678929 0.491561 [9] 0.5 0.5 0.4533882 [10] 0.5 0.5 0.4923217 [11] 0.4704416 0.5 0.5 [12] 0.5 0.5 0.4747965 [13] 0.5 0.4716403 0.4856995 [14] 0.5 0.45487 0.5 [15] 0.5 0.5 0.4215032 [16] 0.5 0.4429672 0.5 [17] 0.5 0.4660527 0.5 [18] 0.5 0.3978445 0.5 [19] 0.5 0.5 0.4648988 [20] 0.5 0.5 0.4362531 [21] 0.5 0.5 0.4994858 [22] 0.5 0.5 0.465692 [23] 0.5 0.5 0.495623 [24] 0.5 0.5 0.472272 [25] 0.5 0.4586987 0.4565387 [26] 0.5 0.5 0.5003946 [27] 0.5 0.5 0.4315289 
[3] [0] 0.4473265 0.5 0.5 [1] 0.5 0.4121203 0.4624093 [2] 0.5 0.4772111 0.3413703 [3] 0.5 0.4414878 0.5 [4] 0.5 0.5 0.4214135 [5] 0.5 0.4496942 0.4985019 [6] 0.5 0.5 0.4015316 [7] 0.5 0.4590207 0.4942107 [8] 0.5 0.4295051 0.4483418 [9] 0.5 0.5 0.4316293 [10] 0.5 0.5 0.5287351 [11] 0.5204031 0.5 0.5 [12] 0.5 0.5 0.4971717 [13] 0.5 0.4440109 0.4688617 [14] 0.5 0.4230556 0.5 [15] 0.5 0.5 0.435849 [16] 0.5 0.4277228 0.5 [17] 0.5 0.4047601 0.5 [18] 0.5 0.3829131 0.5 [19] 0.5 0.5 0.4712121 [20] 0.5 0.5 0.4290121 [21] 0.5 0.5 0.4752741 [22] 0.5 0.5 0.4932004 [23] 0.5 0.5 0.4424095 [24] 0.5 0.5 0.4324521 [25] 0.5 0.4651919 0.4852558 [26] 0.5 0.5 0.4991688 [27] 0.5 0.5 0.4201783 
[4] [0] 0.5 0.5 0.5 [1] 0.5 0.5 0.5 [2] 0.5 0.5 0.5 [3] 0.5 0.5 0.5 [4] 0.5 0.5 0.5 [5] 0.5 0.5 0.5 [6] 0.5 0.5 0.5 [7] 0.5 0.5 0.5 [8] 0.5 0.5 0.5 [9] 0.5 0.5 0.5 [10] 0.5 0.5 0.5 [11] 0.5 0.5 0.5 [12] 0.5 0.5 0.5 [13] 0.5 0.5 0.5 [14] 0.5 0.5 0.5 [15] 0.5 0.5 0.5 [16] 0.5 0.5 0.5 [17] 0.5 0.5 0.5 [18] 0.5 0.5 0.5 [19] 0.5 0.5 0.5 [20] 0.5 0.5 0.5 [21] 0.5 0.5 0.5 [22] 0.5 0.5 0.5 [23] 0.5 0.5 0.5 [24] 0.5 0.5 0.5 [25] 0.5 0.5 0.5 [26] 0.5 0.5 0.5 [27] 0.5 0.5 0.5 
[5] [0] 0.5 0.5 0.5 [1] 0.5 0.5 0.5 [2] 0.5 0.5 0.5 [3] 0.5 0.5 0.5 [4] 0.5 0.5 0.5 [5] 0.5 0.5 0.5 [6] 0.5 0.5 0.5 [7] 0.5 0.5 0.5 [8] 0.5 0.5 0.5 [9] 0.5 0.5 0.5 [10] 0.5 0.5 0.5 [11] 0.5 0.5 0.5 [12] 0.5 0.5 0.5 [13] 0.5 0.5 0.5 [14] 0.5 0.5 0.5 [15] 0.5 0.5 0.5 [16] 0.5 0.5 0.5 [17] 0.5 0.5 0.5 [18] 0.5 0.5 0.5 [19] 0.5 0.5 0.5 [20] 0.5 0.5 0.5 [21] 0.5 0.5 0.5 [22] 0.5 0.5 0.5 [23] 0.5 0.5 0.5 [24] 0.5 0.5 0.5 [25] 0.5 0.5 0.5 [26] 0.5 0.5 0.5 [27] 0.5 0.5 0.5 
[6] [0] 0.5 0.5 0.5 [1] 0.5 0.5 0.5 [2] 0.5 0.5 0.5 [3] 0.5 0.5 0.5 [4] 0.5 0.5 0.5 [5] 0.5 0.5 0.5 [6] 0.5 0.5 0.5 [7] 0.5 0.5 0.5 [8] 0.5 0.5 0.5 [9] 0.5 0.5 0.5 [10] 0.5 0.5 0.5 [11] 0.5 0.5 0.5 [12] 0.5 0.5 0.5 [13] 0.5 0.5 0.5 [14] 0.5 0.5 0.5 [15] 0.5 0.5 0.5 [16] 0.5 0.5 0.5 [17] 0.5 0.5 0.5 [18] 0.5 0.5 0.5 [19] 0.5 0.5 0.5 [20] 0.5 0.5 0.5 [21] 0.5 0.5 0.5 [22] 0.5 0.5 0.5 [23] 0.5 0.5 0.5 [24] 0.5 0.5 0.5 [25] 0.5 0.5 0.5 [26] 0.5 0.5 0.5 [27] 0.5 0.5 0.5 
[7] [0] 0.5 0.5 0.5 [1] 0.5 0.5 0.5 [2] 0.5 0.5 0.5 [3] 0.5 0.5 0.5 [4] 0.5 0.5 0.5 [5] 0.5 0.5 0.5 [6] 0.5 0.5 0.5 [7] 0.5 0.5 0.5 [8] 0.5 0.5 0.5 [9] 0.5 0.5 0.5 [10] 0.5 0.5 0.5 [11] 0.5 0.5 0.5 [12] 0.5 0.5 0.5 [13] 0.5 0.5 0.5 [14] 0.5 0.5 0.5 [15] 0.5 0.5 0.5 [16] 0.5 0.5 0.5 [17] 0.5 0.5 0.5 [18] 0.5 0.5 0.5 [19] 0.5 0.5 0.5 [20] 0.5 0.5 0.5 [21] 0.5 0.5 0.5 [22] 0.5 0.5 0.5 [23] 0.5 0.5 0.5 [24] 0.5 0.5 0.5 [25] 0.5 0.5 0.5 [26] 0.5 0.5 0.5 [27] 0.5 0.5 0.5 
[8] [0] 0.5 0.5 0.5 [1] 0.5 0.5 0.5 [2] 0.5 0.5 0.5 [3] 0.5 0.5 0.5 [4] 0.5 0.5 0.5 [5] 0.5 0.5 0.5 [6] 0.5 0.5 0.5 [7] 0.5 0.5 0.5 [8] 0.5 0.5 0.5 [9] 0.5 0.5 0.5 [10] 0.5 0.5 0.5 [11] 0.5 0.5 0.5 [12] 0.5 0.5 0.5 [13] 0.5 0.5 0.5 [14] 0.5 0.5 0.5 [15] 0.5 0.5 0.5 [16] 0.5 0.5 0.5 [17] 0.5 0.5 0.5 [18] 0.5 0.5 0.5 [19] 0.5 0.5 0.5 [20] 0.5 0.5 0.5 [21] 0.5 0.5 0.5 [22] 0.5 0.5 0.5 [23] 0.5 0.5 0.5 [24] 0.5 0.5 0.5 [25] 0.5 0.5 0.5 [26] 0.5 0.5 0.5 [27] 0.5 0.5 0.5 
[4] 
[0] [0] 0.5 0.5 0.5 [1] 0.5 0.5 0.5 [2] 0.5 0.5 0.5 [3] 0.5 0.5 0.5 [4] 0.5 0.5 0.5 [5] 0.5 0.5 0.5 [6] 0.5 0.5 0.5 [7] 0.5 0.5 0.5 [8] 0.5 0.5 0.5 [9] 0.5 0.5 0.5 [10] 0.5 0.5 0.5 [11] 0.5 0.5 0.5 [12] 0.5 0.5 0.5 [13] 0.5 0.5 0.5 [14] 0.5 0.5 0.5 [15] 0.5 0.5 0.5 [16] 0.5 0.5 0.5 [17] 0.5 0.5 0.5 [18] 0.5 0.5 0.5 [19] 0.5 0.5 0.5 [20] 0.5 0.5 0.5 [21] 0.5 0.5 0.5 [22] 0.5 0.5 0.5 [23] 0.5 0.5 0.5 [24] 0.5 0.5 0.5 [25] 0.5 0.5 0.5 [26] 0.5 0.5 0.5 [27] 0.5 0.5 0.5 
[1] [0] 0.5 0.5 0.5 [1] 0.5 0.5 0.5 [2] 0.5 0.5 0.5 [3] 0.5 0.5 0.5 [4] 0.5 0.5 0.5 [5] 0.5 0.5 0.5 [6] 0.5 0.5 0.5 [7] 0.5 0.5 0.5 [8] 0.5 0.5 0.5 [9] 0.5 0.5 0.5 [10] 0.5 0.5 0.5 [11] 0.5 0.5 0.5 [12] 0.5 0.5 0.5 [13] 0.5 0.5 0.5 [14] 0.5 0.5 0.5 [15] 0.5 0.5 0.5 [16] 0.5 0.5 0.5 [17] 0.5 0.5 0.5 [18] 0.5 0.5 0.5 [19] 0.5 0.5 0.5 [20] 0.5 0.5 0.5 [21] 0.5 0.5 0.5 [22] 0.5 0.5 0.5 [23] 0.5 0.5 0.5 [24] 0.5 0.5 0.5 [25] 0.5 0.5 0.5 [26] 0.5 0.5 0.5 [27] 0.5 0.5 0.5 
[2] [0] 0.4131942 0.5 0.5 [1] 0.5 0.4631748 0.4676548 [2] 0.5 0.4646978 0.4363257 [3] 0.5 0.4494475 0.5 [4] 0.5 0.5 0.4680549 [5] 0.5 0.4857053 0.4845721 [6] 0.5 0.5 0.4436938 [7] 0.5 0.4783089 0.4673759 [8] 0.5 0.4738444 0.4846421 [9] 0.5 0.5 0.4697586 [10] 0.5 0.5 0.4699509 [11] 0.4567953 0.5 0.5 [12] 0.5 0.5 0.4845439 [13] 0.5 0.4559745 0.4916171 [14] 0.5 0.4553103 0.5 [15] 0.5 0.5 0.4511035 [16] 0.5 0.4404736 0.5 [17] 0.5 0.4472443 0.5 [18] 0.5 0.4434403 0.5 [19] 0.5 0.5 0.4600265 [20] 0.5 0.5 0.4584121 [21] 0.5 0.5 0.4716236 [22] 0.5 0.5 0.4520113 [23] 0.5 0.5 0.4888022 [24] 0.5 0.5 0.4701784 [25] 0.5 0.4636624 0.4839148 [26] 0.5 0.5 0.4641603 [27] 0.5 0.5 0.4864435 
[3] [0] 0.4144616 0.5 0.5 [1] 0.5 0.3904034 0.44967 [2] 0.5 0.4488492 0.3464679 [3] 0.5 0.4162483 0.5 [4] 0.5 0.5 0.4007279 [5] 0.5 0.4429171 0.4788292 [6] 0.5 0.5 0.3923863 [7] 0.5 0.4311661 0.4458939 [8] 0.5 0.4265349 0.4478537 [9] 0.5 0.5 0.4344541 [10] 0.5 0.5 0.4980887 [11] 0.4868063 0.5 0.5 [12] 0.5 0.5 0.493799 [13] 0.5 0.4503228 0.4916326 [14] 0.5 0.4116472 0.5 [15] 0.5 0.5 0.3974868 [16] 0.5 0.4142944 0.5 [17] 0.5 0.4060998 0.5 [18] 0.5 0.3746141 0.5 [19] 0.5 0.5 0.4158824 [20] 0.5 0.5 0.3982228 [21] 0.5 0.5 0.4602188 [22] 0.5 0.5 0.5413442 [23] 0.5 0.5 0.4416169 [24] 0.5 0.5 0.4349678 [25] 0.5 0.4656279 0.4777386 [26] 0.5 0.5 0.4744268 [27] 0.5 0.5 0.4334546 
[4] [0] 0.5 0.5 0.5 [1] 0.5 0.5 0.5 [2] 0.5 0.5 0.5 [3] 0.5 0.5 0.5 [4] 0.5 0.5 0.5 [5] 0.5 0.5 0.5 [6] 0.5 0.5 0.5 [7] 0.5 0.5 0.5 [8] 0.5 0.5 0.5 [9] 0.5 0.5 0.5 [10] 0.5 0.5 0.5 [11] 0.5 0.5 0.5 [12] 0.5 0.5 0.5 [13] 0.5 0.5 0.5 [14] 0.5 0.5 0.5 [15] 0.5 0.5 0.5 [16] 0.5 0.5 0.5 [17] 0.5 0.5 0.5 [18] 0.5 0.5 0.5 [19] 0.5 0.5 0.5 [20] 0.5 0.5 0.5 [21] 0.5 0.5 0.5 [22] 0.5 0.5 0.5 [23] 0.5 0.5 0.5 [24] 0.5 0.5 0.5 [25] 0.5 0.5 0.5 [26] 0.5 0.5 0.5 [27] 0.5 0.5 0.5 
[5] [0] 0.5 0.5 0.5 [1] 0.5 0.5 0.5 [2] 0.5 0.5 0.5 [3] 0.5 0.5 0.5 [4] 0.5 0.5 0.5 [5] 0.5 0.5 0.5 [6] 0.5 0.5 0.5 [7] 0.5 0.5 0.5 [8] 0.5 0.5 0.5 [9] 0.5 0.5 0.5 [10] 0.5 0.5 0.5 [11] 0.5 0.5 0.5 [12] 0.5 0.5 0.5 [13] 0.5 0.5 0.5 [14] 0.5 0.5 0.5 [15] 0.5 0.5 0.5 [16] 0.5 0.5 0.5 [17] 0.5 0.5 0.5 [18] 0.5 0.5 0.5 [19] 0.5 0.5 0.5 [20] 0.5 0.5 0.5 [21] 0.5 0.5 0.5 [22] 0.5 0.5 0.5 [23] 0.5 0.5 0.5 [24] 0.5 0.5 0.5 [25] 0.5 0.5 0.5 [26] 0.5 0.5 0.5 [27] 0.5 0.5 0.5 
[6] [0] 0.5 0.5 0.5 [1] 0.5 0.5 0.5 [2] 0.5 0.5 0.5 [3] 0.5 0.5 0.5 [4] 0.5 0.5 0.5 [5] 0.5 0.5 0.5 [6] 0.5 0.5 0.5 [7] 0.5 0.5 0.5 [8] 0.5 0.5 0.5 [9] 0.5 0.5 0.5 [10] 0.5 0.5 0.5 [11] 0.5 0.5 0.5 [12] 0.5 0.5 0.5 [13] 0.5 0.5 0.5 [14] 0.5 0.5 0.5 [15] 0.5 0.5 0.5 [16] 0.5 0.5 0.5 [17] 0.5 0.5 0.5 [18] 0.5 0.5 0.5 [19] 0.5 0.5 0.5 [20] 0.5 0.5 0.5 [21] 0.5 0.5 0.5 [22] 0.5 0.5 0.5 [23] 0.5 0.5 0.5 [24] 0.5 0.5 0.5 [25] 0.5 0.5 0.5 [26] 0.5 0.5 0.5 [27] 0.5 0.5 0.5 
[7] [0] 0.5 0.5 0.5 [1] 0.5 0.5 0.5 [2] 0.5 0.5 0.5 [3] 0.5 0.5 0.5 [4] 0.5 0.5 0.5 [5] 0.5 0.5 0.5 [6] 0.5 0.5 0.5 [7] 0.5 0.5 0.5 [8] 0.5 0.5 0.5 [9] 0.5 0.5 0.5 [10] 0.5 0.5 0.5 [11] 0.5 0.5 0.5 [12] 0.5 0.5 0.5 [13] 0.5 0.5 0.5 [14] 0.5 0.5 0.5 [15] 0.5 0.5 0.5 [16] 0.5 0.5 0.5 [17] 0.5 0.5 0.5 [18] 0.5 0.5 0.5 [19] 0.5 0.5 0.5 [20] 0.5 0.5 0.5 [21] 0.5 0.5 0.5 [22] 0.5 0.5 0.5 [23] 0.5 0.5 0.5 [24] 0.5 0.5 0.5 [25] 0.5 0.5 0.5 [26] 0.5 0.5 0.5 [27] 0.5 0.5 0.5 
[8] [0] 0.5 0.5 0.5 [1] 0.5 0.5 0.5 [2] 0.5 0.5 0.5 [3] 0.5 0.5 0.5 [4] 0.5 0.5 0.5 [5] 0.5 0.5 0.5 [6] 0.5 0.5 0.5 [7] 0.5 0.5 0.5 [8] 0.5 0.5 0.5 [9] 0.5 0.5 0.5 [10] 0.5 0.5 0.5 [11] 0.5 0.5 0.5 [12] 0.5 0.5 0.5 [13] 0.5 0.5 0.5 [14] 0.5 0.5 0.5 [15] 0.5 0.5 0.5 [16] 0.5 0.5 0.5 [17] 0.5 0.5 0.5 [18] 0.5 0.5 0.5 [19] 0.5 0.5 0.5 [20] 0.5 0.5 0.5 [21] 0.5 0.5 0.5 [22] 0.5 0.5 0.5 [23] 0.5 0.5 0.5 [24] 0.5 0.5 0.5 [25] 0.5 0.5 0.5 [26] 0.5 0.5 0.5 [27] 0.5 0.5 0.5 
[5] 
[0] [0] 0.5 0.5 0.5 [1] 0.5 0.5 0.5 [2] 0.5 0.5 0.5 [3] 0.5 0.5 0.5 [4] 0.5 0.5 0.5 [5] 0.5 0.5 0.5 [6] 0.5 0.5 0.5 [7] 0.5 0.5 0.5 [8] 0.5 0.5 0.5 [9] 0.5 0.5 0.5 [10] 0.5 0.5 0.5 [11] 0.5 0.5 0.5 [12] 0.5 0.5 0.5 [13] 0.5 0.5 0.5 [14] 0.5 0.5 0.5 [15] 0.5 0.5 0.5 [16] 0.5 0.5 0.5 [17] 0.5 0.5 0.5 [18] 0.5 0.5 0.5 [19] 0.5 0.5 0.5 [20] 0.5 0.5 0.5 [21] 0.5 0.5 0.5 [22] 0.5 0.5 0.5 [23] 0.5 0.5 0.5 [24] 0.5 0.5 0.5 [25] 0.5 0.5 0.5 [26] 0.5 0.5 0.5 [27] 0.5 0.5 0.5 
[1] [0] 0.4658678 0.5 0.5 [1] 0.5 0.4965965 0.502483 [2] 0.5 0.5004965 0.4786386 [3] 0.5 0.4945489 0.5 [4] 0.5 0.5 0.4970165 [5] 0.5 0.5019798 0.5014834 [6] 0.5 0.5 0.4872972 [7] 0.5 0.502484 0.5000015 [8] 0.5 0.498522 0.4970151 [9] 0.5 0.5 0.4955439 [10] 0.5 0.5 0.4985171 [11] 0.4895053 0.5 0.5 [12] 0.5 0.5 0.5004795 [13] 0.5 0.4989864 0.4989904 [14] 0.5 0.4975433 0.5 [15] 0.5 0.5 0.4956038 [16] 0.5 0.4980745 0.5 [17] 0.5 0.4882334 0.5 [18] 0.5 0.4813299 0.5 [19] 0.5 0.5 0.4990025 [20] 0.5 0.5 0.499007 [21] 0.5 0.5 0.501497 [22] 0.5 0.5 0.491184 [23] 0.5 0.5 0.500011 [24] 0.5 0.5 0.498504 [25] 0.5 0.4935616 0.4965064 [26] 0.5 0.5 0.5019855 [27] 0.5 0.5 0.4950424 
[2] [0] 0.4112233 0.5 0.5 [1] 0.5 0.4356291 0.4493302 [2] 0.5 0.4640624 0.4497232 [3] 0.5 0.464343 0.5 [4] 0.5 0.5 0.48119 [5] 0.5 0.4414185 0.4473751 [6] 0.5 0.5 0.4407228 [7] 0.5 0.4558853 0.463233 [8] 0.5 0.45583 0.4532067 [9] 0.5 0.5 0.4567074 [10] 0.5 0.5 0.4535805 [11] 0.4082693 0.5 0.5 [12] 0.5 0.5 0.4387977 [13] 0.5 0.4249557 0.4254648 [14] 0.5 0.4431464 0.5 [15] 0.5 0.5 0.4634352 [16] 0.5 0.4279681 0.5 [17] 0.5 0.4278958 0.5 [18] 0.5 0.4413955 0.5 [19] 0.5 0.5 0.4712257 [20] 0.5 0.5 0.4875388 [21] 0.5 0.5 0.4618502 [22] 0.5 0.5 0.4477707 [23] 0.5 0.5 0.4853174 [24] 0.5 0.5 0.4783308 [25] 0.5 0.4424828 0.4501354 [26] 0.5 0.5 0.451353 [27] 0.5 0.5 0.4812554 
[3] [0] 0.5 0.5 0.5 [1] 0.5 0.5 0.5 [2] 0.5 0.5 0.5 [3] 0.5 0.5 0.5 [4] 0.5 0.5 0.5 [5] 0.5 0.5 0.5 [6] 0.5 0.5 0.5 [7] 0.5 0.5 0.5 [8] 0.5 0.5 0.5 [9] 0.5 0.5 0.5 [10] 0.5 0.5 0.5 [11] 0.5 0.5 0.5 [12] 0.5 0.5 0.5 [13] 0.5 0.5 0.5 [14] 0.5 0.5 0.5 [15] 0.5 0.5 0.5 [16] 0.5 0.5 0.5 [17] 0.5 0.5 0.5 [18] 0.5 0.5 0.5 [19] 0.5 0.5 0.5 [20] 0.5 0.5 0.5 [21] 0.5 0.5 0.5 [22] 0.5 0.5 0.5 [23] 0.5 0.5 0.5 [24] 0.5 0.5 0.5 [25] 0.5 0.5 0.5 [26] 0.5 0.5 0.5 [27] 0.5 0.5 0.5 
[4] [0] 0.4398996 0.5 0.5 [1] 0.5 0.453564 0.4760492 [2] 0.5 0.4836791 0.3723359 [3] 0.5 0.460961 0.5 [4] 0.5 0.5 0.4254319 [5] 0.5 0.4527771 0.4468823 [6] 0.5 0.5 0.4192215 [7] 0.5 0.4594455 0.4834136 [8] 0.5 0.4558789 0.4664408 [9] 0.5 0.5 0.4013094 [10] 0.5 0.5 0.5071983 [11] 0.518145 0.5 0.5 [12] 0.5 0.5 0.4813626 [13] 0.5 0.4642566 0.4399129 [14] 0.5 0.4004888 0.5 [15] 0.5 0.5 0.4041016 [16] 0.5 0.4040844 0.5 [17] 0.5 0.4232115 0.5 [18] 0.5 0.3929249 0.5 [19] 0.5 0.5 0.4214048 [20] 0.5 0.5 0.3852665 [21] 0.5 0.5 0.4471495 [22] 0.5 0.5 0.4509882 [23] 0.5 0.5 0.4501751 [24] 0.5 0.5 0.4402736 [25] 0.5 0.4718887 0.485239 [26] 0.5 0.5 0.4713095 [27] 0.5 0.5 0.4295059 
[5] [0] 0.4620827 0.5 0.5 [1] 0.5 0.4988433 0.4858998 [2] 0.5 0.4749993 0.4821485 [3] 0.5 0.472551 0.5 [4] 0.5 0.5 0.4772183 [5] 0.5 0.4859973 0.4868103 [6] 0.5 0.5 0.468324 [7] 0.5 0.48493 0.4948415 [8] 0.5 0.4810367 0.4900695 [9] 0.5 0.5 0.4647618 [10] 0.5 0.5 0.4493807 [11] 0.4904163 0.5 0.5 [12] 0.5 0.5 0.4746823 [13] 0.5 0.4840435 0.479295 [14] 0.5 0.4809873 0.5 [15] 0.5 0.5 0.5017879 [16] 0.5 0.4811703 0.5 [17] 0.5 0.4737264 0.5 [18] 0.5 0.4906994 0.5 [19] 0.5 0.5 0.485317 [20] 0.5 0.5 0.4967451 [21] 0.5 0.5 0.5004743 [22] 0.5 0.5 0.4921801 [23] 0.5 0.5 0.4975185 [24] 0.5 0.5 0.499999 [25] 0.5 0.497505 0.4990011 [26] 0.5 0.5 0.4990005 [27] 0.5 0.5 0.5 
[6] [0] 0.5 0.5 0.5 [1] 0.5 0.5 0.5 [2] 0.5 0.5 0.5 [3] 0.5 0.5 0.5 [4] 0.5 0.5 0.5 [5] 0.5 0.5 0.5 [6] 0.5 0.5 0.5 [7] 0.5 0.5 0.5 [8] 0.5 0.5 0.5 [9] 0.5 0.5 0.5 [10] 0.5 0.5 0.5 [11] 0.5 0.5 0.5 [12] 0.5 0.5 0.5 [13] 0.5 0.5 0.5 [14] 0.5 0.5 0.5 [15] 0.5 0.5 0.5 [16] 0.5 0.5 0.5 [17] 0.5 0.5 0.5 [18] 0.5 0.5 0.5 [19] 0.5 0.5 0.5 [20] 0.5 0.5 0.5 [21] 0.5 0.5 0.5 [22] 0.5 0.5 0.5 [23] 0.5 0.5 0.5 [24] 0.5 0.5 0.5 [25] 0.5 0.5 0.5 [26] 0.5 0.5 0.5 [27] 0.5 0.5 0.5 
[7] [0] 0.5 0.5 0.5 [1] 0.5 0.5 0.5 [2] 0.5 0.5 0.5 [3] 0.5 0.5 0.5 [4] 0.5 0.5 0.5 [5] 0.5 0.5 0.5 [6] 0.5 0.5 0.5 [7] 0.5 0.5 0.5 [8] 0.5 0.5 0.5 [9] 0.5 0.5 0.5 [10] 0.5 0.5 0.5 [11] 0.5 0.5 0.5 [12] 0.5 0.5 0.5 [13] 0.5 0.5 0.5 [14] 0.5 0.5 0.5 [15] 0.5 0.5 0.5 [16] 0.5 0.5 0.5 [17] 0.5 0.5 0.5 [18] 0.5 0.5 0.5 [19] 0.5 0.5 0.5 [20] 0.5 0.5 0.5 [21] 0.5 0.5 0.5 [22] 0.5 0.5 0.5 [23] 0.5 0.5 0.5 [24] 0.5 0.5 0.5 [25] 0.5 0.5 0.5 [26] 0.5 0.5 0.5 [27] 0.5 0.5 0.5 
[8] [0] 0.5 0.5 0.5 [1] 0.5 0.5 0.5 [2] 0.5 0.5 0.5 [3] 0.5 0.5 0.5 [4] 0.5 0.5 0.5 [5] 0.5 0.5 0.5 [6] 0.5 0.5 0.5 [7] 0.5 0.5 0.5 [8] 0.5 0.5 0.5 [9] 0.5 0.5 0.5 [10] 0.5 0.5 0.5 [11] 0.5 0.5 0.5 [12] 0.5 0.5 0.5 [13] 0.5 0.5 0.5 [14] 0.5 0.5 0.5 [15] 0.5 0.5 0.5 [16] 0.5 0.5 0.5 [17] 0.5 0.5 0.5 [18] 0.5 0.5 0.5 [19] 0.5 0.5 0.5 [20] 0.5 0.5 0.5 [21] 0.5 0.5 0.5 [22] 0.5 0.5 0.5 [23] 0.5 0.5 0.5 [24] 0.5 0.5 0.5 [25] 0.5 0.5 0.5 [26] 0.5 0.5 0.5 [27] 0.5 0.5 0.5 
[6] 
[0] [0] 0.5 0.5 0.5 [1] 0.5 0.5 0.5 [2] 0.5 0.5 0.5 [3] 0.5 0.5 0.5 [4] 0.5 0.5 0.5 [5] 0.5 0.5 0.5 [6] 0.5 0.5 0.5 [7] 0.5 0.5 0.5 [8] 0.5 0.5 0.5 [9] 0.5 0.5 0.5 [10] 0.5 0.5 0.5 [11] 0.5 0.5 0.5 [12] 0.5 0.5 0.5 [13] 0.5 0.5 0.5 [14] 0.5 0.5 0.5 [15] 0.5 0.5 0.5 [16] 0.5 0.5 0.5 [17] 0.5 0.5 0.5 [18] 0.5 0.5 0.5 [19] 0.5 0.5 0.5 [20] 0.5 0.5 0.5 [21] 0.5 0.5 0.5 [22] 0.5 0.5 0.5 [23] 0.5 0.5 0.5 [24] 0.5 0.5 0.5 [25] 0.5 0.5 0.5 [26] 0.5 0.5 0.5 [27] 0.5 0.5 0.5 
[1] [0] 0.4594698 0.5 0.5 [1] 0.5 0.4723241 0.4862507 [2] 0.5 0.4985839 0.4896285 [3] 0.5 0.4920324 0.5 [4] 0.5 0.5 0.4955465 [5] 0.5 0.4906715 0.4842482 [6] 0.5 0.5 0.498017 [7] 0.5 0.4984834 0.4965145 [8] 0.5 0.4860514 0.4922745 [9] 0.5 0.5 0.4975318 [10] 0.5 0.5 0.4828159 [11] 0.4685092 0.5 0.5 [12] 0.5 0.5 0.4834517 [13] 0.5 0.4795644 0.4795397 [14] 0.5 0.4921391 0.5 [15] 0.5 0.5 0.4965379 [16] 0.5 0.4881254 0.5 [17] 0.5 0.4866008 0.5 [18] 0.5 0.4979923 0.5 [19] 0.5 0.5 0.496508 [20] 0.5 0.5 0.4911059 [21] 0.5 0.5 0.4928279 [22] 0.5 0.5 0.5048469 [23] 0.5 0.5 0.4995052 [24] 0.5 0.5 0.486836 [25] 0.5 0.4765381 0.4918164 [26] 0.5 0.5 0.5 [27] 0.5 0.5 0.5 
[2] [0] 0.492711 0.5 0.5 [1] 0.5 0.5009955 0.4999995 [2] 0.5 0.4995005 0.4930489 [3] 0.5 0.4985015 0.5 [4] 0.5 0.5 0.499 [5] 0.5 0.5 0.5000005 [6] 0.5 0.5 0.4945389 [7] 0.5 0.4980066 0.4965105 [8] 0.5 0.4995 0.5 [9] 0.5 0.5 0.497505 [10] 0.5 0.5 0.4985011 [11] 0.49602 0.5 0.5 [12] 0.5 0.5 0.499002 [13] 0.5 0.4995 0.4995 [14] 0.5 0.4980055 0.5 [15] 0.5 0.5 0.4950305 [16] 0.5 0.4975076 0.5 [17] 0.5 0.4985021 0.5 [18] 0.5 0.499018 0.5 [19] 0.5 0.5 0.500998 [20] 0.5 0.5 0.5004826 [21] 0.5 0.5 0.5005006 [22] 0.5 0.5 0.4995 [23] 0.5 0.5 0.4980065 [24] 0.5 0.5 0.5 [25] 0.5 0.4990005 0.499503 [26] 0.5 0.5 0.5 [27] 0.5 0.5 0.5 
[3] [0] 0.4497152 0.5 0.5 [1] 0.5 0.4335674 0.4780287 [2] 0.5 0.5188187 0.3806077 [3] 0.5 0.4588154 0.5 [4] 0.5 0.5 0.4466829 [5] 0.5 0.4766054 0.4837867 [6] 0.5 0.5 0.4120968 [7] 0.5 0.4768282 0.5353802 [8] 0.5 0.4920696 0.4963503 [9] 0.5 0.5 0.4203535 [10] 0.5 0.5 0.506053 [11] 0.4827001 0.5 0.5 [12] 0.5 0.5 0.5217609 [13] 0.5 0.4624392 0.4890955 [14] 0.5 0.4412628 0.5 [15] 0.5 0.5 0.4491818 [16] 0.5 0.4374222 0.5 [17] 0.5 0.4392453 0.5 [18] 0.5 0.4033187 0.5 [19] 0.5 0.5 0.4614462 [20] 0.5 0.5 0.4298481 [21] 0.5 0.5 0.4611504 [22] 0.5 0.5 0.493788 [23] 0.5 0.5 0.4632695 [24] 0.5 0.5 0.4592159 [25] 0.5 0.4867265 0.5655813 [26] 0.5 0.5 0.4799197 [27] 0.5 0.5 0.4220038 
[4] [0] 0.5 0.5 0.5 [1] 0.5 0.5 0.5 [2] 0.5 0.5 0.5 [3] 0.5 0.5 0.5 [4] 0.5 0.5 0.5 [5] 0.5 0.5 0.5 [6] 0.5 0.5 0.5 [7] 0.5 0.5 0.5 [8] 0.5 0.5 0.5 [9] 0.5 0.5 0.5 [10] 0.5 0.5 0.5 [11] 0.5 0.5 0.5 [12] 0.5 0.5 0.5 [13] 0.5 0.5 0.5 [14] 0.5 0.5 0.5 [15] 0.5 0.5 0.5 [16] 0.5 0.5 0.5 [17] 0.5 0.5 0.5 [18] 0.5 0.5 0.5 [19] 0.5 0.5 0.5 [20] 0.5 0.5 0.5 [21] 0.5 0.5 0.5 [22] 0.5 0.5 0.5 [23] 0.5 0.5 0.5 [24] 0.5 0.5 0.5 [25] 0.5 0.5 0.5 [26] 0.5 0.5 0.5 [27] 0.5 0.5 0.5 
[5] [0] 0.5 0.5 0.5 [1] 0.5 0.5 0.5 [2] 0.5 0.5 0.5 [3] 0.5 0.5 0.5 [4] 0.5 0.5 0.5 [5] 0.5 0.5 0.5 [6] 0.5 0.5 0.5 [7] 0.5 0.5 0.5 [8] 0.5 0.5 0.5 [9] 0.5 0.5 0.5 [10] 0.5 0.5 0.5 [11] 0.5 0.5 0.5 [12] 0.5 0.5 0.5 [13] 0.5 0.5 0.5 [14] 0.5 0.5 0.5 [15] 0.5 0.5 0.5 [16] 0.5 0.5 0.5 [17] 0.5 0.5 0.5 [18] 0.5 0.5 0.5 [19] 0.5 0.5 0.5 [20] 0.5 0.5 0.5 [21] 0.5 0.5 0.5 [22] 0.5 0.5 0.5 [23] 0.5 0.5 0.5 [24] 0.5 0.5 0.5 [25] 0.5 0.5 0.5 [26] 0.5 0.5 0.5 [27] 0.5 0.5 0.5 
[6] [0] 0.5 0.5 0.5 [1] 0.5 0.5 0.5 [2] 0.5 0.5 0.5 [3] 0.5 0.5 0.5 [4] 0.5 0.5 0.5 [5] 0.5 0.5 0.5 [6] 0.5 0.5 0.5 [7] 0.5 0.5 0.5 [8] 0.5 0.5 0.5 [9] 0.5 0.5 0.5 [10] 0.5 0.5 0.5 [11] 0.5 0.5 0.5 [12] 0.5 0.5 0.5 [13] 0.5 0.5 0.5 [14] 0.5 0.5 0.5 [15] 0.5 0.5 0.5 [16] 0.5 0.5 0.5 [17] 0.5 0.5 0.5 [18] 0.5 0.5 0.5 [19] 0.5 0.5 0.5 [20] 0.5 0.5 0.5 [21] 0.5 0.5 0.5 [22] 0.5 0.5 0.5 [23] 0.5 0.5 0.5 [24] 0.5 0.5 0.5 [25] 0.5 0.5 0.5 [26] 0.5 0.5 0.5 [27] 0.5 0.5 0.5 
[7] [0] 0.5 0.5 0.5 [1] 0.5 0.5 0.5 [2] 0.5 0.5 0.5 [3] 0.5 0.5 0.5 [4] 0.5 0.5 0.5 [5] 0.5 0.5 0.5 [6] 0.5 0.5 0.5 [7] 0.5 0.5 0.5 [8] 0.5 0.5 0.5 [9] 0.5 0.5 0.5 [10] 0.5 0.5 0.5 [11] 0.5 0.5 0.5 [12] 0.5 0.5 0.5 [13] 0.5 0.5 0.5 [14] 0.5 0.5 0.5 [15] 0.5 0.5 0.5 [16] 0.5 0.5 0.5 [17] 0.5 0.5 0.5 [18] 0.5 0.5 0.5 [19] 0.5 0.5 0.5 [20] 0.5 0.5 0.5 [21] 0.5 0.5 0.5 [22] 0.5 0.5 0.5 [23] 0.5 0.5 0.5 [24] 0.5 0.5 0.5 [25] 0.5 0.5 0.5 [26] 0.5 0.5 0.5 [27] 0.5 0.5 0.5 
[8] [0] 0.5 0.5 0.5 [1] 0.5 0.5 0.5 [2] 0.5 0.5 0.5 [3] 0.5 0.5 0.5 [4] 0.5 0.5 0.5 [5] 0.5 0.5 0.5 [6] 0.5 0.5 0.5 [7] 0.5 0.5 0.5 [8] 0.5 0.5 0.5 [9] 0.5 0.5 0.5 [10] 0.5 0.5 0.5 [11] 0.5 0.5 0.5 [12] 0.5 0.5 0.5 [13] 0.5 0.5 0.5 [14] 0.5 0.5 0.5 [15] 0.5 0.5 0.5 [16] 0.5 0.5 0.5 [17] 0.5 0.5 0.5 [18] 0.5 0.5 0.5 [19] 0.5 0.5 0.5 [20] 0.5 0.5 0.5 [21] 0.5 0.5 0.5 [22] 0.5 0.5 0.5 [23] 0.5 0.5 0.5 [24] 0.5 0.5 0.5 [25] 0.5 0.5 0.5 [26] 0.5 0.5 0.5 [27] 0.5 0.5 0.5 
[7] 
[0] [0] 0.5 0.5 0.5 [1] 0.5 0.5 0.5 [2] 0.5 0.5 0.5 [3] 0.5 0.5 0.5 [4] 0.5 0.5 0.5 [5] 0.5 0.5 0.5 [6] 0.5 0.5 0.5 [7] 0.5 0.5 0.5 [8] 0.5 0.5 0.5 [9] 0.5 0.5 0.5 [10] 0.5 0.5 0.5 [11] 0.5 0.5 0.5 [12] 0.5 0.5 0.5 [13] 0.5 0.5 0.5 [14] 0.5 0.5 0.5 [15] 0.5 0.5 0.5 [16] 0.5 0.5 0.5 [17] 0.5 0.5 0.5 [18] 0.5 0.5 0.5 [19] 0.5 0.5 0.5 [20] 0.5 0.5 0.5 [21] 0.5 0.5 0.5 [22] 0.5 0.5 0.5 [23] 0.5 0.5 0.5 [24] 0.5 0.5 0.5 [25] 0.5 0.5 0.5 [26] 0.5 0.5 0.5 [27] 0.5 0.5 0.5 
[1] [0] 0.5 0.5 0.5 [1] 0.5 0.5 0.5 [2] 0.5 0.5 0.5 [3] 0.5 0.5 0.5 [4] 0.5 0.5 0.5 [5] 0.5 0.5 0.5 [6] 0.5 0.5 0.5 [7] 0.5 0.5 0.5 [8] 0.5 0.5 0.5 [9] 0.5 0.5 0.5 [10] 0.5 0.5 0.5 [11] 0.5 0.5 0.5 [12] 0.5 0.5 0.5 [13] 0.5 0.5 0.5 [14] 0.5 0.5 0.5 [15] 0.5 0.5 0.5 [16] 0.5 0.5 0.5 [17] 0.5 0.5 0.5 [18] 0.5 0.5 0.5 [19] 0.5 0.5 0.5 [20] 0.5 0.5 0.5 [21] 0.5 0.5 0.5 [22] 0.5 0.5 0.5 [23] 0.5 0.5 0.5 [24] 0.5 0.5 0.5 [25] 0.5 0.5 0.5 [26] 0.5 0.5 0.5 [27] 0.5 0.5 0.5 
[2] [0] 0.4420364 0.5 0.5 [1] 0.5 0.4501417 0.5022004 [2] 0.5 0.5005502 0.4567063 [3] 0.5 0.4922769 0.5 [4] 0.5 0.5 0.501388 [5] 0.5 0.4910157 0.5148214 [6] 0.5 0.5 0.4779828 [7] 0.5 0.4833669 0.5016227 [8] 0.5 0.4785509 0.5036041 [9] 0.5 0.5 0.4856721 [10] 0.5 0.5 0.5044996 [11] 0.4873126 0.5 0.5 [12] 0.5 0.5 0.4878421 [13] 0.5 0.4812874 0.4948756 [14] 0.5 0.4874001 0.5 [15] 0.5 0.5 0.490387 [16] 0.5 0.4700411 0.5 [17] 0.5 0.46266 0.5 [18] 0.5 0.4716497 0.5 [19] 0.5 0.5 0.4912084 [20] 0.5 0.5 0.4873427 [21] 0.5 0.5 0.4954224 [22] 0.5 0.5 0.4984624 [23] 0.5 0.5 0.4941591 [24] 0.5 0.5 0.495572 [25] 0.5 0.4951859 0.4946287 [26] 0.5 0.5 0.4975146 [27] 0.5 0.5 0.4960487 
[3] [0] 0.5 0.5 0.5 [1] 0.5 0.5 0.5 [2] 0.5 0.5 0.5 [3] 0.5 0.5 0.5 [4] 0.5 0.5 0.5 [5] 0.5 0.5 0.5 [6] 0.5 0.5 0.5 [7] 0.5 0.5 0.5 [8] 0.5 0.5 0.5 [9] 0.5 0.5 0.5 [10] 0.5 0.5 0.5 [11] 0.5 0.5 0.5 [12] 0.5 0.5 0.5 [13] 0.5 0.5 0.5 [14] 0.5 0.5 0.5 [15] 0.5 0.5 0.5 [16] 0.5 0.5 0.5 [17] 0.5 0.5 0.5 [18] 0.5 0.5 0.5 [19] 0.5 0.5 0.5 [20] 0.5 0.5 0.5 [21] 0.5 0.5 0.5 [22] 0.5 0.5 0.5 [23] 0.5 0.5 0.5 [24] 0.5 0.5 0.5 [25] 0.5 0.5 0.5 [26] 0.5 0.5 0.5 [27] 0.5 0.5 0.5 
[4] [0] 0.5 0.5 0.5 [1] 0.5 0.5 0.5 [2] 0.5 0.5 0.5 [3] 0.5 0.5 0.5 [4] 0.5 0.5 0.5 [5] 0.5 0.5 0.5 [6] 0.5 0.5 0.5 [7] 0.5 0.5 0.5 [8] 0.5 0.5 0.5 [9] 0.5 0.5 0.5 [10] 0.5 0.5 0.5 [11] 0.5 0.5 0.5 [12] 0.5 0.5 0.5 [13] 0.5 0.5 0.5 [14] 0.5 0.5 0.5 [15] 0.5 0.5 0.5 [16] 0.5 0.5 0.5 [17] 0.5 0.5 0.5 [18] 0.5 0.5 0.5 [19] 0.5 0.5 0.5 [20] 0.5 0.5 0.5 [21] 0.5 0.5 0.5 [22] 0.5 0.5 0.5 [23] 0.5 0.5 0.5 [24] 0.5 0.5 0.5 [25] 0.5 0.5 0.5 [26] 0.5 0.5 0.5 [27] 0.5 0.5 0.5 
[5] [0] 0.5 0.5 0.5 [1] 0.5 0.5 0.5 [2] 0.5 0.5 0.5 [3] 0.5 0.5 0.5 [4] 0.5 0.5 0.5 [5] 0.5 0.5 0.5 [6] 0.5 0.5 0.5 [7] 0.5 0.5 0.5 [8] 0.5 0.5 0.5 [9] 0.5 0.5 0.5 [10] 0.5 0.5 0.5 [11] 0.5 0.5 0.5 [12] 0.5 0.5 0.5 [13] 0.5 0.5 0.5 [14] 0.5 0.5 0.5 [15] 0.5 0.5 0.5 [16] 0.5 0.5 0.5 [17] 0.5 0.5 0.5 [18] 0.5 0.5 0.5 [19] 0.5 0.5 0.5 [20] 0.5 0.5 0.5 [21] 0.5 0.5 0.5 [22] 0.5 0.5 0.5 [23] 0.5 0.5 0.5 [24] 0.5 0.5 0.5 [25] 0.5 0.5 0.5 [26] 0.5 0.5 0.5 [27] 0.5 0.5 0.5 
[6] [0] 0.5 0.5 0.5 [1] 0.5 0.5 0.5 [2] 0.5 0.5 0.5 [3] 0.5 0.5 0.5 [4] 0.5 0.5 0.5 [5] 0.5 0.5 0.5 [6] 0.5 0.5 0.5 [7] 0.5 0.5 0.5 [8] 0.5 0.5 0.5 [9] 0.5 0.5 0.5 [10] 0.5 0.5 0.5 [11] 0.5 0.5 0.5 [12] 0.5 0.5 0.5 [13] 0.5 0.5 0.5 [14] 0.5 0.5 0.5 [15] 0.5 0.5 0.5 [16] 0.5 0.5 0.5 [17] 0.5 0.5 0.5 [18] 0.5 0.5 0.5 [19] 0.5 0.5 0.5 [20] 0.5 0.5 0.5 [21] 0.5 0.5 0.5 [22] 0.5 0.5 0.5 [23] 0.5 0.5 0.5 [24] 0.5 0.5 0.5 [25] 0.5 0.5 0.5 [26] 0.5 0.5 0.5 [27] 0.5 0.5 0.5 
[7] [0] 0.5 0.5 0.5 [1] 0.5 0.5 0.5 [2] 0.5 0.5 0.5 [3] 0.5 0.5 0.5 [4] 0.5 0.5 0.5 [5] 0.5 0.5 0.5 [6] 0.5 0.5 0.5 [7] 0.5 0.5 0.5 [8] 0.5 0.5 0.5 [9] 0.5 0.5 0.5 [10] 0.5 0.5 0.5 [11] 0.5 0.5 0.5 [12] 0.5 0.5 0.5 [13] 0.5 0.5 0.5 [14] 0.5 0.5 0.5 [15] 0.5 0.5 0.5 [16] 0.5 0.5 0.5 [17] 0.5 0.5 0.5 [18] 0.5 0.5 0.5 [19] 0.5 0.5 0.5 [20] 0.5 0.5 0.5 [21] 0.5 0.5 0.5 [22] 0.5 0.5 0.5 [23] 0.5 0.5 0.5 [24] 0.5 0.5 0.5 [25] 0.5 0.5 0.5 [26] 0.5 0.5 0.5 [27] 0.5 0.5 0.5 
[8] [0] 0.5 0.5 0.5 [1] 0.5 0.5 0.5 [2] 0.5 0.5 0.5 [3] 0.5 0.5 0.5 [4] 0.5 0.5 0.5 [5] 0.5 0.5 0.5 [6] 0.5 0.5 0.5 [7] 0.5 0.5 0.5 [8] 0.5 0.5 0.5 [9] 0.5 0.5 0.5 [10] 0.5 0.5 0.5 [11] 0.5 0.5 0.5 [12] 0.5 0.5 0.5 [13] 0.5 0.5 0.5 [14] 0.5 0.5 0.5 [15] 0.5 0.5 0.5 [16] 0.5 0.5 0.5 [17] 0.5 0.5 0.5 [18] 0.5 0.5 0.5 [19] 0.5 0.5 0.5 [20] 0.5 0.5 0.5 [21] 0.5 0.5 0.5 [22] 0.5 0.5 0.5 [23] 0.5 0.5 0.5 [24] 0.5 0.5 0.5 [25] 0.5 0.5 0.5 [26] 0.5 0.5 0.5 [27] 0.5 0.5 0.5 
[8] 
[0] [0] 0.5 0.5 0.5 [1] 0.5 0.5 0.5 [2] 0.5 0.5 0.5 [3] 0.5 0.5 0.5 [4] 0.5 0.5 0.5 [5] 0.5 0.5 0.5 [6] 0.5 0.5 0.5 [7] 0.5 0.5 0.5 [8] 0.5 0.5 0.5 [9] 0.5 0.5 0.5 [10] 0.5 0.5 0.5 [11] 0.5 0.5 0.5 [12] 0.5 0.5 0.5 [13] 0.5 0.5 0.5 [14] 0.5 0.5 0.5 [15] 0.5 0.5 0.5 [16] 0.5 0.5 0.5 [17] 0.5 0.5 0.5 [18] 0.5 0.5 0.5 [19] 0.5 0.5 0.5 [20] 0.5 0.5 0.5 [21] 0.5 0.5 0.5 [22] 0.5 0.5 0.5 [23] 0.5 0.5 0.5 [24] 0.5 0.5 0.5 [25] 0.5 0.5 0.5 [26] 0.5 0.5 0.5 [27] 0.5 0.5 0.5 
[1] [0] 0.5 0.5 0.5 [1] 0.5 0.5 0.5 [2] 0.5 0.5 0.5 [3] 0.5 0.5 0.5 [4] 0.5 0.5 0.5 [5] 0.5 0.5 0.5 [6] 0.5 0.5 0.5 [7] 0.5 0.5 0.5 [8] 0.5 0.5 0.5 [9] 0.5 0.5 0.5 [10] 0.5 0.5 0.5 [11] 0.5 0.5 0.5 [12] 0.5 0.5 0.5 [13] 0.5 0.5 0.5 [14] 0.5 0.5 0.5 [15] 0.5 0.5 0.5 [16] 0.5 0.5 0.5 [17] 0.5 0.5 0.5 [18] 0.5 0.5 0.5 [19] 0.5 0.5 0.5 [20] 0.5 0.5 0.5 [21] 0.5 0.5 0.5 [22] 0.5 0.5 0.5 [23] 0.5 0.5 0.5 [24] 0.5 0.5 0.5 [25] 0.5 0.5 0.5 [26] 0.5 0.5 0.5 [27] 0.5 0.5 0.5 
[2] [0] 0.5 0.5 0.5 [1] 0.5 0.5 0.5 [2] 0.5 0.5 0.5 [3] 0.5 0.5 0.5 [4] 0.5 0.5 0.5 [5] 0.5 0.5 0.5 [6] 0.5 0.5 0.5 [7] 0.5 0.5 0.5 [8] 0.5 0.5 0.5 [9] 0.5 0.5 0.5 [10] 0.5 0.5 0.5 [11] 0.5 0.5 0.5 [12] 0.5 0.5 0.5 [13] 0.5 0.5 0.5 [14] 0.5 0.5 0.5 [15] 0.5 0.5 0.5 [16] 0.5 0.5 0.5 [17] 0.5 0.5 0.5 [18] 0.5 0.5 0.5 [19] 0.5 0.5 0.5 [20] 0.5 0.5 0.5 [21] 0.5 0.5 0.5 [22] 0.5 0.5 0.5 [23] 0.5 0.5 0.5 [24] 0.5 0.5 0.5 [25] 0.5 0.5 0.5 [26] 0.5 0.5 0.5 [27] 0.5 0.5 0.5 
[3] [0] 0.4473564 0.5 0.5 [1] 0.5 0.4798862 0.4866 [2] 0.5 0.4931537 0.4693996 [3] 0.5 0.4815141 0.5 [4] 0.5 0.5 0.4942864 [5] 0.5 0.45486 0.4647684 [6] 0.5 0.5 0.478274 [7] 0.5 0.4766785 0.4807483 [8] 0.5 0.4823776 0.4694709 [9] 0.5 0.5 0.4927399 [10] 0.5 0.5 0.4622827 [11] 0.4511908 0.5 0.5 [12] 0.5 0.5 0.4783437 [13] 0.5 0.4733664 0.4499999 [14] 0.5 0.4666798 0.5 [15] 0.5 0.5 0.4971655 [16] 0.5 0.4604981 0.5 [17] 0.5 0.4678642 0.5 [18] 0.5 0.4592816 0.5 [19] 0.5 0.5 0.4855061 [20] 0.5 0.5 0.494695 [21] 0.5 0.5 0.484614 [22] 0.5 0.5 0.4831826 [23] 0.5 0.5 0.4845787 [24] 0.5 0.5 0.4832458 [25] 0.5 0.4802617 0.4777572 [26] 0.5 0.5 0.4568445 [27] 0.5 0.5 0.47734 
[4] [0] 0.5 0.5 0.5 [1] 0.5 0.5 0.5 [2] 0.5 0.5 0.5 [3] 0.5 0.5 0.5 [4] 0.5 0.5 0.5 [5] 0.5 0.5 0.5 [6] 0.5 0.5 0.5 [7] 0.5 0.5 0.5 [8] 0.5 0.5 0.5 [9] 0.5 0.5 0.5 [10] 0.5 0.5 0.5 [11] 0.5 0.5 0.5 [12] 0.5 0.5 0.5 [13] 0.5 0.5 0.5 [14] 0.5 0.5 0.5 [15] 0.5 0.5 0.5 [16] 0.5 0.5 0.5 [17] 0.5 0.5 0.5 [18] 0.5 0.5 0.5 [19] 0.5 0.5 0.5 [20] 0.5 0.5 0.5 [21] 0.5 0.5 0.5 [22] 0.5 0.5 0.5 [23] 0.5 0.5 0.5 [24] 0.5 0.5 0.5 [25] 0.5 0.5 0.5 [26] 0.5 0.5 0.5 [27] 0.5 0.5 0.5 
[5] [0] 0.5 0.5 0.5 [1] 0.5 0.5 0.5 [2] 0.5 0.5 0.5 [3] 0.5 0.5 0.5 [4] 0.5 0.5 0.5 [5] 0.5 0.5 0.5 [6] 0.5 0.5 0.5 [7] 0.5 0.5 0.5 [8] 0.5 0.5 0.5 [9] 0.5 0.5 0.5 [10] 0.5 0.5 0.5 [11] 0.5 0.5 0.5 [12] 0.5 0.5 0.5 [13] 0.5 0.5 0.5 [14] 0.5 0.5 0.5 [15] 0.5 0.5 0.5 [16] 0.5 0.5 0.5 [17] 0.5 0.5 0.5 [18] 0.5 0.5 0.5 [19] 0.5 0.5 0.5 [20] 0.5 0.5 0.5 [21] 0.5 0.5 0.5 [22] 0.5 0.5 0.5 [23] 0.5 0.5 0.5 [24] 0.5 0.5 0.5 [25] 0.5 0.5 0.5 [26] 0.5 0.5 0.5 [27] 0.5 0.5 0.5 
[6] [0] 0.5 0.5 0.5 [1] 0.5 0.5 0.5 [2] 0.5 0.5 0.5 [3] 0.5 0.5 0.5 [4] 0.5 0.5 0.5 [5] 0.5 0.5 0.5 [6] 0.5 0.5 0.5 [7] 0.5 0.5 0.5 [8] 0.5 0.5 0.5 [9] 0.5 0.5 0.5 [10] 0.5 0.5 0.5 [11] 0.5 0.5 0.5 [12] 0.5 0.5 0.5 [13] 0.5 0.5 0.5 [14] 0.5 0.5 0.5 [15] 0.5 0.5 0.5 [16] 0.5 0.5 0.5 [17] 0.5 0.5 0.5 [18] 0.5 0.5 0.5 [19] 0.5 0.5 0.5 [20] 0.5 0.5 0.5 [21] 0.5 0.5 0.5 [22] 0.5 0.5 0.5 [23] 0.5 0.5 0.5 [24] 0.5 0.5 0.5 [25] 0.5 0.5 0.5 [26] 0.5 0.5 0.5 [27] 0.5 0.5 0.5 
[7] [0] 0.5 0.5 0.5 [1] 0.5 0.5 0.5 [2] 0.5 0.5 0.5 [3] 0.5 0.5 0.5 [4] 0.5 0.5 0.5 [5] 0.5 0.5 0.5 [6] 0.5 0.5 0.5 [7] 0.5 0.5 0.5 [8] 0.5 0.5 0.5 [9] 0.5 0.5 0.5 [10] 0.5 0.5 0.5 [11] 0.5 0.5 0.5 [12] 0.5 0.5 0.5 [13] 0.5 0.5 0.5 [14] 0.5 0.5 0.5 [15] 0.5 0.5 0.5 [16] 0.5 0.5 0.5 [17] 0.5 0.5 0.5 [18] 0.5 0.5 0.5 [19] 0.5 0.5 0.5 [20] 0.5 0.5 0.5 [21] 0.5 0.5 0.5 [22] 0.5 0.5 0.5 [23] 0.5 0.5 0.5 [24] 0.5 0.5 0.5 [25] 0.5 0.5 0.5 [26] 0.5 0.5 0.5 [27] 0.5 0.5 0.5 
[8] [0] 0.5 0.5 0.5 [1] 0.5 0.5 0.5 [2] 0.5 0.5 0.5 [3] 0.5 0.5 0.5 [4] 0.5 0.5 0.5 [5] 0.5 0.5 0.5 [6] 0.5 0.5 0.5 [7] 0.5 0.5 0.5 [8] 0.5 0.5 0.5 [9] 0.5 0.5 0.5 [10] 0.5 0.5 0.5 [11] 0.5 0.5 0.5 [12] 0.5 0.5 0.5 [13] 0.5 0.5 0.5 [14] 0.5 0.5 0.5 [15] 0.5 0.5 0.5 [16] 0.5 0.5 0.5 [17] 0.5 0.5 0.5 [18] 0.5 0.5 0.5 [19] 0.5 0.5 0.5 [20] 0.5 0.5 0.5 [21] 0.5 0.5 0.5 [22] 0.5 0.5 0.5 [23] 0.5 0.5 0.5 [24] 0.5 0.5 0.5 [25] 0.5 0.5 0.5 [26] 0.5 0.5 0.5 [27] 0.5 0.5 0.5 
[9] 
[0] [0] 0.5 0.5 0.5 [1] 0.5 0.5 0.5 [2] 0.5 0.5 0.5 [3] 0.5 0.5 0.5 [4] 0.5 0.5 0.5 [5] 0.5 0.5 0.5 [6] 0.5 0.5 0.5 [7] 0.5 0.5 0.5 [8] 0.5 0.5 0.5 [9] 0.5 0.5 0.5 [10] 0.5 0.5 0.5 [11] 0.5 0.5 0.5 [12] 0.5 0.5 0.5 [13] 0.5 0.5 0.5 [14] 0.5 0.5 0.5 [15] 0.5 0.5 0.5 [16] 0.5 0.5 0.5 [17] 0.5 0.5 0.5 [18] 0.5 0.5 0.5 [19] 0.5 0.5 0.5 [20] 0.5 0.5 0.5 [21] 0.5 0.5 0.5 [22] 0.5 0.5 0.5 [23] 0.5 0.5 0.5 [24] 0.5 0.5 0.5 [25] 0.5 0.5 0.5 [26] 0.5 0.5 0.5 [27] 0.5 0.5 0.5 
[1] [0] 0.4191752 0.5 0.5 [1] 0.5 0.4740915 0.4922306 [2] 0.5 0.4936848 0.4565348 [3] 0.5 0.479056 0.5 [4] 0.5 0.5 0.4772786 [5] 0.5 0.4768827 0.5175791 [6] 0.5 0.5 0.4719914 [7] 0.5 0.4831238 0.4937063 [8] 0.5 0.4896495 0.4732028 [9] 0.5 0.5 0.4885693 [10] 0.5 0.5 0.4776884 [11] 0.4917306 0.5 0.5 [12] 0.5 0.5 0.4781198 [13] 0.5 0.4776501 0.4917144 [14] 0.5 0.4485786 0.5 [15] 0.5 0.5 0.4899121 [16] 0.5 0.4597927 0.5 [17] 0.5 0.4566087 0.5 [18] 0.5 0.4458675 0.5 [19] 0.5 0.5 0.4992941 [20] 0.5 0.5 0.4851329 [21] 0.5 0.5 0.5026754 [22] 0.5 0.5 0.4706406 [23] 0.5 0.5 0.4876771 [24] 0.5 0.5 0.4893633 [25] 0.5 0.4646816 0.4983584 [26] 0.5 0.5 0.484715 [27] 0.5 0.5 0.464476 
[2] [0] 0.4935538 0.5 0.5 [1] 0.5 0.4950507 0.500998 [2] 0.5 0.5005 0.4891154 [3] 0.5 0.4999995 0.5 [4] 0.5 0.5 0.5004995 [5] 0.5 0.5009965 0.498012 [6] 0.5 0.5 0.4985658 [7] 0.5 0.5000001 0.5000057 [8] 0.5 0.498504 0.4995 [9] 0.5 0.5 0.5005005 [10] 0.5 0.5 0.4995001 [11] 0.49606 0.5 0.5 [12] 0.5 0.5 0.5005 [13] 0.5 0.5000005 0.5000026 [14] 0.5 0.4990145 0.5 [15] 0.5 0.5 0.4985025 [16] 0.5 0.4970189 0.5 [17] 0.5 0.4955264 0.5 [18] 0.5 0.4891714 0.5 [19] 0.5 0.5 0.5 [20] 0.5 0.5 0.4999995 [21] 0.5 0.5 0.5000005 [22] 0.5 0.5 0.501497 [23] 0.5 0.5 0.5004995 [24] 0.5 0.5 0.4980035 [25] 0.5 0.4989986 0.4994995 [26] 0.5 0.5 0.5009965 [27] 0.5 0.5 0.4990025 
[3] [0] 0.4522266 0.5 0.5 [1] 0.5 0.4883267 0.5024863 [2] 0.5 0.4916987 0.4694313 [3] 0.5 0.4889419 0.5 [4] 0.5 0.5 0.4919454 [5] 0.5 0.4754628 0.4816524 [6] 0.5 0.5 0.4899157 [7] 0.5 0.4715346 0.4887514 [8] 0.5 0.4743156 0.4862992 [9] 0.5 0.5 0.4945782 [10] 0.5 0.5 0.4955623 [11] 0.4693372 0.5 0.5 [12] 0.5 0.5 0.4930646 [13] 0.5 0.491989 0.4703277 [14] 0.5 0.4809524 0.5 [15] 0.5 0.5 0.4936397 [16] 0.5 0.4759945 0.5 [17] 0.5 0.4703774 0.5 [18] 0.5 0.4487477 0.5 [19] 0.5 0.5 0.5073954 [20] 0.5 0.5 0.4934065 [21] 0.5 0.5 0.4877038 [22] 0.5 0.5 0.4936167 [23] 0.5 0.5 0.5016218 [24] 0.5 0.5 0.4848978 [25] 0.5 0.4602365 0.4759786 [26] 0.5 0.5 0.484293 [27] 0.5 0.5 0.494791 
[4] [0] 0.5 0.5 0.5 [1] 0.5 0.5 0.5 [2] 0.5 0.5 0.5 [3] 0.5 0.5 0.5 [4] 0.5 0.5 0.5 [5] 0.5 0.5 0.5 [6] 0.5 0.5 0.5 [7] 0.5 0.5 0.5 [8] 0.5 0.5 0.5 [9] 0.5 0.5 0.5 [10] 0.5 0.5 0.5 [11] 0.5 0.5 0.5 [12] 0.5 0.5 0.5 [13] 0.5 0.5 0.5 [14] 0.5 0.5 0.5 [15] 0.5 0.5 0.5 [16] 0.5 0.5 0.5 [17] 0.5 0.5 0.5 [18] 0.5 0.5 0.5 [19] 0.5 0.5 0.5 [20] 0.5 0.5 0.5 [21] 0.5 0.5 0.5 [22] 0.5 0.5 0.5 [23] 0.5 0.5 0.5 [24] 0.5 0.5 0.5 [25] 0.5 0.5 0.5 [26] 0.5 0.5 0.5 [27] 0.5 0.5 0.5 
[5] [0] 0.5 0.5 0.5 [1] 0.5 0.5 0.5 [2] 0.5 0.5 0.5 [3] 0.5 0.5 0.5 [4] 0.5 0.5 0.5 [5] 0.5 0.5 0.5 [6] 0.5 0.5 0.5 [7] 0.5 0.5 0.5 [8] 0.5 0.5 0.5 [9] 0.5 0.5 0.5 [10] 0.5 0.5 0.5 [11] 0.5 0.5 0.5 [12] 0.5 0.5 0.5 [13] 0.5 0.5 0.5 [14] 0.5 0.5 0.5 [15] 0.5 0.5 0.5 [16] 0.5 0.5 0.5 [17] 0.5 0.5 0.5 [18] 0.5 0.5 0.5 [19] 0.5 0.5 0.5 [20] 0.5 0.5 0.5 [21] 0.5 0.5 0.5 [22] 0.5 0.5 0.5 [23] 0.5 0.5 0.5 [24] 0.5 0.5 0.5 [25] 0.5 0.5 0.5 [26] 0.5 0.5 0.5 [27] 0.5 0.5 0.5 
[6] [0] 0.5 0.5 0.5 [1] 0.5 0.5 0.5 [2] 0.5 0.5 0.5 [3] 0.5 0.5 0.5 [4] 0.5 0.5 0.5 [5] 0.5 0.5 0.5 [6] 0.5 0.5 0.5 [7] 0.5 0.5 0.5 [8] 0.5 0.5 0.5 [9] 0.5 0.5 0.5 [10] 0.5 0.5 0.5 [11] 0.5 0.5 0.5 [12] 0.5 0.5 0.5 [13] 0.5 0.5 0.5 [14] 0.5 0.5 0.5 [15] 0.5 0.5 0.5 [16] 0.5 0.5 0.5 [17] 0.5 0.5 0.5 [18] 0.5 0.5 0.5 [19] 0.5 0.5 0.5 [20] 0.5 0.5 0.5 [21] 0.5 0.5 0.5 [22] 0.5 0.5 0.5 [23] 0.5 0.5 0.5 [24] 0.5 0.5 0.5 [25] 0.5 0.5 0.5 [26] 0.5 0.5 0.5 [27] 0.5 0.5 0.5 
[7] [0] 0.5 0.5 0.5 [1] 0.5 0.5 0.5 [2] 0.5 0.5 0.5 [3] 0.5 0.5 0.5 [4] 0.5 0.5 0.5 [5] 0.5 0.5 0.5 [6] 0.5 0.5 0.5 [7] 0.5 0.5 0.5 [8] 0.5 0.5 0.5 [9] 0.5 0.5 0.5 [10] 0.5 0.5 0.5 [11] 0.5 0.5 0.5 [12] 0.5 0.5 0.5 [13] 0.5 0.5 0.5 [14] 0.5 0.5 0.5 [15] 0.5 0.5 0.5 [16] 0.5 0.5 0.5 [17] 0.5 0.5 0.5 [18] 0.5 0.5 0.5 [19] 0.5 0.5 0.5 [20] 0.5 0.5 0.5 [21] 0.5 0.5 0.5 [22] 0.5 0.5 0.5 [23] 0.5 0.5 0.5 [24] 0.5 0.5 0.5 [25] 0.5 0.5 0.5 [26] 0.5 0.5 0.5 [27] 0.5 0.5 0.5 
[8] [0] 0.5 0.5 0.5 [1] 0.5 0.5 0.5 [2] 0.5 0.5 0.5 [3] 0.5 0.5 0.5 [4] 0.5 0.5 0.5 [5] 0.5 0.5 0.5 [6] 0.5 0.5 0.5 [7] 0.5 0.5 0.5 [8] 0.5 0.5 0.5 [9] 0.5 0.5 0.5 [10] 0.5 0.5 0.5 [11] 0.5 0.5 0.5 [12] 0.5 0.5 0.5 [13] 0.5 0.5 0.5 [14] 0.5 0.5 0.5 [15] 0.5 0.5 0.5 [16] 0.5 0.5 0.5 [17] 0.5 0.5 0.5 [18] 0.5 0.5 0.5 [19] 0.5 0.5 0.5 [20] 0.5 0.5 0.5 [21] 0.5 0.5 0.5 [22] 0.5 0.5 0.5 [23] 0.5 0.5 0.5 [24] 0.5 0.5 0.5 [25] 0.5 0.5 0.5 [26] 0.5 0.5 0.5 [27] 0.5 0.5 0.5 
